X,Y,Subtracted,Original 1,Original 2
2727,1743,2,2,0
1784,832,1,1,0
1787,832,4,4,0
1788,832,5,5,0
1798,832,1,5,4
1784,833,4,4,0
1790,833,1,3,2
1791,833,6,6,0
1793,833,1,4,3
1794,833,3,11,8
1785,834,4,4,0
1786,834,7,7,0
1787,834,5,6,1
1788,834,4,4,0
1789,834,2,2,0
1790,834,3,3,0
1791,834,2,4,2
1797,834,3,3,0
1798,834,2,10,8
1786,835,1,1,0
1789,835,2,2,0
1790,835,2,23,21
1798,835,5,7,2
1799,835,2,3,1
1784,836,2,2,0
1785,836,5,5,0
1789,836,16,28,12
1790,836,26,90,64
1791,836,16,140,124
1795,836,1,11,10
1799,836,4,4,0
1784,837,3,5,2
1785,837,10,10,0
1786,837,9,10,1
1787,837,1,2,1
1788,837,4,4,0
1789,837,32,35,3
1790,837,37,90,53
1791,837,26,134,108
1795,837,8,9,1
1796,837,4,7,3
1789,838,2,2,0
1790,838,1,13,12
1798,838,1,5,4
1784,839,5,5,0
1785,839,3,3,0
1786,839,2,3,1
1787,839,2,5,3
1788,839,5,7,2
1789,839,4,4,0
1794,839,6,8,2
1798,839,4,9,5
1785,840,1,1,0
1790,840,3,3,0
1791,840,7,7,0
1793,840,9,9,0
1794,840,7,7,0
1795,840,4,4,0
1796,840,6,6,0
1797,840,1,1,0
1799,840,2,2,0
1784,841,1,1,0
1787,841,3,4,1
1788,841,7,7,0
1792,841,2,2,0
1797,841,2,2,0
1798,841,2,2,0
1784,842,4,4,0
1787,842,5,5,0
1790,842,19,22,3
1795,842,5,5,0
1798,842,6,6,0
1784,843,1,1,0
1786,843,5,6,1
1787,843,3,3,0
1789,843,1,1,0
1790,843,72,82,10
1791,843,78,172,94
1795,843,10,10,0
1798,843,10,10,0
1786,844,3,3,0
1787,844,3,3,0
1789,844,11,12,1
1790,844,99,100,1
1791,844,120,194,74
1792,844,1,105,104
1798,844,12,12,0
1784,845,1,4,3
1790,845,32,32,0
1791,845,50,73,23
1792,845,44,46,2
1795,845,3,3,0
1796,845,1,1,0
1798,845,3,5,2
1784,846,5,7,2
1792,846,12,12,0
1795,846,4,4,0
1796,846,5,5,0
1787,847,6,6,0
1788,847,5,5,0
1790,847,4,6,2
1791,847,3,7,4
1793,847,3,3,0
1799,847,4,11,7
1785,848,6,6,0
1786,848,11,11,0
1787,848,4,4,0
1788,848,1,1,0
1789,848,6,6,0
1790,848,3,3,0
1792,848,1,1,0
1795,848,9,9,0
1784,849,3,3,0
1786,849,1,1,0
1790,849,26,26,0
1791,849,63,63,0
1792,849,29,38,9
1796,849,1,1,0
1784,850,4,4,0
1787,850,5,5,0
1790,850,53,53,0
1791,850,127,127,0
1784,851,2,2,0
1787,851,11,11,0
1788,851,1,1,0
1790,851,35,35,0
1791,851,93,93,0
1792,851,29,81,52
1796,851,2,2,0
1799,851,1,3,2
1784,852,4,4,0
1785,852,1,1,0
1786,852,1,1,0
1787,852,2,2,0
1791,852,7,7,0
1792,852,17,17,0
1797,852,3,3,0
1798,852,4,5,1
1799,852,4,8,4
1785,853,3,3,0
1789,853,4,4,0
1799,853,1,1,0
1789,854,11,11,0
1790,854,13,13,0
1791,854,6,6,0
1792,854,3,3,0
1793,854,6,6,0
1794,854,8,8,0
1785,855,2,2,0
1786,855,5,5,0
1787,855,1,1,0
1791,855,3,3,0
1793,855,3,3,0
1797,855,2,2,0
1798,855,4,4,0
1799,855,4,4,0
1784,856,2,2,0
1787,856,8,8,0
1788,856,1,1,0
1790,856,8,8,0
1791,856,74,74,0
1792,856,59,66,7
1796,856,4,4,0
1799,856,7,7,0
1784,857,1,1,0
1788,857,3,3,0
1789,857,7,7,0
1790,857,54,54,0
1791,857,125,125,0
1792,857,147,167,20
1797,857,6,6,0
1785,858,3,3,0
1786,858,3,3,0
1787,858,2,2,0
1788,858,3,3,0
1789,858,2,2,0
1790,858,27,27,0
1791,858,72,72,0
1792,858,84,97,13
1785,859,6,6,0
1786,859,4,4,0
1795,859,4,4,0
1796,859,2,2,0
1799,859,6,6,0
1785,860,5,5,0
1788,860,1,1,0
1789,860,3,3,0
1791,860,3,3,0
1792,860,12,12,0
1795,860,2,3,1
1796,860,10,10,0
1797,860,2,7,5
1785,861,3,3,0
1788,861,7,7,0
1789,861,1,1,0
1795,861,1,1,0
1796,861,1,1,0
1799,861,1,1,0
1785,862,2,2,0
1786,862,3,3,0
1787,862,6,6,0
1788,862,7,7,0
1791,862,10,10,0
1793,862,3,3,0
1794,862,4,4,0
1799,862,7,9,2
1785,863,1,1,0
1788,863,1,1,0
1789,863,4,4,0
1790,863,37,37,0
1791,863,91,91,0
1792,863,107,107,0
1793,863,43,66,23
1797,863,3,13,10
1798,863,4,4,0
1785,864,11,11,0
1788,864,9,9,0
1789,864,1,1,0
1790,864,33,33,0
1791,864,117,117,0
1792,864,98,101,3
1793,864,90,124,34
1784,865,6,6,0
1785,865,8,8,0
1788,865,1,1,0
1789,865,9,9,0
1790,865,47,47,0
1791,865,113,113,0
1792,865,142,143,1
1793,865,88,122,34
1797,865,3,3,0
1799,865,10,12,2
1786,866,5,5,0
1787,866,11,11,0
1788,866,7,7,0
1792,866,47,47,0
1793,866,17,17,0
1797,866,12,12,0
1799,866,21,21,0
1784,867,7,7,0
1789,867,3,3,0
1790,867,8,8,0
1794,867,4,4,0
1796,867,12,12,0
1784,868,9,9,0
1789,868,4,4,0
1790,868,10,10,0
1791,868,4,4,0
1793,868,15,15,0
1798,868,6,7,1
1786,869,4,4,0
1787,869,7,7,0
1788,869,3,3,0
1793,869,11,11,0
1798,869,20,20,0
1784,870,5,5,0
1785,870,8,8,0
1790,870,34,34,0
1791,870,97,97,0
1792,870,107,112,5
1793,870,64,74,10
1794,870,29,31,2
1785,871,8,8,0
1786,871,1,1,0
1788,871,6,6,0
1790,871,6,6,0
1791,871,82,82,0
1792,871,233,233,0
1793,871,121,121,0
1799,871,16,16,0
1786,872,2,2,0
1787,872,4,4,0
1788,872,7,7,0
1789,872,2,2,0
1790,872,4,4,0
1791,872,56,56,0
1792,872,94,94,0
1793,872,87,99,12
1799,872,3,8,5
1784,873,2,2,0
1785,873,3,3,0
1786,873,6,6,0
1789,873,1,1,0
1791,873,19,19,0
1793,873,7,7,0
1797,873,6,13,7
1799,873,4,6,2
1785,874,7,7,0
1786,874,11,11,0
1789,874,14,14,0
1793,874,12,12,0
1795,874,10,10,0
1797,874,5,6,1
1785,875,2,2,0
1786,875,13,13,0
1788,875,1,1,0
1789,875,12,12,0
1786,876,7,7,0
1791,876,26,26,0
1793,876,1,1,0
1794,876,12,12,0
1798,876,3,10,7
1784,877,10,10,0
1787,877,1,1,0
1790,877,13,13,0
1791,877,87,87,0
1792,877,93,95,2
1793,877,100,100,0
1794,877,81,81,0
1784,878,6,6,0
1787,878,4,4,0
1788,878,5,5,0
1789,878,1,1,0
1790,878,25,25,0
1791,878,104,104,0
1792,878,100,117,17
1793,878,135,135,0
1794,878,95,95,0
1784,879,1,1,0
1786,879,5,5,0
1787,879,5,5,0
1788,879,1,1,0
1791,879,63,63,0
1792,879,89,91,2
1793,879,134,134,0
1794,879,75,102,27
1784,880,1,1,0
1785,880,2,2,0
1786,880,2,2,0
1791,880,3,3,0
1792,880,1,5,4
1793,880,38,38,0
1795,880,12,15,3
1798,880,1,1,0
1799,880,8,8,0
1803,880,1,1,0
1804,880,1,1,0
1805,880,1,1,0
1806,880,1,1,0
1807,880,1,1,0
1787,881,1,1,0
1791,881,1,1,0
1792,881,1,1,0
1793,881,6,11,5
1795,881,2,2,0
1796,881,1,1,0
1798,881,1,1,0
1803,881,1,1,0
1804,881,1,1,0
1805,881,1,1,0
1806,881,1,1,0
1807,881,1,1,0
1786,882,1,1,0
1787,882,2,2,0
1791,882,1,1,0
1792,882,1,1,0
1794,882,1,1,0
1796,882,17,17,0
1797,882,12,12,0
1798,882,1,1,0
1799,882,9,9,0
1803,882,1,1,0
1804,882,1,1,0
1805,882,1,1,0
1806,882,1,1,0
1807,882,1,1,0
1785,883,1,1,0
1786,883,3,3,0
1787,883,2,2,0
1791,883,1,1,0
1793,883,5,5,0
1794,883,6,6,0
1796,883,1,4,3
1797,883,1,1,0
1803,883,1,1,0
1804,883,1,1,0
1805,883,1,1,0
1806,883,1,1,0
1807,883,1,1,0
1784,884,3,3,0
1785,884,3,3,0
1786,884,2,2,0
1790,884,3,3,0
1791,884,7,7,0
1792,884,104,106,2
1793,884,114,114,0
1794,884,92,92,0
1795,884,4,7,3
1803,884,1,1,0
1804,884,1,1,0
1805,884,1,1,0
1806,884,1,1,0
1807,884,1,1,0
1789,885,3,3,0
1790,885,11,11,0
1791,885,17,17,0
1792,885,170,170,0
1793,885,172,176,4
1794,885,128,128,0
1795,885,9,9,0
1803,885,1,1,0
1804,885,1,1,0
1805,885,1,1,0
1806,885,1,1,0
1807,885,1,1,0
1789,886,1,1,0
1790,886,8,8,0
1791,886,13,13,0
1792,886,125,125,0
1793,886,135,137,2
1794,886,101,101,0
1795,886,17,17,0
1803,886,1,1,0
1804,886,1,1,0
1805,886,1,1,0
1806,886,1,1,0
1807,886,1,1,0
1784,887,1,1,0
1785,887,2,2,0
1786,887,2,2,0
1791,887,1,1,0
1792,887,1,1,0
1793,887,10,14,4
1794,887,8,8,0
1795,887,1,1,0
1798,887,1,1,0
1803,887,1,1,0
1804,887,1,1,0
1805,887,1,1,0
1806,887,1,1,0
1807,887,1,1,0
1784,888,2,2,0
1789,888,2,2,0
1790,888,9,9,0
1793,888,3,3,0
1796,888,7,7,0
1797,888,2,6,4
1788,889,3,3,0
1792,889,3,3,0
1793,889,5,5,0
1798,889,2,2,0
1785,890,4,4,0
1788,890,11,11,0
1791,890,13,13,0
1792,890,35,51,16
1793,890,49,49,0
1794,890,35,35,0
1795,890,38,38,0
1785,891,11,11,0
1788,891,10,10,0
1790,891,5,5,0
1791,891,62,62,0
1792,891,96,96,0
1793,891,103,103,0
1794,891,94,97,3
1795,891,88,104,16
1785,892,11,11,0
1788,892,5,5,0
1790,892,13,13,0
1791,892,82,82,0
1792,892,77,77,0
1793,892,94,94,0
1794,892,95,96,1
1795,892,101,101,0
1785,893,6,6,0
1786,893,4,4,0
1788,893,2,2,0
1790,893,6,6,0
1791,893,52,52,0
1792,893,92,92,0
1793,893,106,106,0
1794,893,99,101,2
1795,893,93,93,0
1785,894,2,2,0
1786,894,4,4,0
1787,894,1,1,0
1791,894,10,10,0
1792,894,26,37,11
1793,894,39,43,4
1794,894,26,33,7
1795,894,18,18,0
1784,895,8,8,0
1785,895,2,2,0
1790,895,3,3,0
1793,895,3,3,0
1796,895,5,5,0
1797,895,9,9,0
1798,895,7,7,0
1792,896,1,4,3
1793,896,5,7,2
1794,896,8,8,0
1799,896,2,2,0
1792,897,2,3,1
1796,897,7,7,0
1797,897,7,7,0
1792,898,55,55,0
1793,898,92,96,4
1794,898,87,96,9
1795,898,83,83,0
1796,898,6,6,0
1792,899,97,97,0
1793,899,197,198,1
1794,899,193,198,5
1795,899,129,129,0
1792,900,54,59,5
1793,900,129,129,0
1794,900,105,111,6
1795,900,55,70,15
1792,901,5,5,0
1793,901,16,16,0
1797,901,15,15,0
1795,902,4,4,0
1799,902,6,6,0
1792,903,2,4,2
1793,903,1,1,0
1797,903,6,6,0
1798,903,3,3,0
1792,904,3,3,0
1798,904,7,9,2
1799,904,6,6,0
1792,905,80,87,7
1793,905,111,112,1
1794,905,105,105,0
1795,905,80,81,1
1796,905,2,2,0
1797,905,1,1,0
1792,906,78,86,8
1793,906,144,144,0
1794,906,139,139,0
1795,906,108,115,7
1797,906,5,11,6
1792,907,86,86,0
1793,907,126,126,0
1794,907,123,123,0
1795,907,93,103,10
1796,907,6,6,0
1797,907,6,6,0
1795,908,8,10,2
1792,909,29,31,2
1795,909,7,7,0
1796,909,9,9,0
1792,910,1,1,0
1795,910,4,4,0
1793,911,13,13,0
1795,911,20,21,1
1797,911,15,15,0
1792,912,10,10,0
1793,912,81,86,5
1794,912,96,96,0
1795,912,73,76,3
1797,912,12,12,0
1792,913,45,45,0
1793,913,158,161,3
1794,913,218,218,0
1795,913,99,99,0
1796,913,4,16,12
1792,914,17,17,0
1793,914,98,104,6
1794,914,102,102,0
1795,914,97,97,0
1797,914,18,18,0
1795,915,5,5,0
1796,915,9,9,0
1797,915,1,1,0
1792,916,6,6,0
1793,916,8,9,1
1797,916,1,3,2
1798,916,3,3,0
1793,917,13,13,0
1795,917,22,22,0
1797,917,10,11,1
1799,917,16,16,0
1794,918,13,13,0
1795,918,3,3,0
1796,918,13,13,0
1799,918,6,6,0
1792,919,9,14,5
1793,919,103,103,0
1794,919,103,105,2
1795,919,53,65,12
1797,919,26,26,0
1798,919,2,6,4
1792,920,12,14,2
1793,920,80,80,0
1794,920,111,111,0
1795,920,140,140,0
1796,920,66,66,0
1797,920,5,7,2
1792,921,16,18,2
1793,921,90,90,0
1794,921,161,161,0
1795,921,121,121,0
1796,921,78,78,0
1798,921,8,13,5
1799,921,1,8,7
1793,922,51,51,0
1794,922,56,56,0
1795,922,41,41,0
1796,922,1,1,0
1793,923,19,19,0
1797,923,16,17,1
1798,923,8,10,2
1794,924,12,12,0
1796,924,22,22,0
1798,924,19,20,1
1793,925,3,3,0
1798,925,2,2,0
1792,926,11,11,0
1793,926,62,62,0
1794,926,44,44,0
1795,926,60,60,0
1796,926,2,2,0
1797,926,14,14,0
1798,926,4,4,0
1799,926,5,5,0
1793,927,109,109,0
1794,927,181,181,0
1795,927,131,131,0
1796,927,61,61,0
1798,927,7,7,0
1793,928,26,26,0
1794,928,77,77,0
1795,928,85,85,0
1796,928,38,38,0
1797,928,1,1,0
1799,928,6,6,0
1792,929,6,6,0
1795,929,10,10,0
1796,929,4,4,0
1797,929,2,2,0
1798,929,5,5,0
1792,930,11,11,0
1795,930,4,4,0
1798,930,5,5,0
1799,930,1,1,0
1792,931,6,6,0
1794,931,6,6,0
1795,931,13,13,0
1798,931,3,3,0
1799,931,2,2,0
1792,932,3,3,0
1798,932,2,2,0
1793,933,19,19,0
1794,933,58,58,0
1795,933,68,68,0
1796,933,32,32,0
1797,933,3,3,0
1792,934,2,2,0
1793,934,62,62,0
1794,934,138,138,0
1795,934,144,144,0
1796,934,70,70,0
1797,934,6,6,0
1799,934,4,4,0
1792,935,16,16,0
1793,935,61,61,0
1794,935,122,122,0
1795,935,129,129,0
1796,935,67,67,0
1797,935,12,12,0
1793,936,12,12,0
1794,936,61,61,0
1795,936,40,40,0
1796,936,6,6,0
1797,936,9,9,0
1792,937,5,5,0
1794,937,15,15,0
1795,937,1,1,0
1797,937,14,14,0
1798,937,2,2,0
1794,938,9,9,0
1795,938,2,2,0
1797,938,2,2,0
1794,939,11,11,0
1795,939,10,10,0
1799,939,4,4,0
1792,940,11,11,0
1793,940,13,13,0
1794,940,29,29,0
1795,940,41,41,0
1796,940,19,19,0
1798,940,5,5,0
1799,940,4,4,0
1792,941,1,1,0
1793,941,56,56,0
1794,941,115,115,0
1795,941,137,137,0
1796,941,70,70,0
1799,941,3,3,0
1793,942,53,53,0
1794,942,116,116,0
1795,942,148,148,0
1796,942,77,77,0
1799,942,2,2,0
1795,943,38,38,0
1796,943,31,31,0
1798,943,11,11,0
1792,944,1,1,0
1793,944,3,3,0
1794,944,1,1,0
1797,944,6,6,0
1798,944,3,3,0
1792,945,6,6,0
1797,945,1,1,0
1798,945,3,3,0
1799,945,4,4,0
1792,946,1,1,0
1795,946,8,8,0
1796,946,6,6,0
1799,946,5,5,0
1793,947,11,11,0
1794,947,41,41,0
1795,947,64,64,0
1796,947,48,48,0
1797,947,10,10,0
1799,947,3,3,0
1793,948,38,38,0
1794,948,95,95,0
1795,948,127,127,0
1796,948,99,99,0
1797,948,38,38,0
1798,948,4,4,0
1799,948,4,4,0
1793,949,40,40,0
1794,949,99,99,0
1795,949,126,126,0
1796,949,97,97,0
1797,949,40,40,0
1798,949,5,5,0
1793,950,19,19,0
1794,950,49,49,0
1795,950,58,58,0
1796,950,42,42,0
1797,950,16,16,0
1793,951,4,4,0
1794,951,4,4,0
1798,951,1,1,0
1792,952,2,2,0
1793,952,11,11,0
1797,952,4,4,0
1799,952,5,5,0
1794,953,8,8,0
1796,953,9,9,0
1798,953,8,8,0
1793,954,1,1,0
1794,954,2,2,0
1795,954,43,43,0
1797,954,15,15,0
1798,954,1,1,0
1799,954,3,3,0
1792,955,15,15,0
1794,955,74,74,0
1795,955,91,91,0
1796,955,85,85,0
1797,955,5,5,0
1798,955,18,18,0
1793,956,8,8,0
1794,956,70,70,0
1795,956,180,180,0
1796,956,94,94,0
1797,956,41,41,0
1792,957,4,4,0
1794,957,55,55,0
1795,957,83,83,0
1796,957,74,74,0
1799,957,5,5,0
1792,958,2,2,0
1795,958,18,18,0
1799,958,16,16,0
1793,959,7,7,0
1794,959,7,7,0
1796,959,4,4,0
1797,959,5,5,0
1798,959,3,3,0
1793,960,3,3,0
1794,960,4,4,0
1797,960,4,4,0
1798,960,3,3,0
1792,961,6,6,0
1795,961,9,9,0
1796,961,9,9,0
1799,961,6,6,0
1792,962,2,2,0
1794,962,35,35,0
1795,962,89,89,0
1796,962,89,89,0
1797,962,35,35,0
1799,962,2,2,0
1793,963,8,8,0
1794,963,67,67,0
1795,963,136,136,0
1796,963,136,136,0
1797,963,67,67,0
1798,963,8,8,0
1793,964,7,7,0
1794,964,37,37,0
1795,964,68,68,0
1796,964,68,68,0
1797,964,37,37,0
1798,964,7,7,0
1792,965,1,1,0
1793,965,4,4,0
1794,965,4,4,0
1795,965,1,1,0
1796,965,1,1,0
1797,965,4,4,0
1798,965,4,4,0
1799,965,1,1,0
1793,966,1,1,0
1794,966,1,1,0
1797,966,1,1,0
1798,966,1,1,0
1795,967,3,3,0
1796,967,3,3,0
1792,968,1,1,0
1794,968,17,17,0
1797,968,5,5,0
1798,968,6,6,0
1799,968,5,5,0
1794,969,58,58,0
1795,969,85,85,0
1796,969,71,71,0
1797,969,46,46,0
1798,969,7,7,0
1793,970,3,3,0
1794,970,83,83,0
1795,970,142,142,0
1796,970,130,130,0
1797,970,73,73,0
1798,970,12,12,0
1792,971,8,8,0
1794,971,56,56,0
1795,971,98,98,0
1796,971,87,87,0
1797,971,48,48,0
1798,971,8,8,0
1799,971,7,7,0
1792,972,4,4,0
1794,972,14,14,0
1795,972,19,19,0
1796,972,9,9,0
1797,972,10,10,0
1799,972,1,1,0
1792,973,1,1,0
1794,973,8,8,0
1797,973,6,6,0
1798,973,2,2,0
1792,974,5,5,0
1794,974,13,13,0
1795,974,2,2,0
1797,974,13,13,0
1798,974,6,6,0
1792,975,6,6,0
1794,975,5,5,0
1797,975,6,6,0
1792,976,2,2,0
1795,976,67,67,0
1796,976,67,67,0
1797,976,39,39,0
1799,976,5,5,0
1792,977,10,10,0
1793,977,7,7,0
1794,977,99,99,0
1795,977,160,160,0
1796,977,202,202,0
1797,977,91,91,0
1798,977,39,39,0
1799,977,5,5,0
1794,978,29,29,0
1795,978,133,133,0
1796,978,104,104,0
1797,978,65,65,0
1792,979,18,18,0
1793,979,2,2,0
1794,979,21,21,0
1795,979,32,32,0
1796,979,45,45,0
1797,979,8,8,0
1798,979,10,10,0
1799,979,19,19,0
1794,980,9,9,0
1796,980,7,7,0
1793,981,15,15,0
1795,981,16,16,0
1797,981,17,17,0
1799,981,5,5,0
1792,982,8,8,0
1794,982,9,9,0
1796,982,23,23,0
1798,982,6,6,0
1799,982,1,1,0
1794,983,17,17,0
1795,983,80,80,0
1796,983,70,70,0
1797,983,36,36,0
1792,984,5,5,0
1794,984,14,14,0
1795,984,88,88,0
1796,984,91,91,0
1797,984,68,68,0
1798,984,10,10,0
1794,985,72,72,0
1795,985,115,115,0
1796,985,168,168,0
1797,985,90,90,0
1798,985,41,41,0
1792,986,4,4,0
1794,986,6,6,0
1795,986,42,42,0
1796,986,53,53,0
1797,986,45,45,0
1798,986,17,17,0
1799,986,6,6,0
1793,987,3,3,0
1795,987,11,11,0
1797,987,9,9,0
1792,988,7,7,0
1794,988,17,17,0
1796,988,14,14,0
1798,988,2,2,0
1792,989,8,8,0
1796,989,1,1,0
1799,989,13,13,0
1793,990,1,1,0
1794,990,5,5,0
1795,990,77,77,0
1796,990,57,57,0
1797,990,52,52,0
1792,991,13,13,0
1794,991,37,37,0
1795,991,83,83,0
1796,991,122,122,0
1797,991,63,63,0
1798,991,23,23,0
1794,992,33,33,0
1795,992,91,91,0
1796,992,109,109,0
1797,992,82,82,0
1798,992,30,30,0
1799,992,1,1,0
1792,993,3,3,0
1793,993,23,23,0
1795,993,84,84,0
1796,993,38,38,0
1797,993,82,82,0
1798,993,6,6,0
1799,993,10,10,0
1792,994,2,2,0
1794,994,1,1,0
1796,994,21,21,0
1798,994,7,7,0
1792,995,3,3,0
1794,995,6,6,0
1796,995,3,3,0
1798,995,7,7,0
1799,995,3,3,0
1793,996,4,4,0
1794,996,4,4,0
1795,996,4,4,0
1799,996,6,6,0
1795,997,8,8,0
1796,997,13,13,0
1792,998,8,8,0
1793,998,7,7,0
1795,998,79,79,0
1796,998,62,62,0
1797,998,73,73,0
1798,998,8,8,0
1799,998,8,8,0
1792,999,6,6,0
1794,999,40,40,0
1795,999,56,56,0
1796,999,167,167,0
1797,999,67,67,0
1798,999,52,52,0
1793,1000,1,1,0
1794,1000,4,4,0
1795,1000,76,76,0
1796,1000,43,43,0
1797,1000,91,91,0
1792,1001,12,12,0
1795,1001,8,8,0
1797,1001,21,21,0
1799,1001,7,7,0
1792,1002,5,5,0
1794,1002,12,12,0
1799,1002,13,13,0
1794,1003,19,19,0
1796,1003,15,15,0
1792,1004,7,7,0
1796,1004,13,13,0
1798,1004,1,1,0
1792,1005,2,2,0
1795,1005,34,34,0
1796,1005,61,61,0
1797,1005,54,54,0
1798,1005,37,37,0
1799,1005,6,6,0
1794,1006,9,9,0
1795,1006,73,73,0
1796,1006,124,124,0
1797,1006,103,103,0
1798,1006,72,72,0
1799,1006,12,12,0
1792,1007,3,3,0
1793,1007,2,2,0
1794,1007,14,14,0
1795,1007,66,66,0
1796,1007,133,133,0
1797,1007,94,94,0
1798,1007,70,70,0
1792,1008,3,3,0
1793,1008,8,8,0
1795,1008,3,3,0
1796,1008,36,36,0
1797,1008,48,48,0
1798,1008,21,21,0
1793,1009,3,3,0
1796,1009,6,6,0
1797,1009,4,4,0
1793,1010,12,12,0
1794,1010,11,11,0
1795,1010,6,6,0
1796,1010,4,4,0
1799,1010,18,18,0
1795,1011,3,3,0
1796,1011,12,12,0
1799,1011,5,5,0
1792,1012,6,6,0
1795,1012,30,30,0
1796,1012,67,67,0
1797,1012,51,51,0
1798,1012,8,8,0
1792,1013,6,6,0
1793,1013,2,2,0
1794,1013,12,12,0
1795,1013,66,66,0
1796,1013,128,128,0
1797,1013,122,122,0
1798,1013,59,59,0
1799,1013,11,11,0
1795,1014,36,36,0
1796,1014,94,94,0
1797,1014,102,102,0
1798,1014,54,54,0
1799,1014,11,11,0
1792,1015,6,6,0
1793,1015,9,9,0
1796,1015,35,35,0
1797,1015,47,47,0
1798,1015,21,21,0
1792,1016,1,1,0
1796,1016,9,9,0
1799,1016,11,11,0
1793,1017,5,5,0
1796,1017,8,8,0
1799,1017,4,4,0
1793,1018,7,7,0
1796,1018,9,9,0
1797,1018,11,11,0
1793,1019,2,2,0
1796,1019,34,34,0
1797,1019,48,48,0
1798,1019,23,23,0
1795,1020,25,25,0
1796,1020,85,85,0
1797,1020,100,100,0
1798,1020,50,50,0
1794,1021,7,7,0
1795,1021,50,50,0
1796,1021,111,111,0
1797,1021,114,114,0
1798,1021,53,53,0
1794,1022,4,4,0
1795,1022,35,35,0
1796,1022,73,73,0
1797,1022,64,64,0
1798,1022,23,23,0
1792,1023,4,4,0
1796,1023,12,12,0
1793,1024,7,7,0
1794,1024,10,10,0
1796,1024,5,5,0
1797,1024,2,2,0
1798,1024,1,1,0
1799,1024,5,5,0
1797,1025,6,6,0
1798,1025,5,5,0
1799,1025,3,3,0
1792,1026,4,4,0
1795,1026,19,19,0
1797,1026,28,28,0
1798,1026,10,10,0
1792,1027,8,8,0
1795,1027,65,65,0
1796,1027,42,42,0
1797,1027,86,86,0
1798,1027,41,41,0
1792,1028,3,3,0
1795,1028,83,83,0
1796,1028,77,77,0
1797,1028,126,126,0
1798,1028,75,75,0
1799,1028,13,13,0
1792,1029,4,4,0
1795,1029,48,48,0
1796,1029,49,49,0
1797,1029,87,87,0
1798,1029,50,50,0
1799,1029,5,5,0
1792,1030,3,3,0
1793,1030,2,2,0
1795,1030,6,6,0
1796,1030,6,6,0
1797,1030,20,20,0
1798,1030,7,7,0
1793,1031,7,7,0
1794,1031,6,6,0
1799,1031,9,9,0
1793,1032,1,1,0
1797,1032,3,3,0
1798,1032,1,1,0
1795,1033,9,9,0
1796,1033,14,14,0
1797,1033,4,4,0
1792,1034,11,11,0
1795,1034,43,43,0
1796,1034,71,71,0
1797,1034,55,55,0
1798,1034,23,23,0
1799,1034,6,6,0
1792,1035,14,14,0
1795,1035,58,58,0
1796,1035,116,116,0
1797,1035,114,114,0
1798,1035,60,60,0
1799,1035,9,9,0
1795,1036,33,33,0
1796,1036,81,81,0
1797,1036,97,97,0
1798,1036,55,55,0
1793,1037,7,7,0
1794,1037,9,9,0
1795,1037,2,2,0
1796,1037,12,12,0
1797,1037,30,30,0
1798,1037,22,22,0
1793,1038,9,9,0
1794,1038,9,9,0
1798,1038,2,2,0
1792,1039,5,5,0
1796,1039,6,6,0
1797,1039,3,3,0
1793,1040,3,3,0
1794,1040,3,3,0
1796,1040,3,3,0
1797,1040,9,9,0
1798,1040,6,6,0
1792,1041,2,2,0
1795,1041,10,10,0
1796,1041,60,60,0
1797,1041,90,90,0
1798,1041,52,52,0
1792,1042,4,4,0
1793,1042,1,1,0
1795,1042,34,34,0
1796,1042,111,111,0
1797,1042,152,152,0
1798,1042,89,89,0
1793,1043,5,5,0
1794,1043,14,14,0
1795,1043,43,43,0
1796,1043,95,95,0
1797,1043,118,118,0
1798,1043,70,70,0
1799,1043,1,1,0
1794,1044,5,5,0
1795,1044,23,23,0
1796,1044,40,40,0
1797,1044,39,39,0
1798,1044,20,20,0
1799,1044,1,1,0
1792,1045,8,8,0
1795,1045,2,2,0
1796,1045,7,7,0
1797,1045,2,2,0
1792,1046,5,5,0
1793,1046,3,3,0
1797,1046,2,2,0
1798,1046,2,2,0
1793,1047,5,5,0
1794,1047,12,12,0
1797,1047,1,1,0
1798,1047,3,3,0
1792,1048,7,7,0
1796,1048,18,18,0
1797,1048,30,30,0
1798,1048,17,17,0
1793,1049,1,1,0
1794,1049,5,5,0
1795,1049,19,19,0
1796,1049,55,55,0
1797,1049,79,79,0
1798,1049,50,50,0
1793,1050,3,3,0
1794,1050,10,10,0
1795,1050,24,24,0
1796,1050,69,69,0
1797,1050,103,103,0
1798,1050,67,67,0
1799,1050,1,1,0
1793,1051,2,2,0
1795,1051,5,5,0
1796,1051,36,36,0
1797,1051,63,63,0
1798,1051,43,43,0
1792,1052,5,5,0
1796,1052,1,1,0
1797,1052,7,7,0
1798,1052,6,6,0
1799,1052,2,2,0
1792,1053,3,3,0
1795,1053,1,1,0
1799,1053,3,3,0
1794,1054,1,1,0
1795,1054,4,4,0
1796,1054,8,8,0
1797,1054,8,8,0
1798,1054,3,3,0
1793,1055,3,3,0
1796,1055,10,10,0
1797,1055,28,28,0
1798,1055,16,16,0
1792,1056,3,3,0
1794,1056,5,5,0
1796,1056,56,56,0
1797,1056,73,73,0
1798,1056,62,62,0
1799,1056,7,7,0
1794,1057,13,13,0
1795,1057,34,34,0
1796,1057,86,86,0
1797,1057,103,103,0
1798,1057,76,76,0
1799,1057,23,23,0
1792,1058,3,3,0
1795,1058,20,20,0
1796,1058,45,45,0
1797,1058,68,68,0
1798,1058,44,44,0
1799,1058,17,17,0
1792,1059,3,3,0
1793,1059,2,2,0
1795,1059,2,2,0
1797,1059,14,14,0
1798,1059,1,1,0
1799,1059,6,6,0
1793,1060,6,6,0
1794,1060,2,2,0
1795,1060,17,17,0
1797,1060,1,1,0
1799,1060,5,5,0
1793,1061,4,4,0
1792,1062,4,4,0
1796,1062,15,15,0
1797,1062,32,32,0
1798,1062,25,25,0
1794,1063,10,10,0
1795,1063,21,21,0
1796,1063,95,95,0
1797,1063,111,111,0
1798,1063,83,83,0
1799,1063,10,10,0
1792,1064,7,7,0
1794,1064,1,1,0
1795,1064,33,33,0
1796,1064,93,93,0
1797,1064,218,218,0
1798,1064,127,127,0
1799,1064,70,70,0
1792,1065,8,8,0
1794,1065,35,35,0
1796,1065,111,111,0
1797,1065,132,132,0
1798,1065,121,121,0
1799,1065,47,47,0
1795,1066,14,14,0
1796,1066,9,9,0
1797,1066,91,91,0
1798,1066,24,24,0
1799,1066,15,15,0
1792,1067,5,5,0
1794,1067,2,2,0
1797,1067,20,20,0
1792,1068,1,1,0
1794,1068,23,23,0
1796,1068,14,14,0
1798,1068,9,9,0
1799,1068,2,2,0
1793,1069,5,5,0
1795,1069,12,12,0
1797,1069,13,13,0
1799,1069,3,3,0
1793,1070,4,4,0
1795,1070,2,2,0
1796,1070,12,12,0
1797,1070,14,14,0
1798,1070,11,11,0
1793,1071,6,6,0
1794,1071,2,2,0
1795,1071,10,10,0
1796,1071,35,35,0
1797,1071,42,42,0
1798,1071,38,38,0
1799,1071,4,4,0
1792,1072,1,1,0
1795,1072,3,3,0
1796,1072,47,47,0
1797,1072,82,82,0
1798,1072,57,57,0
1799,1072,6,6,0
1792,1073,3,3,0
1793,1073,3,3,0
1796,1073,19,19,0
1797,1073,40,40,0
1798,1073,25,25,0
1792,1074,2,2,0
1793,1074,4,4,0
1794,1074,1,1,0
1797,1074,2,2,0
1798,1074,1,1,0
1793,1075,2,2,0
1794,1075,3,3,0
1799,1075,8,8,0
1794,1076,1,1,0
1795,1076,2,2,0
1796,1076,2,2,0
1797,1076,1,1,0
1798,1076,2,2,0
1799,1076,3,3,0
1796,1077,9,9,0
1797,1077,16,16,0
1798,1077,6,6,0
1793,1078,2,2,0
1794,1078,1,1,0
1795,1078,3,3,0
1796,1078,23,23,0
1797,1078,44,44,0
1798,1078,33,33,0
1799,1078,5,5,0
1793,1079,4,4,0
1794,1079,6,6,0
1795,1079,10,10,0
1796,1079,39,39,0
1797,1079,73,73,0
1798,1079,67,67,0
1799,1079,36,36,0
1792,1080,1,1,0
1796,1080,28,28,0
1797,1080,51,51,0
1798,1080,35,35,0
1799,1080,1,1,0
1793,1081,4,4,0
1794,1081,11,11,0
1795,1081,2,2,0
1798,1081,2,2,0
1799,1081,1,1,0
1793,1082,3,3,0
1794,1082,3,3,0
1798,1082,1,1,0
1799,1082,3,3,0
1792,1083,6,6,0
1796,1083,4,4,0
1797,1083,6,6,0
1798,1083,3,3,0
1799,1083,1,1,0
1794,1084,7,7,0
1795,1084,5,5,0
1793,1085,3,3,0
1794,1085,3,3,0
1795,1085,8,8,0
1796,1085,25,25,0
1797,1085,39,39,0
1798,1085,27,27,0
1799,1085,5,5,0
1792,1086,7,7,0
1793,1086,3,3,0
1795,1086,2,2,0
1796,1086,46,46,0
1797,1086,83,83,0
1798,1086,61,61,0
1799,1086,13,13,0
1793,1087,3,3,0
1794,1087,4,4,0
1796,1087,19,19,0
1797,1087,54,54,0
1798,1087,46,46,0
1799,1087,9,9,0
1796,1088,11,11,0
1797,1088,17,17,0
1798,1088,10,10,0
1793,1089,3,3,0
1794,1089,3,3,0
1796,1089,1,1,0
1797,1089,4,4,0
1793,1090,4,4,0
1794,1090,7,7,0
1795,1090,1,1,0
1797,1090,2,2,0
1798,1090,3,3,0
1793,1091,4,4,0
1794,1091,4,4,0
1797,1091,7,7,0
1798,1091,7,7,0
1792,1092,4,4,0
1793,1092,5,5,0
1796,1092,11,11,0
1797,1092,27,27,0
1798,1092,19,19,0
1795,1093,5,5,0
1796,1093,38,38,0
1797,1093,67,67,0
1798,1093,57,57,0
1799,1093,27,27,0
1795,1094,8,8,0
1796,1094,46,46,0
1797,1094,78,78,0
1798,1094,66,66,0
1799,1094,32,32,0
1792,1095,1,1,0
1793,1095,3,3,0
1796,1095,26,26,0
1797,1095,50,50,0
1798,1095,30,30,0
1792,1096,6,6,0
1793,1096,1,1,0
1794,1096,2,2,0
1795,1096,6,6,0
1796,1096,2,2,0
1799,1096,6,6,0
1793,1097,1,1,0
1794,1097,3,3,0
1795,1097,2,2,0
1799,1097,1,1,0
1793,1098,3,3,0
1794,1098,3,3,0
1797,1098,8,8,0
1798,1098,5,5,0
1793,1099,4,4,0
1796,1099,11,11,0
1797,1099,34,34,0
1798,1099,25,25,0
1793,1100,4,4,0
1796,1100,30,30,0
1797,1100,66,66,0
1798,1100,54,54,0
1799,1100,15,15,0
1792,1101,1,1,0
1793,1101,3,3,0
1795,1101,2,2,0
1796,1101,37,37,0
1797,1101,73,73,0
1798,1101,64,64,0
1799,1101,31,31,0
1792,1102,1,1,0
1793,1102,2,2,0
1796,1102,19,19,0
1797,1102,40,40,0
1798,1102,36,36,0
1799,1102,17,17,0
1792,1103,1,1,0
1793,1103,3,3,0
1792,1104,6,6,0
1795,1104,6,6,0
1796,1104,7,7,0
1799,1104,7,7,0
1792,1105,7,7,0
1793,1105,1,1,0
1795,1105,1,1,0
1796,1105,1,1,0
1792,1106,2,2,0
1793,1106,2,2,0
1797,1106,8,8,0
1798,1106,7,7,0
1793,1107,4,4,0
1796,1107,20,20,0
1797,1107,43,43,0
1798,1107,36,36,0
1799,1107,11,11,0
1792,1108,3,3,0
1793,1108,6,6,0
1794,1108,3,3,0
1795,1108,9,9,0
1796,1108,40,40,0
1797,1108,68,68,0
1798,1108,53,53,0
1799,1108,17,17,0
1795,1109,2,2,0
1796,1109,28,28,0
1797,1109,49,49,0
1798,1109,33,33,0
1796,1110,6,6,0
1797,1110,15,15,0
1798,1110,6,6,0
1792,1111,2,2,0
1793,1111,5,5,0
1794,1111,5,5,0
1795,1111,3,3,0
1797,1111,1,1,0
1798,1111,2,2,0
1799,1111,2,2,0
1794,1112,3,3,0
1795,1112,2,2,0
1798,1112,1,1,0
1799,1112,5,5,0
1792,1113,3,3,0
1793,1113,4,4,0
1794,1113,1,1,0
1796,1113,2,2,0
1797,1113,7,7,0
1798,1113,2,2,0
1792,1114,1,1,0
1793,1114,1,1,0
1796,1114,13,13,0
1797,1114,34,34,0
1798,1114,22,22,0
1793,1115,2,2,0
1795,1115,1,1,0
1796,1115,37,37,0
1797,1115,73,73,0
1798,1115,60,60,0
1799,1115,20,20,0
1792,1116,4,4,0
1793,1116,7,7,0
1794,1116,3,3,0
1795,1116,8,8,0
1796,1116,46,46,0
1797,1116,83,83,0
1798,1116,71,71,0
1799,1116,32,32,0
1793,1117,2,2,0
1796,1117,21,21,0
1797,1117,44,44,0
1798,1117,34,34,0
1799,1117,7,7,0
1797,1118,6,6,0
1798,1118,2,2,0
1792,1119,2,2,0
1793,1119,4,4,0
1794,1119,6,6,0
1795,1119,5,5,0
1796,1119,3,3,0
1797,1119,1,1,0
1798,1119,3,3,0
1799,1119,7,7,0
1794,1120,3,3,0
1795,1120,2,2,0
1796,1120,5,5,0
1797,1120,9,9,0
1798,1120,4,4,0
1793,1121,2,2,0
1796,1121,12,12,0
1797,1121,26,26,0
1798,1121,15,15,0
1796,1122,34,34,0
1797,1122,68,68,0
1798,1122,57,57,0
1799,1122,22,22,0
1795,1123,1,1,0
1796,1123,39,39,0
1797,1123,80,80,0
1798,1123,72,72,0
1799,1123,36,36,0
1793,1124,5,5,0
1794,1124,1,1,0
1796,1124,14,14,0
1797,1124,40,40,0
1798,1124,33,33,0
1799,1124,4,4,0
1793,1125,5,5,0
1794,1125,3,3,0
1797,1125,5,5,0
1798,1125,2,2,0
1794,1126,2,2,0
1795,1126,2,2,0
1798,1126,1,1,0
1799,1126,4,4,0
1792,1127,2,2,0
1794,1127,1,1,0
1795,1127,6,6,0
1796,1127,2,2,0
1799,1127,7,7,0
1792,1128,7,7,0
1793,1128,1,1,0
1796,1128,2,2,0
1797,1128,4,4,0
1793,1129,3,3,0
1794,1129,1,1,0
1795,1129,3,3,0
1796,1129,24,24,0
1797,1129,46,46,0
1798,1129,37,37,0
1799,1129,12,12,0
1793,1130,4,4,0
1794,1130,4,4,0
1795,1130,5,5,0
1796,1130,36,36,0
1797,1130,69,69,0
1798,1130,56,56,0
1799,1130,15,15,0
1793,1131,2,2,0
1795,1131,1,1,0
1796,1131,25,25,0
1797,1131,45,45,0
1798,1131,31,31,0
1792,1132,6,6,0
1795,1132,1,1,0
1796,1132,10,10,0
1797,1132,9,9,0
1798,1132,2,2,0
1792,1133,6,6,0
1795,1133,5,5,0
1796,1133,6,6,0
1799,1133,10,10,0
1792,1134,2,2,0
1795,1134,2,2,0
1796,1134,3,3,0
1797,1134,1,1,0
1798,1134,4,4,0
1799,1134,9,9,0
1793,1135,7,7,0
1794,1135,5,5,0
1797,1135,4,4,0
1798,1135,3,3,0
1792,1136,6,6,0
1793,1136,3,3,0
1796,1136,11,11,0
1797,1136,22,22,0
1798,1136,18,18,0
1799,1136,6,6,0
1795,1137,5,5,0
1796,1137,39,39,0
1797,1137,75,75,0
1798,1137,69,69,0
1799,1137,38,38,0
1793,1138,3,3,0
1796,1138,40,40,0
1797,1138,85,85,0
1798,1138,71,71,0
1799,1138,24,24,0
1792,1139,1,1,0
1793,1139,5,5,0
1796,1139,16,16,0
1797,1139,41,41,0
1798,1139,27,27,0
1792,1140,1,1,0
1796,1140,1,1,0
1797,1140,3,3,0
1792,1141,2,2,0
1795,1141,4,4,0
1799,1141,3,3,0
1792,1142,1,1,0
1793,1142,1,1,0
1794,1142,1,1,0
1795,1142,1,1,0
1796,1142,3,3,0
1797,1142,4,4,0
1798,1142,1,1,0
1796,1143,15,15,0
1797,1143,35,35,0
1798,1143,26,26,0
1793,1144,1,1,0
1795,1144,8,8,0
1796,1144,53,53,0
1797,1144,91,91,0
1798,1144,67,67,0
1799,1144,15,15,0
1795,1145,7,7,0
1796,1145,42,42,0
1797,1145,70,70,0
1798,1145,54,54,0
1799,1145,18,18,0
1792,1146,1,1,0
1795,1146,3,3,0
1796,1146,16,16,0
1797,1146,24,24,0
1798,1146,16,16,0
1799,1146,2,2,0
1792,1147,2,2,0
1794,1147,1,1,0
1795,1147,3,3,0
1796,1147,1,1,0
1795,1148,6,6,0
1796,1148,3,3,0
1798,1148,1,1,0
1799,1148,13,13,0
1792,1149,1,1,0
1795,1149,2,2,0
1796,1149,2,2,0
1792,1150,5,5,0
1793,1150,1,1,0
1796,1150,10,10,0
1797,1150,14,14,0
1798,1150,3,3,0
1795,1151,6,6,0
1796,1151,31,31,0
1797,1151,48,48,0
1798,1151,36,36,0
1799,1151,11,11,0
1793,1152,1,1,0
1795,1152,9,9,0
1796,1152,46,46,0
1797,1152,75,75,0
1798,1152,59,59,0
1799,1152,22,22,0
1796,1153,20,20,0
1797,1153,36,36,0
1798,1153,23,23,0
1792,1154,2,2,0
1796,1154,2,2,0
1797,1154,3,3,0
1792,1155,4,4,0
1793,1155,1,1,0
1794,1155,2,2,0
1795,1155,5,5,0
1796,1155,2,2,0
1799,1155,8,8,0
1792,1156,5,5,0
1793,1156,2,2,0
1794,1156,3,3,0
1795,1156,5,5,0
1796,1156,2,2,0
1799,1156,8,8,0
1792,1157,3,3,0
1796,1157,3,3,0
1797,1157,5,5,0
1792,1158,2,2,0
1795,1158,1,1,0
1796,1158,22,22,0
1797,1158,38,38,0
1798,1158,25,25,0
1792,1159,3,3,0
1793,1159,3,3,0
1794,1159,1,1,0
1795,1159,12,12,0
1796,1159,48,48,0
1797,1159,78,78,0
1798,1159,62,62,0
1799,1159,25,25,0
1793,1160,3,3,0
1794,1160,3,3,0
1795,1160,11,11,0
1796,1160,46,46,0
1797,1160,77,77,0
1798,1160,60,60,0
1799,1160,19,19,0
1793,1161,2,2,0
1796,1161,12,12,0
1797,1161,30,30,0
1798,1161,19,19,0
1793,1162,3,3,0
1794,1162,2,2,0
1797,1162,5,5,0
1798,1162,5,5,0
1792,1163,1,1,0
1797,1163,1,1,0
1798,1163,2,2,0
1799,1163,4,4,0
1792,1164,1,1,0
1796,1164,3,3,0
1797,1164,3,3,0
1795,1165,5,5,0
1796,1165,27,27,0
1797,1165,39,39,0
1798,1165,24,24,0
1793,1166,2,2,0
1794,1166,3,3,0
1795,1166,14,14,0
1796,1166,46,46,0
1797,1166,71,71,0
1798,1166,55,55,0
1799,1166,21,21,0
1793,1167,5,5,0
1794,1167,4,4,0
1795,1167,7,7,0
1796,1167,36,36,0
1797,1167,64,64,0
1798,1167,46,46,0
1799,1167,5,5,0
1796,1168,14,14,0
1797,1168,27,27,0
1798,1168,17,17,0
1793,1169,1,1,0
1794,1169,4,4,0
1795,1169,4,4,0
1796,1169,6,6,0
1797,1169,7,7,0
1794,1170,2,2,0
1795,1170,4,4,0
1799,1170,6,6,0
1792,1171,2,2,0
1799,1171,9,9,0
1792,1172,8,8,0
1795,1172,9,9,0
1796,1172,19,19,0
1797,1172,15,15,0
1798,1172,3,3,0
1794,1173,4,4,0
1795,1173,29,29,0
1796,1173,60,60,0
1797,1173,68,68,0
1798,1173,39,39,0
1799,1173,3,3,0
1794,1174,1,1,0
1795,1174,24,24,0
1796,1174,69,69,0
1797,1174,95,95,0
1798,1174,65,65,0
1799,1174,16,16,0
1792,1175,2,2,0
1796,1175,39,39,0
1797,1175,76,76,0
1798,1175,52,52,0
1799,1175,1,1,0
1796,1176,1,1,0
1797,1176,3,3,0
1793,1177,2,2,0
1794,1177,6,6,0
1795,1177,6,6,0
1796,1177,3,3,0
1798,1177,1,1,0
1799,1177,3,3,0
1793,1178,4,4,0
1794,1178,6,6,0
1795,1178,3,3,0
1799,1178,4,4,0
1792,1179,4,4,0
1796,1179,4,4,0
1797,1179,7,7,0
1798,1179,3,3,0
1792,1180,5,5,0
1795,1180,16,16,0
1796,1180,45,45,0
1797,1180,51,51,0
1798,1180,25,25,0
1792,1181,2,2,0
1794,1181,4,4,0
1795,1181,42,42,0
1796,1181,82,82,0
1797,1181,85,85,0
1798,1181,45,45,0
1799,1181,3,3,0
1794,1182,6,6,0
1795,1182,33,33,0
1796,1182,61,61,0
1797,1182,62,62,0
1798,1182,34,34,0
1799,1182,4,4,0
1792,1183,1,1,0
1795,1183,4,4,0
1796,1183,13,13,0
1797,1183,15,15,0
1798,1183,7,7,0
1792,1184,1,1,0
1795,1184,1,1,0
1796,1184,3,3,0
1799,1184,2,2,0
1792,1185,2,2,0
1793,1185,3,3,0
1794,1185,1,1,0
1798,1185,2,2,0
1799,1185,4,4,0
1793,1186,2,2,0
1797,1186,8,8,0
1798,1186,8,8,0
1795,1187,6,6,0
1796,1187,30,30,0
1797,1187,50,50,0
1798,1187,31,31,0
1792,1188,3,3,0
1793,1188,3,3,0
1794,1188,7,7,0
1795,1188,30,30,0
1796,1188,75,75,0
1797,1188,97,97,0
1798,1188,58,58,0
1799,1188,1,1,0
1792,1189,3,3,0
1794,1189,3,3,0
1795,1189,33,33,0
1796,1189,77,77,0
1797,1189,92,92,0
1798,1189,53,53,0
1795,1190,14,14,0
1796,1190,35,35,0
1797,1190,38,38,0
1798,1190,18,18,0
1792,1191,1,1,0
1795,1191,1,1,0
1799,1191,2,2,0
1793,1192,2,2,0
1794,1192,3,3,0
1796,1192,1,1,0
1797,1192,7,7,0
1798,1192,7,7,0
1799,1192,3,3,0
1793,1193,1,1,0
1794,1193,4,4,0
1794,1194,2,2,0
1795,1194,11,11,0
1796,1194,25,25,0
1797,1194,29,29,0
1798,1194,13,13,0
1792,1195,6,6,0
1794,1195,1,1,0
1795,1195,36,36,0
1796,1195,82,82,0
1797,1195,93,93,0
1798,1195,51,51,0
1792,1196,5,5,0
1794,1196,2,2,0
1795,1196,38,38,0
1796,1196,86,86,0
1797,1196,98,98,0
1798,1196,56,56,0
1799,1196,5,5,0
1794,1197,5,5,0
1795,1197,16,16,0
1796,1197,31,31,0
1797,1197,37,37,0
1798,1197,22,22,0
1799,1197,2,2,0
1793,1198,3,3,0
1794,1198,6,6,0
1793,1199,5,5,0
1794,1199,5,5,0
1797,1199,3,3,0
1798,1199,3,3,0
1793,1200,5,5,0
1796,1200,6,6,0
1797,1200,4,4,0
1799,1200,3,3,0
1796,1201,22,22,0
1797,1201,23,23,0
1798,1201,4,4,0
1792,1202,5,5,0
1793,1202,1,1,0
1795,1202,22,22,0
1796,1202,65,65,0
1797,1202,66,66,0
1798,1202,27,27,0
1792,1203,1,1,0
1793,1203,2,2,0
1794,1203,7,7,0
1795,1203,43,43,0
1796,1203,91,91,0
1797,1203,88,88,0
1798,1203,38,38,0
1799,1203,1,1,0
1795,1204,24,24,0
1796,1204,60,60,0
1797,1204,56,56,0
1798,1204,18,18,0
1793,1205,2,2,0
1796,1205,12,12,0
1797,1205,11,11,0
1792,1206,3,3,0
1793,1206,8,8,0
1799,1206,5,5,0
1793,1207,3,3,0
1794,1207,1,1,0
1796,1207,4,4,0
1799,1207,9,9,0
1792,1208,1,1,0
1793,1208,6,6,0
1794,1208,2,2,0
1796,1208,4,4,0
1797,1208,18,18,0
1798,1208,11,11,0
1793,1209,1,1,0
1794,1209,3,3,0
1795,1209,16,16,0
1796,1209,43,43,0
1797,1209,59,59,0
1798,1209,36,36,0
1799,1209,1,1,0
1794,1210,5,5,0
1795,1210,32,32,0
1796,1210,73,73,0
1797,1210,87,87,0
1798,1210,50,50,0
1799,1210,3,3,0
1794,1211,6,6,0
1795,1211,29,29,0
1796,1211,59,59,0
1797,1211,67,67,0
1798,1211,35,35,0
1793,1212,3,3,0
1794,1212,7,7,0
1795,1212,13,13,0
1796,1212,21,21,0
1797,1212,23,23,0
1798,1212,11,11,0
1793,1213,4,4,0
1794,1213,6,6,0
1795,1213,1,1,0
1799,1213,5,5,0
1792,1214,1,1,0
1793,1214,2,2,0
1794,1214,2,2,0
1799,1214,3,3,0
1792,1215,4,4,0
1795,1215,2,2,0
1796,1215,6,6,0
1797,1215,4,4,0
1792,1216,9,9,0
1795,1216,17,17,0
1796,1216,51,51,0
1797,1216,39,39,0
1798,1216,6,6,0
1792,1217,7,7,0
1793,1217,1,1,0
1794,1217,4,4,0
1795,1217,41,41,0
1796,1217,78,78,0
1797,1217,63,63,0
1798,1217,21,21,0
1799,1217,3,3,0
1792,1218,1,1,0
1794,1218,3,3,0
1795,1218,36,36,0
1796,1218,70,70,0
1797,1218,56,56,0
1798,1218,16,16,0
1792,1219,2,2,0
1795,1219,7,7,0
1796,1219,29,29,0
1797,1219,19,19,0
1792,1220,4,4,0
1793,1220,7,7,0
1796,1220,4,4,0
1799,1220,4,4,0
1793,1221,6,6,0
1794,1221,2,2,0
1796,1221,4,4,0
1799,1221,8,8,0
1793,1222,3,3,0
1796,1222,11,11,0
1797,1222,9,9,0
1799,1222,3,3,0
1792,1223,6,6,0
1793,1223,9,9,0
1796,1223,16,16,0
1797,1223,18,18,0
1798,1223,5,5,0
1799,1223,3,3,0
1792,1224,8,8,0
1795,1224,11,11,0
1796,1224,57,57,0
1797,1224,62,62,0
1798,1224,22,22,0
1793,1225,4,4,0
1794,1225,8,8,0
1795,1225,34,34,0
1796,1225,70,70,0
1797,1225,64,64,0
1798,1225,21,21,0
1793,1226,4,4,0
1794,1226,1,1,0
1795,1226,10,10,0
1796,1226,31,31,0
1797,1226,27,27,0
1798,1226,7,7,0
1799,1226,1,1,0
1793,1227,4,4,0
1799,1227,4,4,0
1793,1228,9,9,0
1794,1228,9,9,0
1795,1228,6,6,0
1796,1228,8,8,0
1793,1229,7,7,0
1794,1229,1,1,0
1796,1229,7,7,0
1797,1229,2,2,0
1792,1230,4,4,0
1793,1230,3,3,0
1796,1230,15,15,0
1797,1230,17,17,0
1798,1230,5,5,0
1799,1230,4,4,0
1793,1231,7,7,0
1794,1231,11,11,0
1795,1231,31,31,0
1796,1231,61,61,0
1797,1231,55,55,0
1798,1231,22,22,0
1799,1231,3,3,0
1794,1232,9,9,0
1795,1232,28,28,0
1796,1232,45,45,0
1797,1232,44,44,0
1798,1232,21,21,0
1792,1233,5,5,0
1793,1233,1,1,0
1794,1233,1,1,0
1795,1233,7,7,0
1796,1233,16,16,0
1797,1233,18,18,0
1798,1233,8,8,0
1792,1234,6,6,0
1793,1234,3,3,0
1799,1234,1,1,0
1793,1235,1,1,0
1794,1235,4,4,0
1795,1235,6,6,0
1796,1235,1,1,0
1799,1235,6,6,0
1794,1236,3,3,0
1795,1236,9,9,0
1796,1236,4,4,0
1799,1236,5,5,0
1792,1237,4,4,0
1795,1237,8,8,0
1796,1237,7,7,0
1792,1238,7,7,0
1794,1238,5,5,0
1795,1238,27,27,0
1796,1238,36,36,0
1797,1238,21,21,0
1798,1238,4,4,0
1792,1239,4,4,0
1794,1239,17,17,0
1795,1239,54,54,0
1796,1239,72,72,0
1797,1239,52,52,0
1798,1239,21,21,0
1799,1239,3,3,0
1793,1240,4,4,0
1794,1240,12,12,0
1795,1240,21,21,0
1796,1240,23,23,0
1797,1240,18,18,0
1798,1240,6,6,0
1794,1241,1,1,0
1795,1241,6,6,0
1796,1241,8,8,0
1797,1241,6,6,0
1792,1242,2,2,0
1796,1242,2,2,0
1797,1242,3,3,0
1798,1242,2,2,0
1799,1242,1,1,0
1792,1243,4,4,0
1793,1243,1,1,0
1796,1243,1,1,0
1797,1243,4,4,0
1798,1243,4,4,0
1799,1243,3,3,0
1796,1244,2,2,0
1797,1244,3,3,0
1793,1245,1,1,0
1794,1245,5,5,0
1795,1245,9,9,0
1796,1245,12,12,0
1797,1245,10,10,0
1798,1245,4,4,0
1792,1246,4,4,0
1793,1246,6,6,0
1794,1246,11,11,0
1795,1246,16,16,0
1796,1246,19,19,0
1797,1246,16,16,0
1798,1246,9,9,0
1799,1246,3,3,0
1793,1247,2,2,0
1794,1247,6,6,0
1795,1247,11,11,0
1796,1247,14,14,0
1797,1247,11,11,0
1798,1247,4,4,0
1793,1248,1,1,0
1794,1248,3,3,0
1795,1248,3,3,0
1796,1248,3,3,0
1797,1248,4,4,0
1798,1248,3,3,0
1792,1249,2,2,0
1793,1249,3,3,0
1794,1249,3,3,0
1795,1249,3,3,0
1796,1249,3,3,0
1797,1249,5,5,0
1798,1249,5,5,0
1799,1249,5,5,0
1792,1250,3,3,0
1793,1250,2,2,0
1794,1250,1,1,0
1795,1250,2,2,0
1796,1250,2,2,0
1797,1250,2,2,0
1798,1250,4,4,0
1799,1250,6,6,0
1795,1251,4,4,0
1796,1251,5,5,0
1797,1251,1,1,0
1799,1251,2,2,0
1794,1252,4,4,0
1795,1252,14,14,0
1796,1252,15,15,0
1797,1252,5,5,0
1799,1252,1,1,0
1792,1253,2,2,0
1794,1253,9,9,0
1795,1253,24,24,0
1796,1253,24,24,0
1797,1253,10,10,0
1798,1253,2,2,0
1799,1253,4,4,0
1792,1254,3,3,0
1794,1254,7,7,0
1795,1254,23,23,0
1796,1254,23,23,0
1797,1254,8,8,0
1798,1254,1,1,0
1799,1254,5,5,0
1792,1255,1,1,0
1795,1255,15,15,0
1796,1255,16,16,0
1797,1255,1,1,0
1799,1255,3,3,0
1793,1256,4,4,0
1794,1256,7,7,0
1797,1256,7,7,0
1798,1256,4,4,0
1793,1257,5,5,0
1794,1257,6,6,0
1795,1257,1,1,0
1796,1257,1,1,0
1797,1257,6,6,0
1798,1257,5,5,0
1792,1258,2,2,0
1795,1258,2,2,0
1796,1258,2,2,0
1799,1258,2,2,0
1792,1259,3,3,0
1795,1259,15,15,0
1796,1259,15,15,0
1799,1259,3,3,0
1792,1260,6,6,0
1794,1260,12,12,0
1795,1260,35,35,0
1796,1260,35,35,0
1797,1260,12,12,0
1799,1260,6,6,0
1792,1261,2,2,0
1794,1261,12,12,0
1795,1261,33,33,0
1796,1261,33,33,0
1797,1261,12,12,0
1799,1261,2,2,0
1794,1262,2,2,0
1795,1262,13,13,0
1796,1262,13,13,0
1797,1262,2,2,0
1792,1263,4,4,0
1793,1263,2,2,0
1798,1263,2,2,0
1799,1263,4,4,0
1792,1264,2,2,0
1793,1264,2,2,0
1794,1264,3,3,0
1795,1264,4,4,0
1796,1264,4,4,0
1797,1264,3,3,0
1798,1264,2,2,0
1799,1264,2,2,0
1793,1265,1,1,0
1794,1265,3,3,0
1795,1265,4,4,0
1796,1265,4,4,0
1797,1265,3,3,0
1798,1265,1,1,0
1794,1266,4,4,0
1795,1266,6,6,0
1796,1266,6,6,0
1797,1266,4,4,0
1793,1267,1,1,0
1794,1267,6,6,0
1795,1267,9,9,0
1796,1267,9,9,0
1797,1267,6,6,0
1798,1267,1,1,0
1793,1268,3,3,0
1794,1268,8,8,0
1795,1268,12,12,0
1796,1268,12,12,0
1797,1268,8,8,0
1798,1268,3,3,0
1792,1269,1,1,0
1793,1269,4,4,0
1794,1269,7,7,0
1795,1269,10,10,0
1796,1269,10,10,0
1797,1269,7,7,0
1798,1269,4,4,0
1799,1269,1,1,0
1793,1270,2,2,0
1794,1270,4,4,0
1795,1270,5,5,0
1796,1270,5,5,0
1797,1270,4,4,0
1798,1270,2,2,0
1795,1271,1,1,0
1796,1271,1,1,0
2728,1728,2,2,0
2729,1728,1,1,0
2728,1729,1,1,0
2734,1731,2,2,0
2735,1731,3,3,0
2728,1732,1,1,0
2734,1732,2,2,0
2735,1732,2,2,0
2728,1733,2,3,1
2729,1733,1,2,1
2735,1733,1,1,0
2728,1734,4,6,2
2729,1734,4,5,1
2730,1734,2,3,1
2731,1734,1,1,0
2728,1735,6,8,2
2729,1735,4,6,2
2730,1735,3,4,1
2731,1735,1,1,0
2724,1736,1,1,0
2725,1736,3,4,1
2726,1736,4,6,2
2727,1736,6,8,2
2728,1736,2,28,26
2729,1736,3,18,15
2730,1736,2,6,4
2732,1736,1,2,1
2724,1737,1,1,0
2725,1737,2,3,1
2726,1737,4,5,1
2727,1737,4,6,2
2728,1737,2,18,16
2729,1737,2,10,8
2730,1737,1,1,0
2732,1737,1,1,0
2733,1737,1,4,3
2720,1738,1,1,0
2726,1738,1,2,1
2727,1738,2,3,1
2728,1738,2,6,4
2729,1738,1,1,0
2732,1738,1,1,0
2720,1739,2,2,0
2721,1739,2,2,0
2727,1739,1,1,0
2720,1740,3,3,0
2721,1740,2,2,0
2729,1741,1,3,2
2727,1742,1,1,0
2726,1743,1,1,0
