X,Y,Subtracted,Original 1,Original 2
209,2244,1,1,0
1798,832,1,10,9
1787,833,6,6,0
1788,833,6,6,0
1792,833,3,7,4
1795,833,10,11,1
1798,833,2,2,0
1786,834,1,2,1
1787,834,7,9,2
1788,834,2,2,0
1792,834,1,1,0
1795,834,10,11,1
1796,834,1,1,0
1784,835,3,6,3
1786,835,1,1,0
1787,835,5,6,1
1795,835,6,6,0
1798,835,1,1,0
1784,836,1,1,0
1788,836,2,2,0
1789,836,9,17,8
1790,836,13,73,60
1791,836,16,134,118
1795,836,8,8,0
1798,836,1,1,0
1789,837,14,20,6
1790,837,24,77,53
1791,837,27,132,105
1795,837,1,1,0
1798,837,5,5,0
1789,838,7,7,0
1790,838,20,33,13
1791,838,21,56,35
1797,838,2,2,0
1798,838,7,7,0
1785,839,1,1,0
1786,839,1,1,0
1789,839,5,8,3
1790,839,7,7,0
1794,839,6,7,1
1798,839,3,3,0
1785,840,9,9,0
1786,840,1,1,0
1791,840,11,11,0
1793,840,1,5,4
1794,840,4,8,4
1795,840,7,7,0
1796,840,2,2,0
1785,841,1,1,0
1788,841,9,11,2
1789,841,2,2,0
1790,842,9,13,4
1786,843,6,6,0
1787,843,2,2,0
1789,843,1,1,0
1790,843,60,73,13
1791,843,81,169,88
1795,843,3,3,0
1796,843,6,6,0
1786,844,5,5,0
1787,844,3,3,0
1789,844,15,15,0
1790,844,87,94,7
1791,844,122,193,71
1792,844,14,120,106
1796,844,5,5,0
1784,845,2,2,0
1785,845,1,2,1
1789,845,2,2,0
1790,845,27,27,0
1791,845,52,74,22
1792,845,46,49,3
1796,845,5,5,0
1784,846,5,5,0
1785,846,5,5,0
1792,846,10,10,0
1796,846,3,3,0
1785,847,5,5,0
1786,847,2,2,0
1788,847,6,6,0
1789,847,1,3,2
1791,847,8,8,0
1798,847,2,2,0
1799,847,7,7,0
1785,848,6,6,0
1786,848,2,2,0
1788,848,1,1,0
1789,848,1,1,0
1792,848,8,8,0
1795,848,5,6,1
1784,849,2,2,0
1785,849,3,3,0
1790,849,19,19,0
1791,849,67,67,0
1792,849,28,45,17
1799,849,5,5,0
1784,850,7,7,0
1787,850,6,6,0
1790,850,27,27,0
1791,850,109,109,0
1792,850,22,103,81
1799,850,1,1,0
1784,851,2,2,0
1787,851,11,11,0
1788,851,6,6,0
1790,851,10,10,0
1791,851,77,77,0
1792,851,43,102,59
1785,852,1,1,0
1787,852,3,3,0
1788,852,8,8,0
1791,852,19,19,0
1792,852,36,36,0
1793,852,1,18,17
1798,852,1,1,0
1799,852,3,3,0
1784,853,1,1,0
1785,853,7,7,0
1788,853,4,4,0
1789,853,5,5,0
1785,854,6,6,0
1788,854,1,1,0
1789,854,2,2,0
1791,854,1,1,0
1793,854,1,3,2
1794,854,5,5,0
1795,854,5,5,0
1797,854,2,2,0
1785,855,2,2,0
1788,855,3,3,0
1791,855,10,10,0
1797,855,1,4,3
1798,855,1,2,1
1786,856,4,4,0
1787,856,6,6,0
1790,856,13,13,0
1791,856,48,48,0
1792,856,66,71,5
1793,856,10,34,24
1797,856,5,5,0
1786,857,3,3,0
1787,857,7,7,0
1790,857,17,17,0
1791,857,47,47,0
1792,857,142,142,0
1793,857,3,92,89
1799,857,7,7,0
1784,858,1,1,0
1787,858,5,5,0
1788,858,2,2,0
1790,858,12,12,0
1791,858,31,31,0
1792,858,87,88,1
1799,858,1,1,0
1784,859,4,4,0
1791,859,8,8,0
1796,859,6,6,0
1784,860,4,4,0
1792,860,1,1,0
1793,860,2,2,0
1794,860,2,2,0
1796,860,1,1,0
1798,860,2,2,0
1784,861,2,2,0
1788,861,3,3,0
1789,861,4,4,0
1790,861,4,4,0
1791,861,4,4,0
1784,862,1,1,0
1785,862,1,1,0
1788,862,1,1,0
1789,862,4,4,0
1790,862,5,5,0
1791,862,6,6,0
1793,862,6,6,0
1794,862,2,2,0
1784,863,1,1,0
1785,863,3,3,0
1786,863,2,2,0
1792,863,75,75,0
1793,863,63,63,0
1797,863,2,4,2
1798,863,6,6,0
1784,864,3,3,0
1785,864,2,2,0
1786,864,1,1,0
1787,864,6,6,0
1788,864,1,1,0
1790,864,19,19,0
1791,864,82,82,0
1792,864,122,122,0
1793,864,136,162,26
1798,864,13,13,0
1803,864,1,1,0
1804,864,1,1,0
1805,864,1,1,0
1806,864,1,1,0
1807,864,1,1,0
1784,865,2,2,0
1785,865,2,2,0
1787,865,2,2,0
1788,865,4,4,0
1790,865,11,11,0
1791,865,52,52,0
1792,865,106,115,9
1793,865,129,146,17
1797,865,1,1,0
1803,865,1,1,0
1804,865,1,1,0
1805,865,1,1,0
1806,865,1,1,0
1807,865,1,1,0
1785,866,3,3,0
1788,866,5,5,0
1789,866,2,2,0
1790,866,1,1,0
1791,866,16,16,0
1792,866,16,18,2
1793,866,41,41,0
1797,866,1,1,0
1799,866,7,7,0
1803,866,1,1,0
1804,866,1,1,0
1805,866,1,1,0
1806,866,1,1,0
1807,866,1,1,0
1785,867,5,5,0
1788,867,3,3,0
1789,867,4,4,0
1791,867,1,1,0
1792,867,1,2,1
1793,867,5,5,0
1794,867,1,1,0
1796,867,10,10,0
1797,867,1,1,0
1803,867,1,1,0
1804,867,1,1,0
1805,867,1,1,0
1806,867,1,1,0
1807,867,1,1,0
1785,868,8,8,0
1786,868,3,3,0
1789,868,2,2,0
1791,868,1,1,0
1793,868,1,1,0
1797,868,6,6,0
1798,868,1,1,0
1803,868,1,1,0
1804,868,1,1,0
1805,868,1,1,0
1806,868,1,1,0
1807,868,1,1,0
1785,869,8,8,0
1786,869,3,3,0
1791,869,7,7,0
1794,869,4,4,0
1796,869,1,1,0
1798,869,1,1,0
1799,869,1,1,0
1803,869,1,1,0
1804,869,1,1,0
1805,869,1,1,0
1806,869,1,1,0
1807,869,1,1,0
1785,870,4,4,0
1788,870,5,5,0
1791,870,7,7,0
1792,870,92,92,0
1793,870,82,91,9
1794,870,87,95,8
1798,870,1,1,0
1803,870,1,1,0
1804,870,1,1,0
1805,870,1,1,0
1806,870,1,1,0
1807,870,1,1,0
1784,871,4,4,0
1785,871,1,1,0
1788,871,11,11,0
1791,871,2,2,0
1792,871,147,147,0
1793,871,156,156,0
1794,871,55,157,102
1803,871,1,1,0
1804,871,1,1,0
1805,871,1,1,0
1806,871,1,1,0
1807,871,1,1,0
1792,872,130,130,0
1793,872,178,185,7
1794,872,89,129,40
1798,872,21,21,0
1793,873,24,24,0
1795,873,9,10,1
1799,873,11,11,0
1793,874,18,18,0
1795,874,19,19,0
1792,875,5,5,0
1793,875,3,3,0
1798,875,19,19,0
1799,875,1,1,0
1795,876,18,18,0
1796,876,8,8,0
1792,877,78,78,0
1793,877,112,127,15
1794,877,78,78,0
1795,877,41,83,42
1792,878,92,92,0
1793,878,182,191,9
1794,878,128,128,0
1799,878,1,1,0
1792,879,62,73,11
1793,879,150,150,0
1794,879,115,124,9
1799,879,14,20,6
1794,880,13,13,0
1798,880,1,1,0
1792,881,3,3,0
1793,881,17,17,0
1795,881,13,13,0
1798,881,3,3,0
1799,881,3,3,0
1799,882,5,5,0
1794,883,27,27,0
1796,883,12,12,0
1792,884,3,3,0
1793,884,109,114,5
1794,884,54,61,7
1795,884,97,103,6
1792,885,65,71,6
1793,885,90,90,0
1794,885,231,242,11
1795,885,71,71,0
1792,886,1,18,17
1793,886,140,140,0
1794,886,70,76,6
1795,886,115,115,0
1794,887,12,29,17
1796,887,4,4,0
1792,888,7,7,0
1794,888,8,8,0
1797,888,6,6,0
1799,888,1,1,0
1793,889,7,7,0
1797,889,8,8,0
1799,889,3,3,0
1793,890,33,33,0
1796,890,1,1,0
1792,891,11,23,12
1793,891,108,114,6
1794,891,97,100,3
1795,891,75,98,23
1796,891,71,71,0
1793,892,134,134,0
1794,892,168,168,0
1795,892,174,174,0
1796,892,112,114,2
1792,893,5,11,6
1793,893,120,123,3
1794,893,147,166,19
1795,893,163,163,0
1796,893,51,99,48
1793,894,41,41,0
1794,894,60,64,4
1795,894,50,50,0
1794,895,10,10,0
1797,895,8,8,0
1795,896,6,6,0
1796,896,1,6,5
1798,896,1,1,0
1793,897,11,14,3
1795,897,1,3,2
1796,897,5,5,0
1797,897,4,4,0
1798,897,4,12,8
1792,898,7,7,0
1793,898,70,80,10
1794,898,107,107,0
1795,898,79,79,0
1796,898,18,18,0
1793,899,113,121,8
1794,899,219,219,0
1795,899,217,218,1
1796,899,115,118,3
1792,900,5,5,0
1793,900,65,65,0
1794,900,116,116,0
1795,900,126,143,17
1796,900,98,98,0
1797,900,19,23,4
1792,901,14,14,0
1793,901,1,1,0
1796,901,1,1,0
1795,902,9,15,6
1796,902,4,13,9
1798,902,2,2,0
1799,902,1,1,0
1793,903,9,11,2
1795,903,1,1,0
1796,903,1,1,0
1798,903,8,8,0
1792,904,8,8,0
1795,904,11,13,2
1797,904,4,8,4
1799,904,3,3,0
1794,905,90,90,0
1795,905,74,74,0
1796,905,87,87,0
1793,906,37,37,0
1794,906,77,77,0
1795,906,186,190,4
1796,906,77,77,0
1797,906,40,45,5
1792,907,9,13,4
1794,907,75,75,0
1795,907,65,76,11
1796,907,96,98,2
1792,908,4,7,3
1795,908,20,24,4
1797,908,10,10,0
1792,909,1,1,0
1798,909,6,6,0
1792,910,2,2,0
1794,910,16,16,0
1798,910,7,14,7
1797,911,6,6,0
1798,911,4,4,0
1792,912,11,11,0
1794,912,17,17,0
1795,912,75,75,0
1796,912,73,82,9
1797,912,38,38,0
1798,912,9,9,0
1793,913,6,13,7
1794,913,90,90,0
1795,913,207,207,0
1796,913,168,181,13
1797,913,108,108,0
1793,914,10,18,8
1794,914,70,70,0
1795,914,183,183,0
1796,914,122,130,8
1797,914,81,81,0
1792,915,3,4,1
1794,915,7,7,0
1795,915,54,56,2
1796,915,1,10,9
1797,915,6,6,0
1794,916,7,7,0
1795,916,3,11,8
1798,916,1,1,0
1794,917,7,7,0
1798,917,8,8,0
1795,918,20,20,0
1799,918,3,3,0
1792,919,2,2,0
1793,919,7,7,0
1794,919,21,23,2
1795,919,95,99,4
1796,919,51,51,0
1797,919,30,35,5
1799,919,7,7,0
1793,920,16,16,0
1794,920,60,60,0
1795,920,133,133,0
1796,920,115,115,0
1797,920,109,109,0
1792,921,10,10,0
1793,921,3,3,0
1794,921,89,89,0
1795,921,112,112,0
1796,921,172,172,0
1797,921,95,95,0
1798,921,30,30,0
1799,921,3,3,0
1792,922,1,1,0
1794,922,15,15,0
1795,922,43,43,0
1796,922,85,85,0
1797,922,43,43,0
1792,923,3,3,0
1795,923,1,1,0
1796,923,4,4,0
1797,923,10,10,0
1799,923,9,9,0
1793,924,9,9,0
1794,924,9,9,0
1796,924,7,7,0
1798,924,3,3,0
1799,924,5,5,0
1793,925,12,12,0
1795,925,4,4,0
1793,926,20,20,0
1795,926,63,63,0
1796,926,55,55,0
1797,926,53,53,0
1798,926,10,10,0
1799,926,7,7,0
1792,927,8,8,0
1794,927,29,29,0
1795,927,99,99,0
1796,927,183,183,0
1797,927,80,80,0
1798,927,44,44,0
1793,928,7,7,0
1795,928,99,99,0
1796,928,55,55,0
1797,928,90,90,0
1799,928,7,7,0
1792,929,3,3,0
1793,929,15,15,0
1795,929,15,15,0
1797,929,33,33,0
1793,930,3,3,0
1794,930,2,2,0
1797,930,2,2,0
1798,930,6,6,0
1794,931,2,2,0
1795,931,8,8,0
1796,931,17,17,0
1799,931,7,7,0
1792,932,12,12,0
1795,932,3,3,0
1796,932,2,2,0
1799,932,1,1,0
1793,933,10,10,0
1795,933,18,18,0
1796,933,29,29,0
1797,933,66,66,0
1798,933,30,30,0
1793,934,1,1,0
1794,934,9,9,0
1795,934,55,55,0
1796,934,102,102,0
1797,934,133,133,0
1798,934,70,70,0
1792,935,13,13,0
1795,935,64,64,0
1796,935,139,139,0
1797,935,135,135,0
1798,935,67,67,0
1792,936,3,3,0
1795,936,33,33,0
1796,936,74,74,0
1797,936,61,61,0
1798,936,16,16,0
1795,937,1,1,0
1796,937,12,12,0
1797,937,1,1,0
1799,937,2,2,0
1793,938,3,3,0
1796,938,2,2,0
1799,938,2,2,0
1793,939,6,6,0
1794,939,2,2,0
1796,939,8,8,0
1797,939,5,5,0
1793,940,6,6,0
1794,940,5,5,0
1795,940,4,4,0
1796,940,20,20,0
1797,940,23,23,0
1798,940,10,10,0
1799,940,3,3,0
1795,941,31,31,0
1796,941,100,100,0
1797,941,119,119,0
1798,941,62,62,0
1799,941,1,1,0
1792,942,4,4,0
1795,942,32,32,0
1796,942,116,116,0
1797,942,144,144,0
1798,942,77,77,0
1793,943,8,8,0
1796,943,16,16,0
1797,943,40,40,0
1798,943,27,27,0
1799,943,7,7,0
1794,944,7,7,0
1796,944,5,5,0
1798,944,4,4,0
1792,945,6,6,0
1793,945,4,4,0
1795,945,1,1,0
1799,945,10,10,0
1792,946,3,3,0
1793,946,4,4,0
1795,946,9,9,0
1797,946,8,8,0
1799,946,1,1,0
1795,947,12,12,0
1796,947,26,26,0
1797,947,52,52,0
1798,947,22,22,0
1794,948,9,9,0
1795,948,12,12,0
1796,948,79,79,0
1797,948,115,115,0
1798,948,94,94,0
1799,948,24,24,0
1794,949,9,9,0
1795,949,2,2,0
1796,949,85,85,0
1797,949,127,127,0
1798,949,124,124,0
1799,949,56,56,0
1796,950,38,38,0
1797,950,67,67,0
1798,950,64,64,0
1799,950,35,35,0
1792,951,4,4,0
1793,951,3,3,0
1795,951,10,10,0
1797,951,4,4,0
1794,952,1,1,0
1798,952,7,7,0
1792,953,8,8,0
1793,953,13,13,0
1794,953,9,9,0
1795,953,2,2,0
1796,953,3,3,0
1797,953,4,4,0
1798,953,1,1,0
1793,954,2,2,0
1796,954,13,13,0
1797,954,19,19,0
1798,954,5,5,0
1799,954,8,8,0
1792,955,1,1,0
1793,955,16,16,0
1795,955,9,9,0
1796,955,72,72,0
1797,955,93,93,0
1798,955,75,75,0
1799,955,80,80,0
1795,956,1,1,0
1796,956,77,77,0
1797,956,106,106,0
1798,956,86,86,0
1799,956,86,86,0
1792,957,11,11,0
1793,957,12,12,0
1795,957,7,7,0
1796,957,61,61,0
1797,957,83,83,0
1798,957,66,66,0
1799,957,58,58,0
1796,958,3,3,0
1797,958,13,13,0
1798,958,6,6,0
1792,959,1,1,0
1793,959,3,3,0
1794,959,9,9,0
1795,959,4,4,0
1798,959,1,1,0
1793,960,5,5,0
1796,960,6,6,0
1797,960,7,7,0
1792,961,3,3,0
1798,961,3,3,0
1799,961,4,4,0
1792,962,1,1,0
1793,962,2,2,0
1794,962,7,7,0
1796,962,11,11,0
1797,962,66,66,0
1798,962,89,89,0
1799,962,54,54,0
1793,963,5,5,0
1794,963,13,13,0
1796,963,30,30,0
1797,963,135,135,0
1798,963,162,162,0
1799,963,79,79,0
1794,964,6,6,0
1796,964,10,10,0
1797,964,83,83,0
1798,964,104,104,0
1799,964,38,38,0
1792,965,5,5,0
1794,965,2,2,0
1795,965,13,13,0
1798,965,9,9,0
1799,965,9,9,0
1792,966,4,4,0
1794,966,2,2,0
1795,966,13,13,0
1799,966,8,8,0
1793,967,7,7,0
1796,967,2,2,0
1797,967,14,14,0
1798,967,6,6,0
1793,968,2,2,0
1794,968,1,1,0
1797,968,1,1,0
1798,968,6,6,0
1799,968,3,3,0
1804,968,2,3,1
1795,969,3,3,0
1796,969,30,30,0
1797,969,67,67,0
1798,969,84,84,0
1799,969,81,81,0
1800,969,13,17,4
1801,969,3,3,0
1792,970,3,3,0
1793,970,5,5,0
1796,970,35,35,0
1797,970,88,88,0
1798,970,108,108,0
1799,970,98,98,0
1800,970,32,37,5
1801,970,12,12,0
1793,971,4,4,0
1796,971,41,41,0
1797,971,101,101,0
1798,971,126,126,0
1799,971,116,116,0
1800,971,35,37,2
1801,971,10,13,3
1793,972,6,6,0
1794,972,3,3,0
1796,972,14,14,0
1797,972,54,54,0
1798,972,72,72,0
1799,972,63,63,0
1800,972,21,21,0
1801,972,7,7,0
1792,973,2,2,0
1793,973,9,9,0
1794,973,4,4,0
1800,973,4,4,0
1803,973,2,2,0
1807,973,2,2,0
1794,974,1,1,0
1795,974,2,2,0
1796,974,3,3,0
1797,974,5,5,0
1798,974,8,8,0
1799,974,11,11,0
1804,974,2,2,0
1807,974,2,2,0
1792,975,4,4,0
1795,975,4,4,0
1796,975,4,4,0
1804,975,4,4,0
1793,976,2,2,0
1794,976,11,11,0
1796,976,4,4,0
1797,976,59,59,0
1798,976,86,86,0
1799,976,49,49,0
1800,976,11,11,0
1805,976,2,2,0
1792,977,3,3,0
1796,977,7,7,0
1797,977,87,87,0
1798,977,155,155,0
1799,977,160,160,0
1800,977,46,54,8
1801,977,13,13,0
1796,978,6,6,0
1797,978,60,60,0
1798,978,118,118,0
1799,978,136,136,0
1800,978,71,72,1
1801,978,16,16,0
1795,979,3,3,0
1796,979,1,1,0
1797,979,8,8,0
1798,979,23,23,0
1799,979,33,33,0
1800,979,31,36,5
1801,979,1,1,0
1804,979,3,3,0
1792,980,4,4,0
1796,980,3,3,0
1799,980,10,10,0
1805,980,4,4,0
1806,980,6,6,0
1793,981,1,1,0
1796,981,11,11,0
1799,981,3,3,0
1802,981,4,6,2
1806,981,1,12,11
1793,982,7,7,0
1794,982,2,2,0
1796,982,9,9,0
1799,982,8,8,0
1800,982,6,12,6
1802,982,2,2,0
1805,982,1,1,0
1806,982,8,8,0
1793,983,14,14,0
1797,983,8,8,0
1798,983,24,24,0
1799,983,62,62,0
1800,983,19,22,3
1804,983,2,3,1
1792,984,1,1,0
1794,984,17,17,0
1796,984,2,2,0
1797,984,67,67,0
1798,984,97,97,0
1799,984,127,127,0
1800,984,84,85,1
1801,984,5,5,0
1803,984,5,7,2
1793,985,1,1,0
1796,985,10,10,0
1797,985,65,65,0
1798,985,131,131,0
1799,985,147,147,0
1800,985,59,59,0
1801,985,7,7,0
1803,985,11,15,4
1793,986,11,11,0
1795,986,6,6,0
1796,986,10,10,0
1797,986,24,24,0
1798,986,81,81,0
1799,986,64,64,0
1800,986,12,12,0
1803,986,5,5,0
1804,986,3,6,3
1793,987,5,5,0
1795,987,5,5,0
1798,987,12,12,0
1804,987,1,1,0
1807,987,2,6,4
1792,988,6,6,0
1794,988,5,5,0
1797,988,7,7,0
1798,988,3,3,0
1799,988,6,6,0
1801,988,9,11,2
1802,988,8,8,0
1803,988,1,1,0
1807,988,4,4,0
1792,989,6,6,0
1794,989,15,15,0
1797,989,10,10,0
1799,989,7,7,0
1803,989,5,5,0
1806,989,2,2,0
1794,990,9,9,0
1795,990,8,8,0
1798,990,6,6,0
1799,990,9,9,0
1800,990,16,18,2
1803,990,5,5,0
1806,990,8,8,0
1792,991,3,3,0
1793,991,8,8,0
1795,991,4,4,0
1797,991,6,6,0
1798,991,69,69,0
1799,991,74,74,0
1800,991,70,73,3
1801,991,13,15,2
1802,991,4,4,0
1803,991,12,12,0
1793,992,2,2,0
1794,992,4,4,0
1797,992,19,19,0
1798,992,76,76,0
1799,992,128,128,0
1800,992,61,64,3
1801,992,14,14,0
1803,992,3,8,5
1804,992,7,7,0
1794,993,3,3,0
1795,993,2,2,0
1797,993,4,4,0
1798,993,34,34,0
1799,993,64,64,0
1800,993,39,42,3
1801,993,5,5,0
1795,994,2,2,0
1798,994,1,1,0
1799,994,9,9,0
1800,994,15,17,2
1806,994,2,2,0
1792,995,7,7,0
1796,995,3,3,0
1802,995,4,4,0
1806,995,3,3,0
1792,996,7,7,0
1796,996,3,3,0
1802,996,1,1,0
1803,996,4,7,3
1806,996,4,5,1
1795,997,2,2,0
1798,997,1,1,0
1799,997,9,9,0
1800,997,15,20,5
1803,997,2,2,0
1805,997,2,2,0
1806,997,5,5,0
1794,998,3,3,0
1795,998,2,2,0
1797,998,4,4,0
1798,998,34,34,0
1799,998,64,64,0
1800,998,72,73,1
1801,998,23,24,1
1803,998,2,2,0
1804,998,1,1,0
1806,998,3,3,0
1793,999,2,2,0
1794,999,4,4,0
1797,999,19,19,0
1798,999,76,76,0
1799,999,128,128,0
1800,999,123,123,0
1801,999,54,54,0
1802,999,8,9,1
1803,999,7,7,0
1804,999,3,3,0
1793,1000,5,5,0
1794,1000,8,8,0
1797,1000,15,15,0
1798,1000,72,72,0
1799,1000,118,118,0
1800,1000,84,84,0
1801,1000,53,53,0
1802,1000,14,14,0
1805,1000,5,5,0
1806,1000,5,5,0
1792,1001,4,4,0
1796,1001,5,5,0
1797,1001,11,11,0
1798,1001,9,9,0
1799,1001,5,5,0
1800,1001,10,10,0
1801,1001,5,5,0
1804,1001,3,3,0
1805,1001,5,5,0
1806,1001,1,1,0
1794,1002,1,1,0
1795,1002,4,4,0
1796,1002,3,3,0
1807,1002,7,7,0
1794,1003,5,5,0
1795,1003,5,5,0
1798,1003,1,1,0
1799,1003,12,12,0
1800,1003,2,2,0
1801,1003,1,1,0
1802,1003,1,1,0
1807,1003,9,9,0
1792,1004,8,8,0
1796,1004,4,4,0
1800,1004,1,1,0
1803,1004,4,4,0
1804,1004,8,8,0
1805,1004,1,1,0
1792,1005,3,3,0
1797,1005,4,4,0
1798,1005,40,40,0
1799,1005,79,79,0
1800,1005,51,51,0
1801,1005,20,20,0
1804,1005,3,3,0
1805,1005,1,1,0
1793,1006,1,1,0
1794,1006,8,8,0
1797,1006,6,6,0
1798,1006,79,79,0
1799,1006,152,152,0
1800,1006,109,109,0
1801,1006,56,56,0
1802,1006,5,5,0
1807,1006,4,4,0
1792,1007,3,3,0
1797,1007,10,10,0
1798,1007,53,53,0
1799,1007,99,99,0
1800,1007,107,107,0
1801,1007,58,58,0
1802,1007,13,13,0
1803,1007,4,4,0
1804,1007,8,8,0
1805,1007,5,5,0
1792,1008,4,4,0
1793,1008,3,3,0
1794,1008,2,2,0
1795,1008,1,1,0
1797,1008,1,1,0
1798,1008,11,11,0
1799,1008,22,22,0
1800,1008,16,16,0
1801,1008,12,12,0
1802,1008,5,5,0
1798,1009,3,3,0
1799,1009,11,11,0
1800,1009,7,7,0
1801,1009,7,7,0
1802,1009,4,4,0
1807,1009,1,1,0
1792,1010,2,2,0
1795,1010,2,2,0
1796,1010,3,3,0
1807,1010,3,3,0
1792,1011,1,1,0
1794,1011,4,4,0
1795,1011,11,11,0
1796,1011,5,5,0
1799,1011,7,7,0
1800,1011,3,3,0
1804,1011,3,3,0
1805,1011,3,3,0
1806,1011,2,2,0
1807,1011,3,3,0
1794,1012,1,1,0
1795,1012,3,3,0
1798,1012,20,20,0
1799,1012,56,56,0
1800,1012,62,62,0
1801,1012,31,31,0
1802,1012,2,2,0
1804,1012,3,3,0
1805,1012,5,5,0
1806,1012,3,3,0
1807,1012,2,2,0
1792,1013,2,2,0
1797,1013,3,3,0
1798,1013,57,57,0
1799,1013,115,115,0
1800,1013,118,118,0
1801,1013,65,65,0
1802,1013,11,11,0
1806,1013,1,1,0
1807,1013,3,3,0
1792,1014,6,6,0
1794,1014,1,1,0
1795,1014,4,4,0
1797,1014,6,6,0
1798,1014,57,57,0
1799,1014,115,115,0
1800,1014,107,107,0
1801,1014,56,56,0
1802,1014,8,8,0
1807,1014,1,1,0
1794,1015,1,1,0
1795,1015,8,8,0
1798,1015,25,25,0
1799,1015,69,69,0
1800,1015,59,59,0
1801,1015,23,23,0
1804,1015,6,6,0
1805,1015,2,2,0
1793,1016,6,6,0
1796,1016,2,2,0
1797,1016,1,1,0
1799,1016,5,5,0
1803,1016,1,1,0
1804,1016,3,3,0
1805,1016,3,3,0
1806,1016,2,2,0
1807,1016,1,1,0
1793,1017,4,4,0
1796,1017,5,5,0
1797,1017,2,2,0
1800,1017,5,5,0
1801,1017,5,5,0
1802,1017,4,4,0
1803,1017,1,1,0
1807,1017,2,2,0
1793,1018,3,3,0
1796,1018,6,6,0
1797,1018,2,2,0
1800,1018,4,4,0
1801,1018,4,4,0
1802,1018,2,2,0
1807,1018,2,2,0
1793,1019,5,5,0
1796,1019,3,3,0
1798,1019,5,5,0
1799,1019,25,25,0
1800,1019,18,18,0
1801,1019,9,9,0
1805,1019,2,2,0
1806,1019,2,2,0
1793,1020,7,7,0
1794,1020,2,2,0
1798,1020,18,18,0
1799,1020,55,55,0
1800,1020,75,75,0
1801,1020,47,47,0
1802,1020,14,14,0
1805,1020,4,4,0
1806,1020,3,3,0
1792,1021,1,1,0
1793,1021,6,6,0
1794,1021,1,1,0
1798,1021,19,19,0
1799,1021,60,60,0
1800,1021,118,118,0
1801,1021,80,80,0
1802,1021,31,31,0
1803,1021,1,1,0
1806,1021,1,1,0
1792,1022,1,1,0
1793,1022,1,1,0
1796,1022,3,3,0
1798,1022,5,5,0
1799,1022,36,36,0
1800,1022,74,74,0
1801,1022,52,52,0
1802,1022,22,22,0
1803,1022,2,2,0
1792,1023,1,1,0
1796,1023,8,8,0
1799,1023,8,8,0
1803,1023,1,1,0
1804,1023,1,1,0
1793,1024,2,2,0
1796,1024,4,4,0
1797,1024,3,3,0
1801,1024,1,1,0
1803,1024,1,1,0
1804,1024,7,7,0
1807,1024,8,8,0
1792,1025,1,1,0
1793,1025,4,4,0
1796,1025,4,4,0
1799,1025,9,9,0
1800,1025,2,2,0
1801,1025,6,6,0
1804,1025,5,5,0
1805,1025,4,4,0
1807,1025,2,2,0
1792,1026,1,1,0
1793,1026,1,1,0
1795,1026,2,2,0
1796,1026,4,4,0
1798,1026,3,3,0
1799,1026,40,40,0
1800,1026,25,25,0
1801,1026,28,28,0
1802,1026,6,6,0
1805,1026,9,9,0
1806,1026,1,1,0
1795,1027,4,4,0
1796,1027,5,5,0
1798,1027,21,21,0
1799,1027,76,76,0
1800,1027,62,62,0
1801,1027,64,64,0
1802,1027,32,32,0
1805,1027,8,8,0
1806,1027,3,3,0
1795,1028,2,2,0
1796,1028,3,3,0
1798,1028,29,29,0
1799,1028,89,89,0
1800,1028,90,90,0
1801,1028,92,92,0
1802,1028,55,55,0
1803,1028,7,7,0
1805,1028,1,1,0
1806,1028,2,2,0
1807,1028,2,2,0
1792,1029,4,4,0
1793,1029,5,5,0
1796,1029,1,1,0
1798,1029,21,21,0
1799,1029,68,68,0
1800,1029,83,83,0
1801,1029,84,84,0
1802,1029,52,52,0
1803,1029,11,11,0
1807,1029,6,6,0
1793,1030,7,7,0
1794,1030,2,2,0
1796,1030,1,1,0
1798,1030,5,5,0
1799,1030,31,31,0
1800,1030,45,45,0
1801,1030,42,42,0
1802,1030,20,20,0
1803,1030,2,2,0
1804,1030,3,3,0
1807,1030,5,5,0
1793,1031,3,3,0
1796,1031,2,2,0
1799,1031,6,6,0
1800,1031,8,8,0
1801,1031,3,3,0
1804,1031,6,6,0
1805,1031,3,3,0
1807,1031,2,2,0
1793,1032,3,3,0
1794,1032,2,2,0
1797,1032,3,3,0
1801,1032,7,7,0
1802,1032,5,5,0
1803,1032,2,2,0
1804,1032,2,2,0
1807,1032,7,7,0
1793,1033,2,2,0
1794,1033,4,4,0
1795,1033,1,1,0
1798,1033,5,5,0
1799,1033,15,15,0
1805,1033,2,2,0
1807,1033,8,8,0
1794,1034,4,4,0
1795,1034,4,4,0
1798,1034,10,10,0
1799,1034,39,39,0
1800,1034,61,61,0
1801,1034,54,54,0
1802,1034,20,20,0
1804,1034,1,1,0
1805,1034,10,10,0
1806,1034,3,3,0
1792,1035,2,2,0
1795,1035,6,6,0
1798,1035,9,9,0
1799,1035,42,42,0
1800,1035,127,127,0
1801,1035,113,113,0
1802,1035,57,57,0
1803,1035,3,3,0
1805,1035,7,7,0
1806,1035,2,2,0
1792,1036,4,4,0
1795,1036,4,4,0
1796,1036,2,2,0
1798,1036,2,2,0
1799,1036,25,25,0
1800,1036,91,91,0
1801,1036,87,87,0
1802,1036,45,45,0
1805,1036,3,3,0
1806,1036,3,3,0
1807,1036,2,2,0
1792,1037,4,4,0
1795,1037,2,2,0
1796,1037,4,4,0
1799,1037,6,6,0
1800,1037,18,18,0
1801,1037,30,30,0
1802,1037,15,15,0
1805,1037,2,2,0
1807,1037,3,3,0
1796,1038,2,2,0
1797,1038,1,1,0
1801,1038,6,6,0
1802,1038,3,3,0
1804,1038,6,6,0
1805,1038,1,1,0
1793,1039,3,3,0
1794,1039,4,4,0
1797,1039,2,2,0
1798,1039,1,1,0
1800,1039,5,5,0
1801,1039,5,5,0
1804,1039,7,7,0
1807,1039,2,2,0
1793,1040,6,6,0
1794,1040,1,1,0
1796,1040,4,4,0
1797,1040,4,4,0
1800,1040,5,5,0
1801,1040,1,1,0
1804,1040,10,10,0
1807,1040,6,6,0
1793,1041,8,8,0
1794,1041,4,4,0
1798,1041,1,1,0
1799,1041,19,19,0
1800,1041,65,65,0
1801,1041,65,65,0
1802,1041,35,35,0
1803,1041,2,2,0
1805,1041,3,3,0
1807,1041,1,1,0
1793,1042,5,5,0
1794,1042,2,2,0
1798,1042,11,11,0
1799,1042,49,49,0
1800,1042,123,123,0
1801,1042,125,125,0
1802,1042,74,74,0
1803,1042,5,5,0
1805,1042,7,7,0
1806,1042,7,7,0
1796,1043,2,2,0
1798,1043,15,15,0
1799,1043,60,60,0
1800,1043,120,120,0
1801,1043,121,121,0
1802,1043,70,70,0
1803,1043,4,4,0
1805,1043,5,5,0
1806,1043,6,6,0
1792,1044,4,4,0
1796,1044,7,7,0
1798,1044,6,6,0
1799,1044,39,39,0
1800,1044,65,65,0
1801,1044,61,61,0
1802,1044,30,30,0
1803,1044,1,1,0
1805,1044,1,1,0
1807,1044,4,4,0
1792,1045,9,9,0
1793,1045,5,5,0
1796,1045,8,8,0
1799,1045,9,9,0
1800,1045,11,11,0
1801,1045,6,6,0
1804,1045,7,7,0
1807,1045,8,8,0
1792,1046,2,2,0
1793,1046,8,8,0
1796,1046,6,6,0
1804,1046,8,8,0
1807,1046,5,5,0
1793,1047,6,6,0
1794,1047,2,2,0
1796,1047,4,4,0
1797,1047,4,4,0
1800,1047,5,5,0
1801,1047,9,9,0
1804,1047,5,5,0
1805,1047,2,2,0
1807,1047,1,1,0
1794,1048,3,3,0
1799,1048,7,7,0
1800,1048,16,16,0
1801,1048,15,15,0
1802,1048,3,3,0
1803,1048,1,1,0
1804,1048,7,7,0
1807,1048,3,3,0
1793,1049,1,1,0
1794,1049,3,3,0
1795,1049,1,1,0
1797,1049,2,2,0
1798,1049,13,13,0
1799,1049,22,22,0
1800,1049,54,54,0
1801,1049,68,68,0
1802,1049,46,46,0
1803,1049,8,8,0
1807,1049,4,4,0
1793,1050,1,1,0
1794,1050,1,1,0
1797,1050,5,5,0
1798,1050,16,16,0
1799,1050,25,25,0
1800,1050,60,60,0
1801,1050,95,95,0
1802,1050,74,74,0
1803,1050,12,12,0
1805,1050,2,2,0
1806,1050,6,6,0
1792,1051,1,1,0
1793,1051,2,2,0
1794,1051,1,1,0
1798,1051,4,4,0
1799,1051,10,10,0
1800,1051,20,20,0
1801,1051,61,61,0
1802,1051,54,54,0
1803,1051,8,8,0
1805,1051,5,5,0
1806,1051,3,3,0
1793,1052,1,1,0
1794,1052,1,1,0
1801,1052,16,16,0
1802,1052,14,14,0
1804,1052,1,1,0
1805,1052,3,3,0
1794,1053,1,1,0
1795,1053,3,3,0
1796,1053,3,3,0
1797,1053,2,2,0
1800,1053,2,2,0
1801,1053,4,4,0
1804,1053,4,4,0
1807,1053,6,6,0
1792,1054,1,1,0
1795,1054,1,1,0
1796,1054,3,3,0
1797,1054,4,4,0
1798,1054,3,3,0
1799,1054,2,2,0
1800,1054,7,7,0
1801,1054,8,8,0
1804,1054,4,4,0
1807,1054,6,6,0
1792,1055,5,5,0
1793,1055,2,2,0
1798,1055,1,1,0
1801,1055,8,8,0
1802,1055,4,4,0
1804,1055,5,5,0
1805,1055,4,4,0
1800,1056,39,39,0
1801,1056,63,63,0
1802,1056,54,54,0
1803,1056,10,10,0
1805,1056,3,3,0
1806,1056,8,8,0
1800,1057,77,77,0
1801,1057,94,94,0
1802,1057,82,82,0
1803,1057,34,34,0
1804,1057,1,1,0
1805,1057,3,3,0
1806,1057,9,9,0
1807,1057,3,3,0
1800,1058,89,89,0
1801,1058,98,98,0
1802,1058,86,86,0
1803,1058,44,44,0
1804,1058,5,5,0
1807,1058,2,2,0
1800,1059,9,9,0
1801,1059,17,17,0
1802,1059,19,19,0
1803,1059,9,9,0
1807,1059,8,8,0
1802,1060,2,2,0
1803,1060,6,6,0
1804,1060,5,5,0
1805,1060,1,1,0
1807,1060,1,1,0
1800,1061,4,4,0
1801,1061,4,4,0
1802,1061,3,3,0
1803,1061,3,3,0
1804,1061,6,6,0
1805,1061,7,7,0
1806,1061,2,2,0
1800,1062,1,1,0
1801,1062,3,3,0
1805,1062,2,2,0
1806,1062,9,9,0
1807,1062,6,6,0
1800,1063,114,114,0
1801,1063,108,108,0
1802,1063,77,77,0
1803,1063,28,28,0
1797,1064,1,1,0
1798,1064,2,2,0
1799,1064,2,2,0
1800,1064,116,116,0
1801,1064,215,215,0
1802,1064,158,158,0
1803,1064,113,113,0
1805,1064,12,12,0
1807,1064,2,2,0
1797,1065,1,1,0
1798,1065,1,1,0
1799,1065,2,2,0
1800,1065,93,93,0
1801,1065,179,179,0
1802,1065,138,138,0
1803,1065,99,99,0
1805,1065,8,8,0
1807,1065,2,2,0
1797,1066,1,1,0
1798,1066,1,1,0
1799,1066,1,1,0
1800,1066,23,23,0
1801,1066,89,89,0
1802,1066,70,70,0
1803,1066,48,48,0
1801,1067,19,19,0
1802,1067,10,10,0
1803,1067,2,2,0
1801,1068,12,12,0
1804,1068,10,10,0
1806,1068,6,6,0
1792,1069,1,1,0
1793,1069,1,1,0
1794,1069,1,1,0
1801,1069,14,14,0
1804,1069,7,7,0
1805,1069,1,1,0
1806,1069,6,6,0
1792,1070,2,2,0
1793,1070,1,1,0
1794,1070,1,1,0
1801,1070,27,27,0
1802,1070,7,7,0
1803,1070,3,3,0
1806,1070,1,1,0
1792,1071,2,2,0
1793,1071,2,2,0
1794,1071,1,1,0
1800,1071,14,14,0
1801,1071,64,64,0
1802,1071,44,44,0
1803,1071,33,33,0
1804,1071,2,2,0
1805,1071,1,1,0
1800,1072,48,48,0
1801,1072,76,76,0
1802,1072,65,65,0
1803,1072,22,22,0
1804,1072,2,2,0
1805,1072,2,2,0
1806,1072,3,3,0
1807,1072,7,7,0
1800,1073,9,9,0
1801,1073,32,32,0
1802,1073,25,25,0
1801,1074,5,5,0
1804,1074,2,2,0
1805,1074,5,5,0
1800,1075,3,3,0
1801,1075,7,7,0
1804,1075,9,9,0
1805,1075,10,10,0
1800,1076,1,1,0
1801,1076,10,10,0
1804,1076,1,1,0
1805,1076,4,4,0
1801,1077,19,19,0
1802,1077,17,17,0
1805,1077,2,2,0
1807,1077,1,1,0
1801,1078,46,46,0
1802,1078,54,54,0
1803,1078,17,17,0
1805,1078,3,3,0
1806,1078,5,5,0
1807,1078,5,5,0
1800,1079,6,6,0
1801,1079,71,71,0
1802,1079,84,84,0
1803,1079,33,33,0
1800,1080,11,11,0
1801,1080,33,33,0
1802,1080,38,38,0
1803,1080,18,18,0
1804,1080,1,1,0
1805,1080,2,2,0
1806,1080,2,2,0
1801,1081,7,7,0
1802,1081,12,12,0
1803,1081,3,3,0
1806,1081,3,3,0
1801,1082,1,1,0
1802,1082,1,1,0
1800,1083,6,6,0
1801,1083,2,2,0
1804,1083,1,1,0
1805,1084,2,2,0
1806,1084,4,4,0
1807,1084,6,6,0
1800,1085,14,14,0
1801,1085,29,29,0
1802,1085,32,32,0
1803,1085,16,16,0
1804,1085,2,2,0
1805,1085,2,2,0
1806,1085,5,5,0
1807,1085,3,3,0
1800,1086,33,33,0
1801,1086,65,65,0
1802,1086,71,71,0
1803,1086,34,34,0
1804,1086,2,2,0
1806,1086,2,2,0
1800,1087,23,23,0
1801,1087,68,68,0
1802,1087,80,80,0
1803,1087,36,36,0
1806,1087,4,4,0
1801,1088,20,20,0
1802,1088,27,27,0
1803,1088,10,10,0
1805,1088,2,2,0
1806,1088,3,3,0
1800,1089,7,7,0
1801,1089,7,7,0
1802,1089,5,5,0
1803,1089,2,2,0
1804,1089,1,1,0
1800,1090,8,8,0
1804,1090,6,6,0
1805,1090,3,3,0
1802,1091,2,2,0
1803,1091,1,1,0
1807,1091,1,1,0
1800,1092,1,1,0
1801,1092,37,37,0
1802,1092,51,51,0
1803,1092,22,22,0
1800,1093,29,29,0
1801,1093,80,80,0
1802,1093,96,96,0
1803,1093,51,51,0
1804,1093,7,7,0
1805,1093,2,2,0
1806,1093,5,5,0
1800,1094,30,30,0
1801,1094,67,67,0
1802,1094,80,80,0
1803,1094,46,46,0
1804,1094,11,11,0
1805,1094,4,4,0
1806,1094,7,7,0
1807,1094,3,3,0
1801,1095,16,16,0
1802,1095,25,25,0
1803,1095,14,14,0
1800,1096,4,4,0
1803,1096,3,3,0
1807,1096,13,13,0
1800,1097,3,3,0
1803,1097,6,6,0
1804,1097,8,8,0
1805,1097,2,2,0
1801,1098,2,2,0
1802,1098,1,1,0
1804,1098,5,5,0
1805,1098,10,10,0
1806,1098,3,3,0
1801,1099,14,14,0
1802,1099,17,17,0
1805,1099,3,3,0
1806,1099,5,5,0
1800,1100,1,1,0
1801,1100,37,37,0
1802,1100,52,52,0
1803,1100,26,26,0
1806,1100,3,3,0
1807,1100,1,1,0
1800,1101,6,6,0
1801,1101,48,48,0
1802,1101,73,73,0
1803,1101,51,51,0
1804,1101,16,16,0
1800,1102,3,3,0
1801,1102,28,28,0
1802,1102,45,45,0
1803,1102,35,35,0
1804,1102,14,14,0
1805,1102,1,1,0
1802,1104,1,1,0
1803,1104,2,2,0
1804,1104,2,2,0
1800,1105,2,2,0
1801,1105,2,2,0
1802,1105,3,3,0
1803,1105,3,3,0
1804,1105,2,2,0
1805,1105,2,2,0
1806,1105,2,2,0
1807,1105,2,2,0
1801,1106,4,4,0
1802,1106,8,8,0
1803,1106,6,6,0
1801,1107,17,17,0
1802,1107,32,32,0
1803,1107,28,28,0
1804,1107,10,10,0
1800,1108,9,9,0
1801,1108,37,37,0
1802,1108,62,62,0
1803,1108,58,58,0
1804,1108,29,29,0
1805,1108,3,3,0
1807,1108,5,5,0
1800,1109,8,8,0
1801,1109,34,34,0
1802,1109,58,58,0
1803,1109,54,54,0
1804,1109,27,27,0
1805,1109,2,2,0
1807,1109,3,3,0
1800,1110,1,1,0
1801,1110,13,13,0
1802,1110,23,23,0
1803,1110,21,21,0
1804,1110,8,8,0
1800,1111,3,3,0
1806,1111,2,2,0
1807,1111,3,3,0
1800,1112,2,2,0
1803,1112,6,6,0
1804,1112,2,2,0
1805,1112,5,5,0
1806,1112,7,7,0
1802,1113,4,4,0
1803,1113,5,5,0
1806,1113,1,1,0
1800,1114,6,6,0
1801,1114,16,16,0
1802,1114,37,37,0
1803,1114,34,34,0
1804,1114,5,5,0
1806,1114,1,1,0
1807,1114,2,2,0
1800,1115,10,10,0
1801,1115,34,34,0
1802,1115,70,70,0
1803,1115,68,68,0
1804,1115,27,27,0
1805,1115,1,1,0
1806,1115,1,1,0
1801,1116,23,23,0
1802,1116,60,60,0
1803,1116,60,60,0
1804,1116,20,20,0
1801,1117,5,5,0
1802,1117,28,28,0
1803,1117,28,28,0
1804,1117,1,1,0
1806,1117,2,2,0
1807,1117,4,4,0
1802,1118,7,7,0
1803,1118,9,9,0
1806,1118,9,9,0
1807,1118,6,6,0
1800,1119,2,2,0
1803,1119,6,6,0
1804,1119,1,1,0
1805,1119,4,4,0
1806,1119,6,6,0
1800,1120,13,13,0
1801,1120,3,3,0
1802,1120,1,1,0
1805,1120,3,3,0
1806,1120,7,7,0
1801,1121,1,1,0
1802,1121,24,24,0
1803,1121,23,23,0
1804,1121,1,1,0
1806,1121,7,7,0
1807,1121,3,3,0
1801,1122,30,30,0
1802,1122,71,71,0
1803,1122,63,63,0
1804,1122,15,15,0
1806,1122,1,1,0
1807,1122,4,4,0
1800,1123,8,8,0
1801,1123,43,43,0
1802,1123,82,82,0
1803,1123,71,71,0
1804,1123,20,20,0
1801,1124,14,14,0
1802,1124,39,39,0
1803,1124,35,35,0
1804,1124,6,6,0
1806,1124,4,4,0
1802,1125,4,4,0
1803,1125,3,3,0
1805,1125,1,1,0
1806,1125,6,6,0
1800,1126,10,10,0
1801,1126,1,1,0
1802,1126,2,2,0
1805,1126,2,2,0
1806,1126,6,6,0
1800,1127,4,4,0
1802,1127,2,2,0
1805,1127,2,2,0
1806,1127,9,9,0
1800,1128,3,3,0
1803,1128,2,2,0
1804,1128,3,3,0
1807,1128,1,1,0
1800,1129,3,3,0
1801,1129,13,13,0
1802,1129,29,29,0
1803,1129,38,38,0
1804,1129,28,28,0
1805,1129,8,8,0
1801,1130,20,20,0
1802,1130,46,46,0
1803,1130,55,55,0
1804,1130,36,36,0
1805,1130,8,8,0
1801,1131,10,10,0
1802,1131,28,28,0
1803,1131,33,33,0
1804,1131,17,17,0
1807,1131,4,4,0
1802,1132,5,5,0
1803,1132,9,9,0
1804,1132,3,3,0
1807,1132,3,3,0
1800,1133,5,5,0
1803,1133,6,6,0
1804,1133,6,6,0
1800,1134,5,5,0
1803,1134,4,4,0
1804,1134,6,6,0
1800,1135,1,1,0
1807,1135,7,7,0
1800,1136,5,5,0
1801,1136,13,13,0
1802,1136,32,32,0
1803,1136,30,30,0
1804,1136,3,3,0
1806,1136,4,4,0
1807,1136,6,6,0
1801,1137,31,31,0
1802,1137,84,84,0
1803,1137,85,85,0
1804,1137,33,33,0
1801,1138,13,13,0
1802,1138,46,46,0
1803,1138,55,55,0
1804,1138,27,27,0
1805,1138,7,7,0
1800,1139,2,2,0
1803,1139,3,3,0
1805,1139,6,6,0
1806,1139,9,9,0
1802,1140,11,11,0
1803,1140,12,12,0
1806,1140,4,4,0
1807,1140,1,1,0
1800,1141,4,4,0
1802,1141,1,1,0
1803,1141,4,4,0
1806,1141,2,2,0
1800,1142,6,6,0
1805,1142,3,3,0
1806,1142,5,5,0
1801,1143,13,13,0
1802,1143,48,48,0
1803,1143,48,48,0
1804,1143,11,11,0
1807,1143,3,3,0
1801,1144,12,12,0
1802,1144,67,67,0
1803,1144,93,93,0
1804,1144,54,54,0
1805,1144,7,7,0
1807,1144,3,3,0
1800,1145,13,13,0
1801,1145,34,34,0
1802,1145,76,76,0
1803,1145,86,86,0
1804,1145,43,43,0
1805,1145,3,3,0
1801,1146,16,16,0
1802,1146,44,44,0
1803,1146,44,44,0
1804,1146,11,11,0
1802,1147,6,6,0
1803,1147,4,4,0
1806,1147,7,7,0
1807,1147,1,1,0
1800,1148,11,11,0
1801,1148,2,2,0
1802,1148,1,1,0
1805,1148,5,5,0
1806,1148,11,11,0
1800,1149,8,8,0
1803,1149,2,2,0
1805,1149,2,2,0
1806,1149,5,5,0
1802,1150,2,2,0
1803,1150,18,18,0
1804,1150,6,6,0
1800,1151,9,9,0
1801,1151,7,7,0
1802,1151,32,32,0
1803,1151,50,50,0
1804,1151,25,25,0
1807,1151,9,9,0
1800,1152,5,5,0
1801,1152,12,12,0
1802,1152,42,42,0
1803,1152,71,71,0
1804,1152,55,55,0
1805,1152,8,8,0
1807,1152,2,2,0
1800,1153,5,5,0
1801,1153,5,5,0
1802,1153,20,20,0
1803,1153,37,37,0
1804,1153,28,28,0
1805,1153,2,2,0
1807,1153,7,7,0
1800,1154,1,1,0
1803,1154,4,4,0
1804,1154,3,3,0
1800,1155,1,1,0
1801,1155,2,2,0
1804,1155,2,2,0
1805,1155,6,6,0
1806,1155,2,2,0
1801,1156,5,5,0
1802,1156,5,5,0
1803,1156,1,1,0
1804,1156,4,4,0
1805,1156,10,10,0
1806,1156,8,8,0
1802,1157,4,4,0
1803,1157,1,1,0
1806,1157,1,1,0
1807,1157,2,2,0
1801,1158,8,8,0
1802,1158,27,27,0
1803,1158,30,30,0
1804,1158,14,14,0
1800,1159,11,11,0
1801,1159,35,35,0
1802,1159,68,68,0
1803,1159,79,79,0
1804,1159,52,52,0
1805,1159,13,13,0
1807,1159,2,2,0
1801,1160,22,22,0
1802,1160,61,61,0
1803,1160,66,66,0
1804,1160,34,34,0
1805,1160,11,11,0
1806,1160,4,4,0
1800,1161,2,2,0
1801,1161,3,3,0
1802,1161,15,15,0
1803,1161,14,14,0
1806,1161,6,6,0
1807,1161,3,3,0
1800,1162,4,4,0
1803,1162,2,2,0
1805,1162,3,3,0
1806,1162,9,9,0
1800,1163,7,7,0
1803,1163,8,8,0
1804,1163,4,4,0
1805,1163,4,4,0
1806,1163,4,4,0
1800,1164,5,5,0
1803,1164,5,5,0
1802,1165,27,27,0
1803,1165,42,42,0
1804,1165,19,19,0
1801,1166,9,9,0
1802,1166,53,53,0
1803,1166,77,77,0
1804,1166,49,49,0
1805,1166,14,14,0
1806,1166,2,2,0
1800,1167,3,3,0
1801,1167,11,11,0
1802,1167,43,43,0
1803,1167,59,59,0
1804,1167,29,29,0
1802,1168,13,13,0
1803,1168,21,21,0
1804,1168,7,7,0
1805,1168,2,2,0
1806,1168,7,7,0
1807,1168,3,3,0
1800,1169,12,12,0
1803,1169,3,3,0
1806,1169,6,6,0
1807,1169,5,5,0
1800,1170,7,7,0
1803,1170,9,9,0
1804,1170,2,2,0
1806,1170,3,3,0
1802,1171,3,3,0
1803,1171,16,16,0
1804,1171,4,4,0
1807,1171,1,1,0
1800,1172,4,4,0
1801,1172,1,1,0
1802,1172,19,19,0
1803,1172,28,28,0
1804,1172,5,5,0
1807,1172,11,11,0
1800,1173,1,1,0
1801,1173,14,14,0
1802,1173,55,55,0
1803,1173,78,78,0
1804,1173,46,46,0
1805,1173,7,7,0
1807,1173,1,1,0
1801,1174,12,12,0
1802,1174,64,64,0
1803,1174,97,97,0
1804,1174,68,68,0
1805,1174,20,20,0
1800,1175,1,1,0
1801,1175,1,1,0
1802,1175,31,31,0
1803,1175,57,57,0
1804,1175,35,35,0
1805,1175,5,5,0
1807,1175,5,5,0
1801,1176,2,2,0
1802,1176,5,5,0
1803,1176,5,5,0
1804,1176,4,4,0
1805,1176,4,4,0
1806,1176,1,1,0
1801,1177,2,2,0
1802,1177,5,5,0
1803,1177,5,5,0
1804,1177,4,4,0
1805,1177,3,3,0
1806,1177,2,2,0
1807,1177,1,1,0
1801,1178,1,1,0
1802,1178,1,1,0
1803,1178,1,1,0
1807,1178,3,3,0
1800,1179,2,2,0
1801,1179,3,3,0
1802,1179,7,7,0
1803,1179,10,10,0
1804,1179,5,5,0
1807,1179,1,1,0
1800,1180,2,2,0
1801,1180,12,12,0
1802,1180,31,31,0
1803,1180,45,45,0
1804,1180,37,37,0
1805,1180,15,15,0
1801,1181,17,17,0
1802,1181,50,50,0
1803,1181,74,74,0
1804,1181,64,64,0
1805,1181,30,30,0
1806,1181,3,3,0
1801,1182,10,10,0
1802,1182,35,35,0
1803,1182,55,55,0
1804,1182,46,46,0
1805,1182,18,18,0
1806,1182,2,2,0
1807,1182,4,4,0
1802,1183,5,5,0
1803,1183,14,14,0
1804,1183,6,6,0
1807,1183,13,13,0
1803,1184,6,6,0
1804,1184,5,5,0
1800,1185,4,4,0
1801,1185,2,2,0
1805,1185,2,2,0
1806,1185,4,4,0
1807,1185,2,2,0
1801,1186,3,3,0
1802,1186,4,4,0
1803,1186,4,4,0
1804,1186,5,5,0
1805,1186,7,7,0
1806,1186,4,4,0
1801,1187,7,7,0
1802,1187,31,31,0
1803,1187,54,54,0
1804,1187,48,48,0
1805,1187,19,19,0
1800,1188,3,3,0
1801,1188,11,11,0
1802,1188,51,51,0
1803,1188,93,93,0
1804,1188,77,77,0
1805,1188,20,20,0
1807,1188,9,9,0
1800,1189,3,3,0
1801,1189,2,2,0
1802,1189,33,33,0
1803,1189,70,70,0
1804,1189,54,54,0
1807,1189,10,10,0
1802,1190,7,7,0
1803,1190,20,20,0
1804,1190,12,12,0
1807,1190,2,2,0
1800,1191,2,2,0
1801,1191,4,4,0
1802,1191,1,1,0
1805,1191,4,4,0
1806,1191,6,6,0
1807,1191,1,1,0
1800,1192,2,2,0
1801,1192,3,3,0
1802,1192,3,3,0
1803,1192,2,2,0
1804,1192,2,2,0
1805,1192,2,2,0
1806,1192,2,2,0
1807,1192,1,1,0
1803,1193,4,4,0
1804,1193,6,6,0
1805,1193,2,2,0
1806,1193,1,1,0
1807,1193,5,5,0
1802,1194,11,11,0
1803,1194,32,32,0
1804,1194,30,30,0
1805,1194,8,8,0
1807,1194,4,4,0
1800,1195,1,1,0
1801,1195,10,10,0
1802,1195,43,43,0
1803,1195,74,74,0
1804,1195,60,60,0
1805,1195,16,16,0
1807,1195,1,1,0
1800,1196,2,2,0
1801,1196,17,17,0
1802,1196,53,53,0
1803,1196,80,80,0
1804,1196,58,58,0
1805,1196,10,10,0
1807,1196,4,4,0
1801,1197,8,8,0
1802,1197,29,29,0
1803,1197,43,43,0
1804,1197,27,27,0
1807,1197,9,9,0
1800,1198,1,1,0
1802,1198,1,1,0
1803,1198,6,6,0
1804,1198,5,5,0
1807,1198,4,4,0
1800,1199,5,5,0
1804,1199,4,4,0
1805,1199,8,8,0
1806,1199,1,1,0
1800,1200,2,2,0
1803,1200,9,9,0
1804,1200,6,6,0
1807,1200,9,9,0
1801,1201,3,3,0
1802,1201,24,24,0
1803,1201,41,41,0
1804,1201,31,31,0
1805,1201,5,5,0
1801,1202,19,19,0
1802,1202,56,56,0
1803,1202,78,78,0
1804,1202,63,63,0
1805,1202,26,26,0
1806,1202,2,2,0
1801,1203,21,21,0
1802,1203,54,54,0
1803,1203,74,74,0
1804,1203,63,63,0
1805,1203,32,32,0
1806,1203,7,7,0
1800,1204,1,1,0
1801,1204,7,7,0
1802,1204,20,20,0
1803,1204,31,31,0
1804,1204,30,30,0
1805,1204,15,15,0
1806,1204,1,1,0
1800,1205,4,4,0
1804,1205,4,4,0
1805,1205,4,4,0
1806,1205,1,1,0
1800,1206,3,3,0
1801,1206,2,2,0
1802,1206,1,1,0
1805,1206,2,2,0
1806,1206,3,3,0
1807,1206,4,4,0
1802,1207,6,6,0
1803,1207,4,4,0
1800,1208,5,5,0
1803,1208,12,12,0
1804,1208,10,10,0
1807,1208,1,1,0
1801,1209,7,7,0
1802,1209,36,36,0
1803,1209,59,59,0
1804,1209,52,52,0
1805,1209,21,21,0
1806,1209,1,1,0
1801,1210,13,13,0
1802,1210,55,55,0
1803,1210,83,83,0
1804,1210,72,72,0
1805,1210,35,35,0
1806,1210,6,6,0
1801,1211,7,7,0
1802,1211,32,32,0
1803,1211,50,50,0
1804,1211,43,43,0
1805,1211,20,20,0
1806,1211,2,2,0
1800,1212,3,3,0
1803,1212,5,5,0
1804,1212,7,7,0
1805,1212,2,2,0
1800,1213,7,7,0
1805,1213,2,2,0
1800,1214,1,1,0
1801,1214,1,1,0
1802,1214,1,1,0
1803,1214,3,3,0
1804,1214,5,5,0
1805,1214,6,6,0
1806,1214,2,2,0
1801,1215,2,2,0
1802,1215,10,10,0
1803,1215,10,10,0
1804,1215,7,7,0
1805,1215,5,5,0
1806,1215,2,2,0
1800,1216,3,3,0
1801,1216,2,2,0
1802,1216,8,8,0
1803,1216,19,19,0
1804,1216,22,22,0
1805,1216,13,13,0
1806,1216,4,4,0
1807,1216,2,2,0
1801,1217,4,4,0
1802,1217,36,36,0
1803,1217,72,72,0
1804,1217,68,68,0
1805,1217,28,28,0
1800,1218,1,1,0
1802,1218,25,25,0
1803,1218,61,61,0
1804,1218,52,52,0
1805,1218,7,7,0
1807,1218,5,5,0
1800,1219,7,7,0
1802,1219,1,1,0
1803,1219,17,17,0
1804,1219,10,10,0
1807,1219,10,10,0
1800,1220,2,2,0
1801,1220,2,2,0
1802,1220,3,3,0
1803,1220,6,6,0
1804,1220,7,7,0
1805,1220,6,6,0
1806,1220,3,3,0
1807,1220,1,1,0
1801,1221,2,2,0
1805,1221,8,8,0
1806,1221,5,5,0
1800,1223,1,1,0
1801,1223,3,3,0
1802,1223,19,19,0
1803,1223,37,37,0
1804,1223,29,29,0
1805,1223,3,3,0
1807,1223,5,5,0
1801,1224,5,5,0
1802,1224,35,35,0
1803,1224,61,61,0
1804,1224,50,50,0
1805,1224,15,15,0
1807,1224,7,7,0
1801,1225,1,1,0
1802,1225,16,16,0
1803,1225,28,28,0
1804,1225,21,21,0
1805,1225,2,2,0
1807,1225,5,5,0
1801,1226,1,1,0
1802,1226,4,4,0
1803,1226,4,4,0
1804,1226,1,1,0
1801,1227,4,4,0
1802,1227,4,4,0
1803,1227,1,1,0
1804,1227,2,2,0
1805,1227,6,6,0
1806,1227,3,3,0
1800,1228,1,1,0
1801,1228,4,4,0
1802,1228,2,2,0
1804,1228,1,1,0
1805,1228,6,6,0
1806,1228,3,3,0
1800,1229,3,3,0
1800,1230,3,3,0
1802,1230,7,7,0
1803,1230,19,19,0
1804,1230,18,18,0
1805,1230,4,4,0
1807,1230,2,2,0
1800,1231,2,2,0
1801,1231,4,4,0
1802,1231,24,24,0
1803,1231,49,49,0
1804,1231,46,46,0
1805,1231,17,17,0
1807,1231,4,4,0
1800,1232,6,6,0
1801,1232,1,1,0
1802,1232,27,27,0
1803,1232,55,55,0
1804,1232,44,44,0
1805,1232,20,20,0
1806,1232,8,8,0
1807,1232,1,1,0
1800,1233,2,2,0
1802,1233,13,13,0
1803,1233,30,30,0
1804,1233,19,19,0
1805,1233,6,6,0
1806,1233,3,3,0
1800,1234,5,5,0
1802,1234,6,6,0
1803,1234,9,9,0
1806,1234,5,5,0
1800,1235,6,6,0
1802,1235,4,4,0
1803,1235,2,2,0
1806,1235,7,7,0
1807,1235,1,1,0
1802,1236,4,4,0
1803,1236,9,9,0
1806,1236,2,2,0
1800,1237,2,2,0
1802,1237,16,16,0
1803,1237,36,36,0
1804,1237,25,25,0
1805,1237,9,9,0
1806,1237,4,4,0
1800,1238,8,8,0
1802,1238,29,29,0
1803,1238,64,64,0
1804,1238,53,53,0
1805,1238,21,21,0
1806,1238,7,7,0
1807,1238,3,3,0
1800,1239,6,6,0
1802,1239,28,28,0
1803,1239,74,74,0
1804,1239,63,63,0
1805,1239,21,21,0
1806,1239,1,1,0
1807,1239,1,1,0
1801,1240,7,7,0
1802,1240,18,18,0
1803,1240,18,18,0
1804,1240,11,11,0
1805,1240,5,5,0
1806,1240,2,2,0
1807,1240,2,2,0
1802,1241,6,6,0
1803,1241,5,5,0
1804,1241,1,1,0
1800,1242,2,2,0
1801,1242,1,1,0
1802,1242,1,1,0
1803,1242,2,2,0
1804,1242,1,1,0
1800,1243,7,7,0
1801,1243,2,2,0
1802,1243,1,1,0
1803,1243,5,5,0
1804,1243,7,7,0
1805,1243,4,4,0
1806,1243,1,1,0
1807,1243,1,1,0
1800,1244,2,2,0
1803,1244,9,9,0
1804,1244,11,11,0
1805,1244,2,2,0
1800,1245,2,2,0
1802,1245,7,7,0
1803,1245,20,20,0
1804,1245,19,19,0
1805,1245,5,5,0
1800,1246,4,4,0
1801,1246,3,3,0
1802,1246,14,14,0
1803,1246,27,27,0
1804,1246,23,23,0
1805,1246,5,5,0
1807,1246,8,8,0
1802,1247,10,10,0
1803,1247,22,22,0
1804,1247,15,15,0
1807,1247,6,6,0
1800,1248,4,4,0
1801,1248,3,3,0
1802,1248,3,3,0
1803,1248,2,2,0
1804,1248,2,2,0
1805,1248,1,1,0
1806,1248,1,1,0
1807,1248,1,1,0
1800,1249,1,1,0
1801,1249,1,1,0
1802,1249,1,1,0
1803,1249,1,1,0
1802,1250,1,1,0
1803,1250,1,1,0
1800,1251,1,1,0
1801,1251,2,2,0
1802,1251,3,3,0
1803,1251,3,3,0
1804,1251,3,3,0
1805,1251,1,1,0
1800,1252,3,3,0
1801,1252,4,4,0
1802,1252,6,6,0
1803,1252,7,7,0
1804,1252,7,7,0
1805,1252,5,5,0
1806,1252,2,2,0
1800,1253,4,4,0
1801,1253,6,6,0
1802,1253,8,8,0
1803,1253,10,10,0
1804,1253,10,10,0
1805,1253,7,7,0
1806,1253,4,4,0
1807,1253,1,1,0
1800,1254,2,2,0
1801,1254,5,5,0
1802,1254,8,8,0
1803,1254,10,10,0
1804,1254,9,9,0
1805,1254,6,6,0
1806,1254,2,2,0
1801,1255,3,3,0
1802,1255,6,6,0
1803,1255,9,9,0
1804,1255,8,8,0
1805,1255,5,5,0
1806,1255,1,1,0
1801,1256,2,2,0
1802,1256,5,5,0
1803,1256,3,3,0
1804,1256,5,5,0
1805,1256,8,8,0
1806,1256,1,1,0
1800,1257,3,3,0
1807,1257,1,1,0
1800,1258,4,4,0
1803,1258,5,5,0
1807,1258,8,8,0
1802,1259,11,11,0
1803,1259,28,28,0
1804,1259,21,21,0
1807,1259,7,7,0
1802,1260,15,15,0
1803,1260,34,34,0
1804,1260,27,27,0
1805,1260,2,2,0
1807,1260,6,6,0
1800,1261,3,3,0
1801,1261,1,1,0
1802,1261,7,7,0
1803,1261,16,16,0
1804,1261,12,12,0
1807,1261,7,7,0
1800,1262,4,4,0
1801,1262,3,3,0
1802,1262,1,1,0
1807,1262,2,2,0
1800,1263,1,1,0
1801,1263,4,4,0
1802,1263,2,2,0
1805,1263,5,5,0
1806,1263,2,2,0
1800,1264,2,2,0
1801,1264,2,2,0
1802,1264,2,2,0
1803,1264,1,1,0
1804,1264,1,1,0
1800,1265,2,2,0
1801,1265,3,3,0
1802,1265,3,3,0
1803,1265,4,4,0
1804,1265,3,3,0
1805,1265,2,2,0
1806,1265,1,1,0
1800,1266,2,2,0
1801,1266,3,3,0
1802,1266,6,6,0
1803,1266,7,7,0
1804,1266,7,7,0
1805,1266,4,4,0
1806,1266,1,1,0
1800,1267,1,1,0
1801,1267,4,4,0
1802,1267,7,7,0
1803,1267,10,10,0
1804,1267,9,9,0
1805,1267,6,6,0
1806,1267,2,2,0
1800,1268,1,1,0
1801,1268,4,4,0
1802,1268,7,7,0
1803,1268,10,10,0
1804,1268,9,9,0
1805,1268,6,6,0
1806,1268,2,2,0
1800,1269,2,2,0
1801,1269,3,3,0
1802,1269,6,6,0
1803,1269,7,7,0
1804,1269,7,7,0
1805,1269,4,4,0
1806,1269,1,1,0
1800,1270,2,2,0
1801,1270,3,3,0
1802,1270,3,3,0
1803,1270,4,4,0
1804,1270,3,3,0
1805,1270,2,2,0
1806,1270,1,1,0
1800,1271,2,2,0
1801,1271,2,2,0
1802,1271,2,2,0
1803,1271,1,1,0
1804,1271,1,1,0
208,2240,4,4,0
209,2240,4,4,0
210,2240,3,3,0
211,2240,2,2,0
212,2240,1,1,0
208,2241,4,4,0
209,2241,3,3,0
210,2241,3,3,0
211,2241,2,2,0
212,2241,1,1,0
208,2242,3,3,0
209,2242,3,3,0
210,2242,2,2,0
211,2242,1,1,0
208,2243,2,2,0
209,2243,2,2,0
210,2243,1,1,0
211,2243,1,1,0
208,2244,1,1,0
