X,Y,Subtracted,Original 1,Original 2
1823,1271,1,1,0
336,544,2,3,1
337,544,1,1,0
338,544,1,2,1
339,544,1,4,3
336,546,1,5,4
337,546,1,6,5
338,546,1,5,4
337,547,1,6,5
341,548,1,3,2
342,548,1,6,5
343,548,1,2,1
342,549,1,5,4
341,550,1,5,4
342,550,1,3,2
341,551,1,6,5
342,551,1,7,6
1785,832,8,8,0
1786,832,5,5,0
1789,832,6,8,2
1790,832,4,5,1
1797,832,6,6,0
1793,833,1,6,5
1796,833,2,2,0
1784,834,3,3,0
1787,834,1,1,0
1791,834,5,5,0
1795,834,2,3,1
1799,834,4,4,0
1784,835,4,4,0
1787,835,4,4,0
1790,835,3,26,23
1791,835,23,63,40
1792,835,3,20,17
1793,835,6,6,0
1799,835,2,4,2
1787,836,4,6,2
1791,836,7,131,124
1792,836,25,92,67
1793,836,34,48,14
1794,836,5,5,0
1797,836,5,5,0
1792,837,43,108,65
1793,837,46,55,9
1794,837,4,4,0
1797,837,8,8,0
1784,838,2,4,2
1786,838,2,2,0
1792,838,34,53,19
1793,838,18,18,0
1796,838,3,3,0
1797,838,2,2,0
1787,839,3,4,1
1788,839,2,2,0
1790,839,1,1,0
1791,839,3,5,2
1792,839,8,8,0
1796,839,3,3,0
1799,839,3,3,0
1786,840,3,4,1
1788,840,2,3,1
1791,840,3,13,10
1792,840,5,8,3
1797,840,8,11,3
1798,840,5,5,0
1784,841,7,7,0
1785,841,5,6,1
1794,841,8,8,0
1795,841,6,11,5
1784,842,4,5,1
1788,842,5,6,1
1789,842,4,4,0
1790,842,10,24,14
1791,842,7,65,58
1792,842,41,89,48
1793,842,40,46,6
1794,842,4,4,0
1787,843,5,5,0
1788,843,1,1,0
1789,843,2,2,0
1792,843,76,200,124
1793,843,69,103,34
1794,843,8,8,0
1797,843,8,9,1
1787,844,2,2,0
1793,844,30,64,34
1794,844,19,19,0
1795,844,3,7,4
1796,844,4,4,0
1799,844,2,2,0
1784,845,2,6,4
1788,845,2,4,2
1794,845,1,1,0
1796,845,4,4,0
1799,845,2,6,4
1788,846,12,14,2
1789,846,7,7,0
1797,846,3,3,0
1798,846,4,4,0
1785,847,2,7,5
1793,847,2,9,7
1794,847,9,9,0
1798,847,4,4,0
1799,847,4,4,0
1788,848,2,5,3
1789,848,2,2,0
1793,848,5,5,0
1794,848,4,4,0
1796,848,2,7,5
1797,848,2,2,0
1786,849,1,1,0
1787,849,1,1,0
1793,849,32,44,12
1794,849,22,22,0
1797,849,1,1,0
1792,850,8,106,98
1793,850,53,107,54
1794,850,52,62,10
1795,850,4,4,0
1797,850,8,8,0
1798,850,4,4,0
1784,851,1,1,0
1792,851,15,113,98
1793,851,46,104,58
1794,851,42,57,15
1795,851,8,8,0
1796,851,2,2,0
1797,851,8,8,0
1798,851,2,2,0
1784,852,5,5,0
1787,852,3,3,0
1791,852,8,12,4
1792,852,7,40,33
1793,852,13,28,15
1794,852,2,2,0
1796,852,2,2,0
1784,853,1,1,0
1787,853,2,2,0
1788,853,2,2,0
1796,853,8,8,0
1799,853,7,7,0
1786,854,1,1,0
1788,854,2,3,1
1792,854,3,3,0
1793,854,6,7,1
1796,854,8,10,2
1797,854,1,2,1
1799,854,5,5,0
1785,855,9,9,0
1786,855,8,8,0
1789,855,2,2,0
1790,855,3,3,0
1793,855,12,12,0
1794,855,5,5,0
1799,855,1,1,0
1793,856,25,49,24
1794,856,62,64,2
1795,856,10,11,1
1796,856,11,14,3
1797,856,1,1,0
1798,856,4,4,0
1793,857,42,123,81
1794,857,108,120,12
1795,857,51,51,0
1799,857,9,9,0
1793,858,87,138,51
1794,858,94,104,10
1795,858,51,51,0
1797,858,7,7,0
1792,859,3,3,0
1793,859,26,26,0
1794,859,7,7,0
1797,859,10,10,0
1799,860,11,11,0
1792,861,19,19,0
1793,861,3,3,0
1794,861,5,5,0
1796,861,19,21,2
1799,861,1,2,1
1796,862,7,7,0
1797,862,8,8,0
1798,862,3,3,0
1793,863,33,95,62
1794,863,70,93,23
1795,863,59,61,2
1799,863,1,1,0
1794,864,31,118,87
1795,864,92,98,6
1796,864,5,5,0
1797,864,13,20,7
1794,865,110,176,66
1795,865,94,94,0
1796,865,49,49,0
1794,866,38,59,21
1795,866,29,29,0
1796,866,13,13,0
1798,866,3,4,1
1799,866,7,7,0
1793,867,4,4,0
1797,867,8,9,1
1792,868,4,9,5
1794,868,8,8,0
1796,868,11,13,2
1797,869,5,5,0
1798,869,1,1,0
1799,869,6,10,4
1794,870,28,76,48
1795,870,89,89,0
1796,870,11,11,0
1797,870,10,15,5
1794,871,136,236,100
1795,871,181,181,0
1796,871,106,106,0
1795,872,172,172,0
1796,872,94,94,0
1797,872,8,19,11
1793,873,6,6,0
1794,873,1,1,0
1795,873,39,47,8
1796,873,4,4,0
1799,873,1,6,5
1798,874,12,12,0
1792,875,4,4,0
1793,875,3,17,14
1795,875,25,25,0
1797,875,18,25,7
1794,876,15,18,3
1794,877,17,101,84
1795,877,50,76,26
1796,877,90,90,0
1797,877,7,7,0
1798,877,4,10,6
1794,878,1,105,104
1795,878,202,202,0
1796,878,113,113,0
1797,878,62,80,18
1794,879,22,96,74
1795,879,86,97,11
1796,879,113,113,0
1797,879,1,3,2
1799,879,11,11,0
1795,880,9,12,3
1792,881,15,16,1
1795,881,7,8,1
1796,881,1,2,1
1799,881,10,13,3
1794,882,3,4,1
1796,882,9,17,8
1792,883,5,6,1
1793,883,4,5,1
1794,883,13,16,3
1796,883,1,2,1
1798,883,20,21,1
1799,883,12,12,0
1795,884,46,105,59
1796,884,34,47,13
1797,884,89,95,6
1795,885,110,194,84
1796,885,254,255,1
1797,885,151,152,1
1798,885,52,53,1
1795,886,78,145,67
1796,886,84,90,6
1797,886,113,114,1
1799,886,3,8,5
1794,887,2,3,1
1796,887,2,3,1
1793,888,3,3,0
1793,889,1,8,7
1799,889,11,12,1
1796,890,8,8,0
1797,890,3,3,0
1796,891,88,88,0
1797,891,66,86,20
1798,891,37,37,0
1796,892,166,186,20
1797,892,191,191,0
1798,892,78,100,22
1799,892,18,18,0
1796,893,161,181,20
1797,893,170,182,12
1798,893,86,86,0
1792,894,1,1,0
1795,894,28,31,3
1796,894,83,83,0
1797,894,79,79,0
1798,894,16,24,8
1793,895,1,1,0
1796,895,5,5,0
1799,895,3,5,2
1795,896,9,18,9
1797,896,10,10,0
1793,897,11,11,0
1794,897,9,15,6
1795,897,8,8,0
1798,897,6,6,0
1799,897,12,12,0
1796,898,63,63,0
1797,898,82,82,0
1798,898,66,73,7
1796,899,96,128,32
1797,899,162,162,0
1798,899,154,154,0
1799,899,62,69,7
1792,900,6,17,11
1796,900,127,127,0
1797,900,191,195,4
1798,900,126,141,15
1799,900,27,27,0
1793,901,2,2,0
1795,901,4,4,0
1796,901,9,9,0
1797,901,37,48,11
1798,901,26,29,3
1792,902,12,12,0
1797,902,12,12,0
1794,903,5,5,0
1795,903,9,9,0
1799,903,11,11,0
1794,904,8,8,0
1799,904,7,7,0
1797,905,79,83,4
1798,905,60,71,11
1799,905,20,26,6
1796,906,26,83,57
1797,906,169,169,0
1798,906,160,160,0
1799,906,94,94,0
1797,907,133,139,6
1798,907,147,155,8
1799,907,106,119,13
1797,908,36,36,0
1798,908,54,54,0
1799,908,52,52,0
1792,909,2,2,0
1793,910,1,1,0
1795,910,7,7,0
1797,910,2,2,0
1793,911,2,2,0
1798,911,1,1,0
1799,911,2,3,1
1797,912,92,92,0
1798,912,66,77,11
1799,912,62,67,5
1800,912,1,1,0
1802,912,1,1,0
1803,912,9,9,0
1806,912,3,3,0
1807,912,1,1,0
1797,913,82,84,2
1798,913,210,210,0
1799,913,182,182,0
1800,913,85,85,0
1801,913,25,25,0
1806,913,1,1,0
1807,913,4,4,0
1797,914,73,74,1
1798,914,122,122,0
1799,914,149,151,2
1800,914,76,76,0
1801,914,10,10,0
1803,914,2,2,0
1804,914,8,8,0
1792,915,3,3,0
1794,915,7,7,0
1795,915,5,10,5
1797,915,21,21,0
1799,915,34,34,0
1800,915,8,8,0
1803,915,14,14,0
1804,915,9,9,0
1792,916,4,4,0
1795,916,1,1,0
1796,916,13,16,3
1798,916,24,30,6
1799,916,4,4,0
1802,916,3,3,0
1803,916,4,4,0
1806,916,5,5,0
1807,916,5,5,0
1792,917,5,9,4
1795,917,8,8,0
1796,917,3,5,2
1800,917,5,5,0
1805,917,7,7,0
1806,917,9,9,0
1792,918,4,8,4
1794,918,2,7,5
1795,918,12,12,0
1797,918,25,25,0
1799,918,3,10,7
1800,918,7,7,0
1803,918,3,3,0
1804,918,4,4,0
1805,918,8,8,0
1806,918,4,4,0
1792,919,1,1,0
1797,919,7,7,0
1798,919,78,78,0
1799,919,65,71,6
1800,919,33,33,0
1801,919,5,5,0
1802,919,1,1,0
1803,919,9,9,0
1807,919,10,10,0
1797,920,63,63,0
1798,920,118,122,4
1799,920,182,183,1
1800,920,90,90,0
1801,920,7,7,0
1803,920,12,12,0
1806,920,8,8,0
1797,921,57,57,0
1798,921,77,96,19
1799,921,139,139,0
1800,921,77,77,0
1801,921,9,9,0
1803,921,7,7,0
1806,921,7,7,0
1797,922,20,20,0
1798,922,21,33,12
1799,922,54,54,0
1800,922,21,21,0
1803,922,15,15,0
1806,922,4,4,0
1792,923,5,5,0
1802,923,8,8,0
1803,923,15,15,0
1806,923,4,4,0
1792,924,1,3,2
1795,924,5,5,0
1799,924,1,1,0
1800,924,8,8,0
1801,924,6,6,0
1802,924,7,7,0
1803,924,1,1,0
1806,924,6,6,0
1807,924,8,8,0
1794,925,1,6,5
1795,925,5,5,0
1796,925,4,11,7
1804,925,1,1,0
1805,925,2,2,0
1807,925,1,1,0
1796,926,2,2,0
1798,926,15,15,0
1799,926,16,39,23
1800,926,34,34,0
1801,926,14,14,0
1804,926,13,13,0
1805,926,7,7,0
1792,927,10,10,0
1798,927,64,69,5
1799,927,114,114,0
1800,927,135,135,0
1801,927,80,80,0
1802,927,12,12,0
1807,927,9,9,0
1792,928,13,13,0
1798,928,67,85,18
1799,928,191,191,0
1800,928,89,89,0
1801,928,54,54,0
1802,928,16,16,0
1803,928,1,1,0
1804,928,1,1,0
1805,928,2,2,0
1806,928,1,1,0
1798,929,13,18,5
1799,929,60,60,0
1800,929,35,35,0
1801,929,15,15,0
1804,929,1,1,0
1793,930,1,4,3
1794,930,3,3,0
1804,930,1,1,0
1792,931,2,4,2
1797,931,2,8,6
1798,931,4,9,5
1800,931,2,2,0
1803,931,4,4,0
1804,931,2,2,0
1807,931,2,2,0
1795,932,3,6,3
1796,932,5,6,1
1800,932,2,2,0
1803,932,4,4,0
1804,932,5,5,0
1807,932,2,2,0
1792,933,2,2,0
1799,933,7,17,10
1800,933,12,12,0
1804,933,5,5,0
1805,933,3,3,0
1792,934,6,6,0
1793,934,1,1,0
1798,934,18,27,9
1799,934,64,64,0
1800,934,80,80,0
1801,934,45,45,0
1802,934,9,9,0
1805,934,3,3,0
1793,935,1,1,0
1798,935,24,41,17
1799,935,71,71,0
1800,935,166,166,0
1801,935,106,106,0
1802,935,37,37,0
1803,935,1,1,0
1806,935,1,1,0
1798,936,7,8,1
1799,936,55,55,0
1800,936,49,49,0
1801,936,38,38,0
1802,936,12,12,0
1804,936,3,3,0
1807,936,9,9,0
1793,937,7,7,0
1794,937,3,3,0
1799,937,11,14,3
1800,937,9,9,0
1801,937,9,9,0
1804,937,1,1,0
1807,937,2,2,0
1793,938,8,8,0
1794,938,3,3,0
1796,938,1,4,3
1797,938,7,7,0
1801,938,1,1,0
1804,938,8,8,0
1805,938,6,6,0
1793,939,4,4,0
1797,939,4,4,0
1799,939,1,1,0
1801,939,7,7,0
1802,939,3,3,0
1804,939,5,5,0
1805,939,7,7,0
1793,940,2,2,0
1799,940,20,20,0
1800,940,14,14,0
1801,940,28,28,0
1802,940,13,13,0
1792,941,3,3,0
1799,941,54,54,0
1800,941,76,76,0
1801,941,85,85,0
1802,941,54,54,0
1803,941,8,8,0
1805,941,2,2,0
1798,942,10,20,10
1799,942,52,52,0
1800,942,98,98,0
1801,942,109,109,0
1802,942,73,73,0
1803,942,17,17,0
1805,942,6,6,0
1806,942,3,3,0
1793,943,12,12,0
1800,943,53,53,0
1801,943,70,70,0
1802,943,43,43,0
1805,943,3,3,0
1806,943,6,6,0
1807,943,1,1,0
1792,944,1,3,2
1793,944,1,1,0
1797,944,1,1,0
1798,944,4,4,0
1799,944,6,6,0
1801,944,5,5,0
1805,944,1,1,0
1807,944,3,3,0
1800,945,3,3,0
1801,945,5,5,0
1804,945,6,6,0
1805,945,1,1,0
1807,945,2,2,0
1795,946,1,1,0
1800,946,1,1,0
1801,946,3,3,0
1804,946,5,5,0
1807,946,4,4,0
1800,947,6,6,0
1801,947,26,26,0
1802,947,18,18,0
1807,947,5,5,0
1792,948,1,1,0
1798,948,4,4,0
1799,948,6,6,0
1800,948,49,49,0
1801,948,87,87,0
1802,948,73,73,0
1803,948,17,17,0
1805,948,2,2,0
1806,948,3,3,0
1792,949,1,1,0
1799,949,10,10,0
1800,949,87,87,0
1801,949,125,125,0
1802,949,106,106,0
1803,949,38,38,0
1804,949,2,2,0
1805,949,4,4,0
1806,949,1,1,0
1798,950,3,3,0
1799,950,4,4,0
1800,950,58,58,0
1801,950,80,80,0
1802,950,66,66,0
1803,950,26,26,0
1804,950,6,6,0
1801,951,4,4,0
1804,951,1,1,0
1807,951,11,11,0
1800,952,10,10,0
1803,952,2,2,0
1804,952,9,9,0
1805,952,3,3,0
1806,952,1,1,0
1807,952,1,1,0
1805,953,1,1,0
1801,954,22,22,0
1802,954,10,10,0
1803,954,19,19,0
1805,954,14,14,0
1806,954,2,2,0
1807,954,8,8,0
1800,955,31,31,0
1801,955,70,70,0
1802,955,50,50,0
1803,955,47,47,0
1805,955,8,8,0
1800,956,85,85,0
1801,956,126,126,0
1802,956,104,104,0
1803,956,86,86,0
1804,956,1,1,0
1805,956,11,11,0
1807,956,1,1,0
1800,957,67,67,0
1801,957,98,98,0
1802,957,85,85,0
1803,957,71,71,0
1804,957,8,8,0
1805,957,11,11,0
1807,957,12,12,0
1800,958,1,1,0
1801,958,10,10,0
1802,958,8,8,0
1803,958,8,8,0
1800,959,5,5,0
1804,959,7,7,0
1805,959,3,3,0
1806,959,1,1,0
1801,960,4,4,0
1803,960,12,12,0
1804,960,6,6,0
1800,961,12,12,0
1802,961,13,13,0
1806,961,1,1,0
1807,961,16,16,0
1800,962,2,2,0
1801,962,70,70,0
1802,962,43,43,0
1803,962,72,72,0
1804,962,7,7,0
1800,963,36,36,0
1801,963,76,76,0
1802,963,190,190,0
1803,963,107,107,0
1804,963,71,71,0
1805,963,15,15,0
1807,963,2,2,0
1801,964,91,91,0
1802,964,69,69,0
1803,964,95,95,0
1804,964,7,7,0
1806,964,6,6,0
1807,964,4,4,0
1802,965,33,33,0
1807,965,1,1,0
1800,966,3,3,0
1801,966,18,18,0
1803,966,15,15,0
1804,966,2,2,0
1805,966,11,11,0
1806,966,13,13,0
1807,966,1,1,0
1804,967,1,1,0
1807,967,1,1,0
1801,968,2,2,0
1802,968,7,7,0
1805,968,5,5,0
1806,968,14,14,0
1801,969,4,4,0
1802,969,50,50,0
1803,969,85,85,0
1804,969,50,50,0
1807,969,4,4,0
1800,970,8,8,0
1801,970,37,37,0
1802,970,113,113,0
1803,970,156,156,0
1804,970,94,94,0
1805,970,4,4,0
1807,970,11,11,0
1800,971,8,8,0
1801,971,63,63,0
1802,971,129,129,0
1803,971,130,130,0
1804,971,64,64,0
1805,971,11,11,0
1806,971,1,1,0
1807,971,3,3,0
1801,972,37,37,0
1802,972,72,72,0
1803,972,52,52,0
1804,972,9,9,0
1805,972,1,1,0
1806,972,6,6,0
1802,973,8,8,0
1803,973,11,11,0
1806,973,3,3,0
1807,973,1,1,0
1800,974,3,3,0
1803,974,6,6,0
1804,974,2,2,0
1806,974,3,3,0
1807,974,3,3,0
1800,975,6,6,0
1802,975,2,2,0
1803,975,1,1,0
1805,975,1,1,0
1806,975,4,4,0
1800,976,2,2,0
1803,976,77,77,0
1805,976,19,19,0
1807,976,2,2,0
1800,977,6,6,0
1802,977,79,79,0
1803,977,150,150,0
1804,977,115,115,0
1805,977,47,47,0
1806,977,19,19,0
1807,977,2,2,0
1801,978,23,23,0
1802,978,70,70,0
1803,978,203,203,0
1804,978,106,106,0
1805,978,75,75,0
1807,978,6,6,0
1802,979,42,42,0
1803,979,87,87,0
1804,979,52,52,0
1805,979,8,8,0
1807,979,1,1,0
1800,980,3,3,0
1802,980,6,6,0
1803,980,4,4,0
1807,980,3,3,0
1801,981,17,17,0
1803,981,12,12,0
1805,981,23,23,0
1802,982,17,17,0
1804,982,26,26,0
1806,982,9,9,0
1800,983,2,2,0
1801,983,6,6,0
1807,983,8,8,0
1801,984,12,12,0
1803,984,80,80,0
1804,984,95,95,0
1805,984,68,68,0
1807,984,11,11,0
1800,985,2,2,0
1802,985,63,63,0
1803,985,63,63,0
1804,985,170,170,0
1805,985,53,53,0
1806,985,23,23,0
1801,986,19,19,0
1803,986,68,68,0
1804,986,62,62,0
1805,986,65,65,0
1807,986,2,2,0
1801,987,7,7,0
1805,987,7,7,0
1807,987,5,5,0
1800,988,4,4,0
1802,988,23,23,0
1804,988,17,17,0
1806,988,11,11,0
1807,988,3,3,0
1801,989,9,9,0
1803,989,18,18,0
1805,989,12,12,0
1807,989,3,3,0
1802,990,2,2,0
1803,990,18,18,0
1804,990,24,24,0
1805,990,20,20,0
1806,990,12,12,0
1800,991,5,5,0
1802,991,26,26,0
1803,991,66,66,0
1804,991,85,85,0
1805,991,68,68,0
1806,991,36,36,0
1801,992,8,8,0
1802,992,13,13,0
1803,992,76,76,0
1804,992,71,71,0
1805,992,92,92,0
1806,992,69,69,0
1807,992,11,11,0
1801,993,8,8,0
1802,993,20,20,0
1803,993,78,78,0
1804,993,70,70,0
1805,993,77,77,0
1806,993,48,48,0
1800,994,2,2,0
1803,994,5,5,0
1805,994,10,10,0
1806,994,18,18,0
1801,995,3,3,0
1803,995,6,6,0
1806,995,6,6,0
1801,996,11,11,0
1802,996,1,1,0
1803,996,3,3,0
1804,996,4,4,0
1806,996,4,4,0
1807,996,4,4,0
1800,997,3,3,0
1801,997,5,5,0
1804,997,11,11,0
1806,997,4,4,0
1807,997,3,3,0
1802,998,8,8,0
1803,998,43,43,0
1804,998,108,108,0
1805,998,67,67,0
1806,998,30,30,0
1800,999,5,5,0
1801,999,3,3,0
1802,999,4,4,0
1803,999,49,49,0
1804,999,144,144,0
1805,999,111,111,0
1806,999,66,66,0
1807,999,11,11,0
1800,1000,4,4,0
1801,1000,2,2,0
1802,1000,3,3,0
1803,1000,34,34,0
1804,1000,98,98,0
1805,1000,132,132,0
1806,1000,82,82,0
1807,1000,5,5,0
1801,1001,3,3,0
1802,1001,3,3,0
1804,1001,3,3,0
1805,1001,10,10,0
1806,1001,6,6,0
1807,1002,1,1,0
1800,1003,1,1,0
1801,1003,1,1,0
1802,1003,1,1,0
1803,1003,3,3,0
1804,1003,8,8,0
1805,1003,11,11,0
1806,1003,8,8,0
1807,1003,2,2,0
1801,1004,9,9,0
1802,1004,3,3,0
1805,1004,6,6,0
1806,1004,7,7,0
1801,1005,2,2,0
1804,1005,39,39,0
1805,1005,77,77,0
1806,1005,58,58,0
1807,1005,10,10,0
1800,1006,4,4,0
1803,1006,26,26,0
1804,1006,91,91,0
1805,1006,131,131,0
1806,1006,105,105,0
1807,1006,54,54,0
1800,1007,9,9,0
1803,1007,17,17,0
1804,1007,47,47,0
1805,1007,70,70,0
1806,1007,78,78,0
1807,1007,77,77,0
1800,1008,3,3,0
1801,1008,3,3,0
1804,1008,15,15,0
1805,1008,32,32,0
1806,1008,18,18,0
1803,1009,1,1,0
1804,1009,5,5,0
1805,1009,6,6,0
1806,1009,2,2,0
1802,1010,3,3,0
1803,1010,5,5,0
1807,1010,2,2,0
1801,1011,1,1,0
1802,1011,1,1,0
1805,1011,3,3,0
1806,1011,6,6,0
1807,1011,4,4,0
1801,1012,2,2,0
1804,1012,19,19,0
1805,1012,61,61,0
1806,1012,60,60,0
1807,1012,28,28,0
1801,1013,9,9,0
1802,1013,3,3,0
1804,1013,52,52,0
1805,1013,118,118,0
1806,1013,116,116,0
1807,1013,66,66,0
1800,1014,2,2,0
1801,1014,10,10,0
1802,1014,5,5,0
1803,1014,7,7,0
1804,1014,54,54,0
1805,1014,110,110,0
1806,1014,107,107,0
1807,1014,64,64,0
1804,1015,27,27,0
1805,1015,61,61,0
1806,1015,55,55,0
1807,1015,26,26,0
1800,1016,3,3,0
1801,1016,1,1,0
1802,1016,4,4,0
1805,1016,6,6,0
1806,1016,9,9,0
1808,1016,8,8,0
1809,1016,1,1,0
1812,1016,4,4,0
1813,1016,8,8,0
1814,1016,4,4,0
1800,1017,1,1,0
1802,1017,2,2,0
1803,1017,9,9,0
1806,1017,4,4,0
1807,1017,1,1,0
1808,1017,1,1,0
1809,1017,1,1,0
1810,1017,1,1,0
1811,1017,2,2,0
1812,1017,2,2,0
1813,1017,1,1,0
1800,1018,3,3,0
1803,1018,12,12,0
1807,1018,10,10,0
1810,1018,3,3,0
1811,1018,4,4,0
1812,1018,1,1,0
1800,1019,6,6,0
1803,1019,1,1,0
1805,1019,3,3,0
1806,1019,22,22,0
1807,1019,27,27,0
1811,1019,1,1,0
1812,1019,1,1,0
1813,1019,1,1,0
1814,1019,2,2,0
1815,1019,3,3,0
1800,1020,6,6,0
1804,1020,3,3,0
1805,1020,45,45,0
1806,1020,71,71,0
1807,1020,61,61,0
1808,1020,11,11,0
1809,1020,4,4,0
1812,1020,2,2,0
1813,1020,6,6,0
1814,1020,5,5,0
1815,1020,2,2,0
1800,1021,2,2,0
1801,1021,2,2,0
1804,1021,14,14,0
1805,1021,71,71,0
1806,1021,99,99,0
1807,1021,80,80,0
1808,1021,23,23,0
1809,1021,11,11,0
1812,1021,1,1,0
1813,1021,5,5,0
1814,1021,2,2,0
1800,1022,1,1,0
1804,1022,9,9,0
1805,1022,44,44,0
1806,1022,61,61,0
1807,1022,45,45,0
1808,1022,15,15,0
1809,1022,9,9,0
1810,1022,2,2,0
1813,1022,1,1,0
1800,1023,2,2,0
1803,1023,2,2,0
1806,1023,2,2,0
1810,1023,2,2,0
1811,1023,1,1,0
1814,1023,3,3,0
1815,1023,6,6,0
1806,1024,2,2,0
1809,1024,2,2,0
1810,1024,7,7,0
1813,1024,7,7,0
1814,1024,13,13,0
1800,1025,2,5,3
1801,1025,7,7,0
1802,1025,9,9,0
1803,1025,5,7,2
1810,1025,5,5,0
1811,1025,4,4,0
1814,1025,7,7,0
1801,1026,4,4,0
1802,1026,5,5,0
1803,1026,1,1,0
1806,1026,14,14,0
1807,1026,24,24,0
1808,1026,6,6,0
1810,1026,1,1,0
1811,1026,8,8,0
1805,1027,19,22,3
1806,1027,58,58,0
1807,1027,86,86,0
1808,1027,34,34,0
1809,1027,3,3,0
1811,1027,7,7,0
1815,1027,2,2,0
1804,1028,7,9,2
1805,1028,40,42,2
1806,1028,86,86,0
1807,1028,118,119,1
1808,1028,62,62,0
1809,1028,15,15,0
1811,1028,2,2,0
1815,1028,2,2,0
1802,1029,2,2,0
1803,1029,3,3,0
1804,1029,10,11,1
1805,1029,31,31,0
1806,1029,59,59,0
1807,1029,76,79,3
1808,1029,60,60,0
1809,1029,16,16,0
1814,1029,3,3,0
1804,1030,1,2,1
1805,1030,7,7,0
1806,1030,16,16,0
1807,1030,20,22,2
1808,1030,26,26,0
1809,1030,2,2,0
1811,1030,3,3,0
1814,1030,3,3,0
1800,1031,6,6,0
1801,1031,4,4,0
1802,1031,1,1,0
1811,1031,8,8,0
1814,1031,1,1,0
1806,1032,1,1,0
1807,1032,1,1,0
1808,1032,2,2,0
1809,1032,1,1,0
1810,1032,3,3,0
1811,1032,4,4,0
1815,1032,7,7,0
1801,1033,1,1,0
1802,1033,2,2,0
1803,1033,1,1,0
1807,1033,1,1,0
1811,1033,1,1,0
1812,1033,2,2,0
1802,1034,1,1,0
1804,1034,1,1,0
1805,1034,8,11,3
1806,1034,27,28,1
1807,1034,42,42,0
1808,1034,28,28,0
1809,1034,10,10,0
1812,1034,2,2,0
1813,1034,1,1,0
1804,1035,1,4,3
1805,1035,27,32,5
1806,1035,71,72,1
1807,1035,102,102,0
1808,1035,73,73,0
1809,1035,41,41,0
1810,1035,7,7,0
1813,1035,2,2,0
1814,1035,2,2,0
1815,1035,2,2,0
1804,1036,1,4,3
1805,1036,27,32,5
1806,1036,71,72,1
1807,1036,102,102,0
1808,1036,73,73,0
1809,1036,41,41,0
1810,1036,7,7,0
1813,1036,2,2,0
1814,1036,2,2,0
1815,1036,2,2,0
1802,1037,1,1,0
1804,1037,1,1,0
1805,1037,8,11,3
1806,1037,27,28,1
1807,1037,42,42,0
1808,1037,28,28,0
1809,1037,10,10,0
1812,1037,2,2,0
1813,1037,1,1,0
1801,1038,1,1,0
1802,1038,2,2,0
1803,1038,1,1,0
1807,1038,1,1,0
1811,1038,1,1,0
1812,1038,2,2,0
1807,1039,1,1,0
1808,1039,2,2,0
1809,1039,1,1,0
1810,1039,3,3,0
1811,1039,4,4,0
1815,1039,7,7,0
1800,1040,1,1,0
1807,1040,10,10,0
1808,1040,5,5,0
1812,1040,3,3,0
1813,1040,4,4,0
1814,1040,1,1,0
1805,1041,4,4,0
1806,1041,39,39,0
1807,1041,73,78,5
1808,1041,57,57,0
1809,1041,25,25,0
1813,1041,3,3,0
1814,1041,1,1,0
1803,1042,1,1,0
1805,1042,6,7,1
1806,1042,64,66,2
1807,1042,127,133,6
1808,1042,117,117,0
1809,1042,58,58,0
1810,1042,3,3,0
1812,1042,1,1,0
1813,1042,2,2,0
1815,1042,1,1,0
1803,1043,3,3,0
1806,1043,50,50,0
1807,1043,117,117,0
1808,1043,127,127,0
1809,1043,64,64,0
1810,1043,8,8,0
1812,1043,4,4,0
1803,1044,9,9,0
1806,1044,14,14,0
1807,1044,55,55,0
1808,1044,75,75,0
1809,1044,34,34,0
1810,1044,1,1,0
1812,1044,5,5,0
1802,1045,2,2,0
1803,1045,10,10,0
1804,1045,2,6,4
1807,1045,6,7,1
1808,1045,10,10,0
1802,1046,1,1,0
1803,1046,2,2,0
1813,1046,1,1,0
1814,1046,3,3,0
1801,1047,1,3,2
1805,1047,2,2,0
1806,1047,5,5,0
1809,1047,10,10,0
1810,1047,9,9,0
1813,1047,4,4,0
1814,1047,6,6,0
1803,1048,4,7,3
1804,1048,1,1,0
1806,1048,9,9,0
1807,1048,28,33,5
1808,1048,29,29,0
1809,1048,32,32,0
1810,1048,10,10,0
1813,1048,3,3,0
1815,1048,4,4,0
1806,1049,33,33,0
1807,1049,69,71,2
1808,1049,68,68,0
1809,1049,59,59,0
1810,1049,24,24,0
1812,1049,2,2,0
1813,1049,6,6,0
1806,1050,40,42,2
1807,1050,85,85,0
1808,1050,89,89,0
1809,1050,72,72,0
1810,1050,29,29,0
1811,1050,1,1,0
1812,1050,6,6,0
1813,1050,7,7,0
1802,1051,2,2,0
1803,1051,2,2,0
1806,1051,22,23,1
1807,1051,49,49,0
1808,1051,59,59,0
1809,1051,48,48,0
1810,1051,17,17,0
1812,1051,4,4,0
1813,1051,4,4,0
1803,1052,3,4,1
1805,1052,1,1,0
1806,1052,3,3,0
1807,1052,8,9,1
1808,1052,12,12,0
1809,1052,15,15,0
1810,1052,3,3,0
1812,1052,4,4,0
1815,1052,5,5,0
1800,1053,7,7,0
1801,1053,1,1,0
1804,1053,1,2,1
1805,1053,2,2,0
1809,1053,2,2,0
1812,1053,6,6,0
1815,1053,7,7,0
1800,1054,3,3,0
1801,1054,2,2,0
1805,1054,1,1,0
1806,1054,2,2,0
1808,1054,6,6,0
1809,1054,8,8,0
1812,1054,7,7,0
1815,1054,6,6,0
1802,1055,5,5,0
1808,1055,24,24,0
1809,1055,15,15,0
1812,1055,5,5,0
1815,1055,5,5,0
1806,1056,7,10,3
1807,1056,34,34,0
1808,1056,56,56,0
1809,1056,50,50,0
1810,1056,18,18,0
1813,1056,5,5,0
1803,1057,8,8,0
1804,1057,8,8,0
1805,1057,6,6,0
1806,1057,19,21,2
1807,1057,34,42,8
1808,1057,137,137,0
1809,1057,109,109,0
1810,1057,49,49,0
1811,1057,2,2,0
1815,1057,3,3,0
1805,1058,2,2,0
1806,1058,12,12,0
1807,1058,26,29,3
1808,1058,79,79,0
1809,1058,61,61,0
1810,1058,24,24,0
1811,1058,2,2,0
1812,1058,4,4,0
1815,1058,9,9,0
1807,1059,6,6,0
1812,1059,14,14,0
1813,1059,5,5,0
1815,1059,4,4,0
1800,1060,6,6,0
1803,1060,3,4,1
1804,1060,1,1,0
1808,1060,3,3,0
1809,1060,6,6,0
1812,1060,6,6,0
1815,1060,2,2,0
1800,1061,4,4,0
1801,1061,3,3,0
1803,1061,2,4,2
1804,1061,3,3,0
1807,1061,1,1,0
1809,1061,7,7,0
1815,1061,5,5,0
1808,1062,3,3,0
1809,1062,25,25,0
1810,1062,18,18,0
1813,1062,5,5,0
1814,1062,3,3,0
1815,1062,2,2,0
1802,1063,1,1,0
1805,1063,3,3,0
1806,1063,2,2,0
1808,1063,97,97,0
1809,1063,110,110,0
1810,1063,75,75,0
1811,1063,16,16,0
1813,1063,1,1,0
1802,1064,13,13,0
1807,1064,133,133,0
1808,1064,131,131,0
1809,1064,205,205,0
1810,1064,111,111,0
1812,1064,4,4,0
1813,1064,4,4,0
1802,1065,12,13,1
1804,1065,1,1,0
1807,1065,98,98,0
1808,1065,134,134,0
1809,1065,176,176,0
1810,1065,85,85,0
1812,1065,1,1,0
1813,1065,2,2,0
1815,1065,1,1,0
1802,1066,11,11,0
1804,1066,3,3,0
1807,1066,49,50,1
1808,1066,78,78,0
1809,1066,90,90,0
1810,1066,25,25,0
1813,1066,1,1,0
1814,1066,4,4,0
1815,1066,6,6,0
1802,1067,7,7,0
1804,1067,3,3,0
1805,1067,2,8,6
1807,1067,9,14,5
1808,1067,10,10,0
1809,1067,10,10,0
1812,1067,6,6,0
1814,1067,6,6,0
1815,1067,1,1,0
1800,1068,1,1,0
1805,1068,3,10,7
1811,1068,10,10,0
1812,1068,11,11,0
1814,1068,1,1,0
1800,1069,3,3,0
1804,1069,1,1,0
1806,1069,3,3,0
1808,1069,2,2,0
1809,1069,12,12,0
1810,1069,1,1,0
1811,1069,7,7,0
1812,1069,3,3,0
1814,1069,4,4,0
1815,1069,2,2,0
1803,1070,5,5,0
1806,1070,6,6,0
1808,1070,4,4,0
1809,1070,29,29,0
1810,1070,6,6,0
1814,1070,7,7,0
1815,1070,2,2,0
1803,1071,11,11,0
1806,1071,4,4,0
1808,1071,15,15,0
1809,1071,51,51,0
1810,1071,20,20,0
1812,1071,1,1,0
1813,1071,3,3,0
1814,1071,3,3,0
1808,1072,32,32,0
1809,1072,87,87,0
1810,1072,39,39,0
1811,1072,3,3,0
1812,1072,7,7,0
1814,1072,2,2,0
1815,1072,5,5,0
1808,1073,6,6,0
1809,1073,52,52,0
1810,1073,14,14,0
1812,1073,4,4,0
1809,1074,19,19,0
1812,1074,7,7,0
1809,1075,5,5,0
1812,1075,10,10,0
1813,1075,3,3,0
1815,1075,2,2,0
1809,1076,2,2,0
1810,1076,3,3,0
1812,1076,4,4,0
1813,1076,4,4,0
1815,1076,6,6,0
1808,1077,3,3,0
1809,1077,7,7,0
1810,1077,23,23,0
1811,1077,5,5,0
1815,1077,5,5,0
1808,1078,20,20,0
1809,1078,31,31,0
1810,1078,60,60,0
1811,1078,24,24,0
1813,1078,2,2,0
1815,1078,2,2,0
1808,1079,42,42,0
1809,1079,59,59,0
1810,1079,96,96,0
1811,1079,46,46,0
1813,1079,7,7,0
1815,1079,1,1,0
1808,1080,12,12,0
1809,1080,39,39,0
1810,1080,48,48,0
1811,1080,24,24,0
1814,1080,2,2,0
1815,1080,2,2,0
1809,1081,7,7,0
1810,1081,13,13,0
1811,1081,3,3,0
1813,1081,1,1,0
1814,1081,6,6,0
1815,1081,4,4,0
1813,1082,4,4,0
1814,1082,2,2,0
1808,1083,6,6,0
1809,1083,1,1,0
1812,1083,2,2,0
1813,1083,1,1,0
1809,1084,7,7,0
1810,1084,11,11,0
1811,1084,7,7,0
1814,1084,1,1,0
1815,1084,5,5,0
1808,1085,15,15,0
1809,1085,38,38,0
1810,1085,47,47,0
1811,1085,27,27,0
1812,1085,2,2,0
1815,1085,3,3,0
1808,1086,29,29,0
1809,1086,66,66,0
1810,1086,77,77,0
1811,1086,41,41,0
1812,1086,5,5,0
1814,1086,2,2,0
1808,1087,14,14,0
1809,1087,60,60,0
1810,1087,75,75,0
1811,1087,36,36,0
1812,1087,3,3,0
1813,1087,5,5,0
1814,1087,8,8,0
1808,1088,6,6,0
1809,1088,17,17,0
1810,1088,20,20,0
1811,1088,9,9,0
1814,1088,3,3,0
1815,1088,7,7,0
1809,1089,2,2,0
1810,1089,1,1,0
1808,1090,7,7,0
1809,1090,5,5,0
1812,1090,5,5,0
1813,1090,13,13,0
1814,1090,9,9,0
1809,1092,23,23,0
1810,1092,41,41,0
1811,1092,29,29,0
1812,1092,5,5,0
1815,1092,3,3,0
1808,1093,10,10,0
1809,1093,51,51,0
1810,1093,84,84,0
1811,1093,74,74,0
1812,1093,36,36,0
1813,1093,8,8,0
1814,1093,3,3,0
1815,1093,8,8,0
1809,1094,31,31,0
1810,1094,59,59,0
1811,1094,51,51,0
1812,1094,21,21,0
1809,1095,17,17,0
1810,1095,30,30,0
1811,1095,23,23,0
1812,1095,8,8,0
1813,1095,1,1,0
1814,1095,2,2,0
1815,1095,4,4,0
1808,1096,1,1,0
1810,1096,6,6,0
1811,1096,8,8,0
1814,1096,5,5,0
1808,1097,10,10,0
1810,1097,1,1,0
1811,1097,3,3,0
1813,1097,1,1,0
1814,1097,8,8,0
1808,1098,4,4,0
1811,1098,3,3,0
1814,1098,6,6,0
1809,1099,4,4,0
1810,1099,28,28,0
1811,1099,32,32,0
1812,1099,10,10,0
1813,1099,1,1,0
1814,1099,5,5,0
1815,1099,1,1,0
1809,1100,29,29,0
1810,1100,72,72,0
1811,1100,74,74,0
1812,1100,32,32,0
1813,1100,5,5,0
1814,1100,6,6,0
1815,1100,7,7,0
1808,1101,2,2,0
1809,1101,34,34,0
1810,1101,78,78,0
1811,1101,78,78,0
1812,1101,30,30,0
1809,1102,13,13,0
1810,1102,37,37,0
1811,1102,38,38,0
1812,1102,9,9,0
1808,1103,2,2,0
1811,1103,3,3,0
1813,1103,1,1,0
1814,1103,9,9,0
1815,1103,1,1,0
1808,1104,3,3,0
1811,1104,4,4,0
1812,1104,5,5,0
1808,1105,8,8,0
1814,1105,1,1,0
1815,1105,7,7,0
1808,1106,4,4,0
1809,1106,2,2,0
1810,1106,3,3,0
1811,1106,6,6,0
1812,1106,3,3,0
1815,1106,1,1,0
1809,1107,15,15,0
1810,1107,37,37,0
1811,1107,45,45,0
1812,1107,29,29,0
1813,1107,4,4,0
1809,1108,23,23,0
1810,1108,58,58,0
1811,1108,69,69,0
1812,1108,44,44,0
1813,1108,11,11,0
1815,1108,1,1,0
1809,1109,9,9,0
1810,1109,37,37,0
1811,1109,44,44,0
1812,1109,25,25,0
1813,1109,1,1,0
1815,1109,7,7,0
1810,1110,5,5,0
1811,1110,11,11,0
1812,1110,4,4,0
1815,1110,2,2,0
1808,1111,8,8,0
1811,1111,4,4,0
1812,1111,8,8,0
1813,1111,3,3,0
1808,1112,1,1,0
1809,1112,2,2,0
1810,1112,2,2,0
1811,1112,2,2,0
1812,1112,2,2,0
1813,1112,1,1,0
1808,1113,8,8,0
1815,1113,5,5,0
1810,1114,19,19,0
1811,1114,45,45,0
1812,1114,44,44,0
1813,1114,17,17,0
1809,1115,1,1,0
1810,1115,37,37,0
1811,1115,81,81,0
1812,1115,80,80,0
1813,1115,36,36,0
1808,1116,8,8,0
1809,1116,1,1,0
1810,1116,17,17,0
1811,1116,47,47,0
1812,1116,47,47,0
1813,1116,16,16,0
1815,1116,5,5,0
1808,1117,7,7,0
1811,1117,16,16,0
1812,1117,15,15,0
1815,1117,5,5,0
1810,1118,2,2,0
1811,1118,11,11,0
1812,1118,10,10,0
1813,1118,1,1,0
1808,1119,5,5,0
1809,1119,4,4,0
1810,1119,1,1,0
1814,1119,2,2,0
1815,1119,3,3,0
1809,1120,3,3,0
1810,1120,4,4,0
1813,1120,1,1,0
1814,1120,4,4,0
1815,1120,3,3,0
1810,1121,9,9,0
1811,1121,33,33,0
1812,1121,34,34,0
1813,1121,11,11,0
1808,1122,7,7,0
1810,1122,21,21,0
1811,1122,72,72,0
1812,1122,76,76,0
1813,1122,29,29,0
1815,1122,3,3,0
1808,1123,10,10,0
1810,1123,18,18,0
1811,1123,67,67,0
1812,1123,74,74,0
1813,1123,31,31,0
1815,1123,2,2,0
1808,1124,1,1,0
1811,1124,22,22,0
1812,1124,29,29,0
1813,1124,14,14,0
1813,1125,3,3,0
1814,1125,2,2,0
1808,1126,3,3,0
1809,1126,4,4,0
1813,1126,2,2,0
1814,1126,6,6,0
1815,1126,6,6,0
1810,1127,1,1,0
1811,1127,5,5,0
1812,1127,3,3,0
1815,1127,6,6,0
1810,1128,1,1,0
1811,1128,21,21,0
1812,1128,25,25,0
1813,1128,9,9,0
1808,1129,4,4,0
1809,1129,1,1,0
1810,1129,17,17,0
1811,1129,47,47,0
1812,1129,57,57,0
1813,1129,38,38,0
1814,1129,12,12,0
1808,1130,1,1,0
1810,1130,13,13,0
1811,1130,44,44,0
1812,1130,58,58,0
1813,1130,42,42,0
1814,1130,13,13,0
1811,1131,15,15,0
1812,1131,25,25,0
1813,1131,17,17,0
1814,1131,3,3,0
1808,1132,3,3,0
1811,1132,2,2,0
1812,1132,2,2,0
1814,1132,1,1,0
1815,1132,4,4,0
1809,1133,2,2,0
1810,1133,4,4,0
1811,1133,3,3,0
1815,1133,3,3,0
1808,1135,4,4,0
1812,1135,2,2,0
1813,1135,8,8,0
1814,1135,7,7,0
1815,1135,2,2,0
1808,1136,11,11,0
1811,1136,30,30,0
1812,1136,42,42,0
1813,1136,22,22,0
1814,1136,4,4,0
1815,1136,4,4,0
1810,1137,14,14,0
1811,1137,56,56,0
1812,1137,70,70,0
1813,1137,42,42,0
1814,1137,6,6,0
1808,1138,7,7,0
1810,1138,2,2,0
1811,1138,30,30,0
1812,1138,45,45,0
1813,1138,30,30,0
1814,1138,8,8,0
1808,1139,13,13,0
1812,1139,3,3,0
1813,1139,3,3,0
1814,1139,4,4,0
1815,1139,9,9,0
1810,1140,2,2,0
1811,1140,4,4,0
1812,1140,2,2,0
1815,1140,1,1,0
1809,1141,2,2,0
1810,1141,7,7,0
1811,1141,5,5,0
1812,1141,2,2,0
1813,1141,1,1,0
1814,1141,1,1,0
1808,1142,1,1,0
1809,1142,3,3,0
1812,1142,1,1,0
1813,1142,12,12,0
1814,1142,11,11,0
1815,1142,3,3,0
1809,1143,2,2,0
1810,1143,4,4,0
1811,1143,9,9,0
1812,1143,25,25,0
1813,1143,34,34,0
1814,1143,20,20,0
1808,1144,3,3,0
1810,1144,3,3,0
1811,1144,30,30,0
1812,1144,66,66,0
1813,1144,75,75,0
1814,1144,40,40,0
1808,1145,6,6,0
1811,1145,9,9,0
1812,1145,34,34,0
1813,1145,44,44,0
1814,1145,25,25,0
1808,1146,2,2,0
1809,1146,1,1,0
1812,1146,8,8,0
1813,1146,16,16,0
1814,1146,11,11,0
1809,1147,2,2,0
1810,1147,7,7,0
1811,1147,4,4,0
1812,1147,2,2,0
1813,1147,5,5,0
1814,1147,4,4,0
1809,1148,3,3,0
1810,1148,7,7,0
1811,1148,1,1,0
1808,1149,2,2,0
1809,1149,3,3,0
1808,1150,4,4,0
1809,1150,1,1,0
1811,1150,4,4,0
1812,1150,21,21,0
1813,1150,29,29,0
1814,1150,17,17,0
1810,1151,5,5,0
1811,1151,27,27,0
1812,1151,56,56,0
1813,1151,65,65,0
1814,1151,40,40,0
1815,1151,8,8,0
1808,1152,1,1,0
1811,1152,16,16,0
1812,1152,42,42,0
1813,1152,50,50,0
1814,1152,27,27,0
1808,1153,1,1,0
1809,1153,1,1,0
1810,1153,1,1,0
1811,1153,7,7,0
1812,1153,18,18,0
1813,1153,22,22,0
1814,1153,9,9,0
1809,1154,2,2,0
1810,1154,4,4,0
1813,1154,4,4,0
1814,1154,5,5,0
1809,1155,4,4,0
1810,1155,4,4,0
1814,1155,2,2,0
1808,1156,2,2,0
1809,1156,7,7,0
1810,1156,3,3,0
1813,1156,8,8,0
1814,1156,1,1,0
1808,1157,1,1,0
1809,1157,4,4,0
1810,1157,1,1,0
1811,1157,2,2,0
1812,1157,23,23,0
1813,1157,44,44,0
1814,1157,34,34,0
1815,1157,7,7,0
1809,1158,1,1,0
1811,1158,7,7,0
1812,1158,38,38,0
1813,1158,67,67,0
1814,1158,58,58,0
1815,1158,28,28,0
1808,1159,1,1,0
1809,1159,4,4,0
1811,1159,1,1,0
1812,1159,28,28,0
1813,1159,55,55,0
1814,1159,44,44,0
1815,1159,12,12,0
1808,1160,3,3,0
1811,1160,6,6,0
1812,1160,15,15,0
1813,1160,15,15,0
1814,1160,9,9,0
1815,1160,4,4,0
1808,1161,1,1,0
1809,1161,2,2,0
1810,1161,3,3,0
1811,1161,5,5,0
1812,1161,5,5,0
1813,1161,2,2,0
1809,1162,1,1,0
1810,1162,6,6,0
1811,1162,4,4,0
1814,1162,3,3,0
1815,1162,7,7,0
1809,1163,1,1,0
1810,1163,1,1,0
1814,1163,1,1,0
1808,1164,6,6,0
1809,1164,3,3,0
1812,1164,4,4,0
1813,1164,14,14,0
1814,1164,9,9,0
1808,1165,5,5,0
1811,1165,2,2,0
1812,1165,31,31,0
1813,1165,56,56,0
1814,1165,49,49,0
1815,1165,27,27,0
1808,1166,1,1,0
1811,1166,8,8,0
1812,1166,44,44,0
1813,1166,74,74,0
1814,1166,67,67,0
1815,1166,42,42,0
1808,1167,7,7,0
1809,1167,4,4,0
1811,1167,2,2,0
1812,1167,29,29,0
1813,1167,51,51,0
1814,1167,39,39,0
1815,1167,10,10,0
1808,1168,3,3,0
1813,1168,3,3,0
1814,1168,8,8,0
1808,1169,5,5,0
1810,1169,2,2,0
1811,1169,10,10,0
1814,1169,6,6,0
1815,1169,3,3,0
1808,1170,5,5,0
1810,1170,1,1,0
1811,1170,15,15,0
1812,1170,2,2,0
1815,1170,2,2,0
1808,1171,2,2,0
1811,1171,4,4,0
1813,1171,2,2,0
1814,1171,8,8,0
1810,1172,1,1,0
1812,1172,8,8,0
1813,1172,46,46,0
1814,1172,54,54,0
1815,1172,24,24,0
1809,1173,6,6,0
1810,1173,6,6,0
1812,1173,23,23,0
1813,1173,81,81,0
1814,1173,93,93,0
1815,1173,52,52,0
1809,1174,3,3,0
1810,1174,4,4,0
1812,1174,18,18,0
1813,1174,63,63,0
1814,1174,72,72,0
1815,1174,37,37,0
1808,1175,3,3,0
1813,1175,20,20,0
1814,1175,23,23,0
1808,1176,2,2,0
1810,1176,2,2,0
1811,1176,6,6,0
1815,1176,9,9,0
1816,1176,3,3,0
1817,1176,2,2,0
1810,1177,4,4,0
1811,1177,2,2,0
1814,1177,3,3,0
1815,1177,9,9,0
1816,1177,2,2,0
1817,1177,2,2,0
1809,1178,6,6,0
1810,1178,5,5,0
1813,1178,3,3,0
1814,1178,3,3,0
1816,1178,2,2,0
1817,1178,2,2,0
1809,1179,7,7,0
1810,1179,2,2,0
1812,1179,10,10,0
1813,1179,37,37,0
1814,1179,34,34,0
1815,1179,9,9,0
1816,1179,2,2,0
1817,1179,2,2,0
1809,1180,1,1,0
1811,1180,2,2,0
1812,1180,41,41,0
1813,1180,86,86,0
1814,1180,85,85,0
1815,1180,54,54,0
1816,1180,2,2,0
1817,1180,2,2,0
1811,1181,4,4,0
1812,1181,41,41,0
1813,1181,82,82,0
1814,1181,81,81,0
1815,1181,53,53,0
1816,1181,2,2,0
1817,1181,2,2,0
1808,1182,2,2,0
1809,1182,4,4,0
1812,1182,14,14,0
1813,1182,34,34,0
1814,1182,31,31,0
1815,1182,14,14,0
1816,1182,2,2,0
1817,1182,2,2,0
1809,1183,3,3,0
1810,1183,2,2,0
1813,1183,2,2,0
1814,1183,3,3,0
1816,1183,2,2,0
1817,1183,2,2,0
1808,1184,2,2,0
1810,1184,3,3,0
1811,1184,8,8,0
1812,1184,4,4,0
1816,1184,2,2,0
1817,1184,4,4,0
1818,1184,5,5,0
1819,1184,3,3,0
1823,1184,1,1,0
1814,1185,1,1,0
1815,1185,1,1,0
1823,1185,1,1,0
1809,1186,3,3,0
1812,1186,8,8,0
1813,1186,30,30,0
1814,1186,40,40,0
1815,1186,35,35,0
1816,1186,8,8,0
1817,1186,2,2,0
1821,1186,2,2,0
1822,1186,2,2,0
1809,1187,6,6,0
1810,1187,3,3,0
1812,1187,22,22,0
1813,1187,61,61,0
1814,1187,77,77,0
1815,1187,70,70,0
1816,1187,22,22,0
1817,1187,12,12,0
1818,1187,1,1,0
1820,1187,2,2,0
1821,1187,5,5,0
1822,1187,2,2,0
1809,1188,1,1,0
1812,1188,14,14,0
1813,1188,52,52,0
1814,1188,67,67,0
1815,1188,59,59,0
1816,1188,22,22,0
1817,1188,12,12,0
1818,1188,1,1,0
1820,1188,2,2,0
1821,1188,5,5,0
1822,1188,2,2,0
1809,1189,3,3,0
1812,1189,2,2,0
1813,1189,22,22,0
1814,1189,30,30,0
1815,1189,24,24,0
1816,1189,8,8,0
1817,1189,2,2,0
1821,1189,2,2,0
1822,1189,2,2,0
1808,1190,4,4,0
1809,1190,4,4,0
1810,1190,3,3,0
1811,1190,2,2,0
1812,1190,2,2,0
1813,1190,4,4,0
1814,1190,6,6,0
1815,1190,6,6,0
1823,1190,1,1,0
1811,1191,6,6,0
1812,1191,5,5,0
1815,1191,4,4,0
1816,1191,2,2,0
1817,1191,4,4,0
1818,1191,5,5,0
1819,1191,3,3,0
1823,1191,1,1,0
1808,1192,3,3,0
1809,1192,2,2,0
1810,1192,4,4,0
1811,1192,7,7,0
1812,1192,2,2,0
1815,1192,4,4,0
1816,1192,3,3,0
1817,1192,2,2,0
1813,1193,4,4,0
1814,1193,17,17,0
1815,1193,27,27,0
1816,1193,2,2,0
1817,1193,2,2,0
1808,1194,2,2,0
1809,1194,6,6,0
1812,1194,1,1,0
1813,1194,30,30,0
1814,1194,56,56,0
1815,1194,65,65,0
1816,1194,2,2,0
1817,1194,2,2,0
1809,1195,9,9,0
1810,1195,5,5,0
1812,1195,7,7,0
1813,1195,45,45,0
1814,1195,71,71,0
1815,1195,75,75,0
1816,1195,2,2,0
1817,1195,2,2,0
1809,1196,4,4,0
1810,1196,2,2,0
1812,1196,1,1,0
1813,1196,29,29,0
1814,1196,42,42,0
1815,1196,36,36,0
1816,1196,2,2,0
1817,1196,2,2,0
1809,1197,5,5,0
1810,1197,3,3,0
1813,1197,9,9,0
1814,1197,8,8,0
1816,1197,2,2,0
1817,1197,2,2,0
1808,1198,7,7,0
1809,1198,5,5,0
1810,1198,2,2,0
1811,1198,2,2,0
1812,1198,4,4,0
1813,1198,3,3,0
1816,1198,2,2,0
1817,1198,2,2,0
1808,1199,4,4,0
1811,1199,1,1,0
1812,1199,5,5,0
1813,1199,2,2,0
1815,1199,2,2,0
1816,1199,2,2,0
1817,1199,2,2,0
1810,1200,1,1,0
1813,1200,3,3,0
1814,1200,11,11,0
1815,1200,17,17,0
1816,1200,4,4,0
1819,1200,6,6,0
1820,1200,8,8,0
1823,1200,8,8,0
1808,1201,1,1,0
1809,1201,3,3,0
1810,1201,2,2,0
1812,1201,3,3,0
1813,1201,23,23,0
1814,1201,53,53,0
1815,1201,77,77,0
1816,1201,23,23,0
1817,1201,3,3,0
1819,1201,2,2,0
1820,1201,6,6,0
1823,1201,1,1,0
1812,1202,1,1,0
1813,1202,25,25,0
1814,1202,66,66,0
1815,1202,97,97,0
1816,1202,33,33,0
1817,1202,10,10,0
1820,1202,3,3,0
1812,1203,1,1,0
1813,1203,14,14,0
1814,1203,36,36,0
1815,1203,54,54,0
1816,1203,22,22,0
1817,1203,5,5,0
1820,1203,1,1,0
1823,1203,4,4,0
1808,1204,2,2,0
1809,1204,2,2,0
1810,1204,3,3,0
1811,1204,3,3,0
1812,1204,5,5,0
1813,1204,7,7,0
1814,1204,10,10,0
1815,1204,11,11,0
1816,1204,3,3,0
1819,1204,1,1,0
1823,1204,5,5,0
1808,1205,4,4,0
1813,1205,2,2,0
1814,1205,2,2,0
1817,1205,1,1,0
1818,1205,5,5,0
1819,1205,4,4,0
1814,1206,3,3,0
1815,1206,5,5,0
1817,1206,2,2,0
1818,1206,4,4,0
1819,1206,3,3,0
1809,1207,4,4,0
1810,1207,9,9,0
1811,1207,8,8,0
1812,1207,4,4,0
1813,1207,3,3,0
1814,1207,7,7,0
1815,1207,12,12,0
1816,1207,2,2,0
1817,1207,1,1,0
1820,1207,3,3,0
1821,1207,7,7,0
1822,1207,5,5,0
1823,1207,1,1,0
1809,1208,5,5,0
1810,1208,4,4,0
1813,1208,14,14,0
1814,1208,36,36,0
1815,1208,47,47,0
1816,1208,19,19,0
1817,1208,3,3,0
1820,1208,3,3,0
1821,1208,5,5,0
1822,1208,2,2,0
1823,1208,1,1,0
1809,1209,1,1,0
1810,1209,2,2,0
1812,1209,8,8,0
1813,1209,32,32,0
1814,1209,56,56,0
1815,1209,67,67,0
1816,1209,35,35,0
1817,1209,18,18,0
1818,1209,5,5,0
1819,1209,3,3,0
1820,1209,4,4,0
1821,1209,1,1,0
1808,1210,1,1,0
1809,1210,1,1,0
1812,1210,5,5,0
1813,1210,22,22,0
1814,1210,37,37,0
1815,1210,44,44,0
1816,1210,20,20,0
1817,1210,9,9,0
1822,1210,1,1,0
1823,1210,7,7,0
1808,1211,5,5,0
1809,1211,1,1,0
1813,1211,3,3,0
1814,1211,5,5,0
1815,1211,5,5,0
1816,1211,3,3,0
1822,1211,1,1,0
1823,1211,8,8,0
1812,1212,2,2,0
1813,1212,2,2,0
1814,1212,1,1,0
1816,1212,8,8,0
1817,1212,3,3,0
1818,1212,3,3,0
1819,1212,7,7,0
1820,1212,5,5,0
1811,1213,3,3,0
1812,1213,3,3,0
1815,1213,2,2,0
1816,1213,2,2,0
1819,1213,3,3,0
1820,1213,6,6,0
1821,1213,1,1,0
1808,1214,3,3,0
1811,1214,2,2,0
1814,1214,2,2,0
1815,1214,14,14,0
1816,1214,4,4,0
1820,1214,3,3,0
1821,1214,4,4,0
1822,1214,1,1,0
1823,1214,2,2,0
1808,1215,2,2,0
1811,1215,4,4,0
1812,1215,3,3,0
1813,1215,5,5,0
1814,1215,22,22,0
1815,1215,42,42,0
1816,1215,32,32,0
1817,1215,14,14,0
1819,1215,1,1,0
1820,1215,6,6,0
1821,1215,4,4,0
1808,1216,3,3,0
1813,1216,16,16,0
1814,1216,50,50,0
1815,1216,81,81,0
1816,1216,46,46,0
1817,1216,6,6,0
1819,1216,8,8,0
1820,1216,8,8,0
1821,1216,4,4,0
1822,1216,3,3,0
1808,1217,1,1,0
1811,1217,3,3,0
1812,1217,2,2,0
1813,1217,6,6,0
1814,1217,21,21,0
1815,1217,39,39,0
1816,1217,29,29,0
1819,1217,2,2,0
1821,1217,1,1,0
1822,1217,6,6,0
1823,1217,2,2,0
1810,1218,1,1,0
1811,1218,5,5,0
1812,1218,4,4,0
1814,1218,2,2,0
1815,1218,9,9,0
1816,1218,11,11,0
1818,1218,1,1,0
1819,1218,1,1,0
1822,1218,7,7,0
1823,1218,2,2,0
1808,1219,2,2,0
1812,1219,2,2,0
1814,1219,2,2,0
1815,1219,8,8,0
1817,1219,1,1,0
1818,1219,10,10,0
1819,1219,6,6,0
1822,1219,7,7,0
1808,1220,2,2,0
1811,1220,1,1,0
1812,1220,1,1,0
1815,1220,4,4,0
1818,1220,9,9,0
1819,1220,7,7,0
1822,1220,5,5,0
1808,1221,1,1,0
1810,1221,2,2,0
1811,1221,6,6,0
1812,1221,2,2,0
1816,1221,3,3,0
1819,1221,2,2,0
1822,1221,4,4,0
1808,1222,1,1,0
1809,1222,1,1,0
1810,1222,3,3,0
1811,1222,4,4,0
1812,1222,1,1,0
1814,1222,8,8,0
1815,1222,22,22,0
1816,1222,38,38,0
1817,1222,7,7,0
1819,1222,1,1,0
1822,1222,4,4,0
1823,1222,2,2,0
1808,1223,4,4,0
1813,1223,7,7,0
1814,1223,34,34,0
1815,1223,61,61,0
1816,1223,74,74,0
1817,1223,26,26,0
1818,1223,1,1,0
1819,1223,5,5,0
1820,1223,1,1,0
1822,1223,4,4,0
1823,1223,5,5,0
1808,1224,2,2,0
1811,1224,4,4,0
1812,1224,10,10,0
1813,1224,2,2,0
1814,1224,24,24,0
1815,1224,74,74,0
1816,1224,40,40,0
1817,1224,10,10,0
1820,1224,5,5,0
1823,1224,6,6,0
1808,1225,6,6,0
1809,1225,3,3,0
1812,1225,3,3,0
1815,1225,30,30,0
1816,1225,25,25,0
1817,1225,6,6,0
1820,1225,3,3,0
1823,1225,3,3,0
1808,1226,2,2,0
1809,1226,5,5,0
1812,1226,7,7,0
1815,1226,7,7,0
1816,1226,6,6,0
1817,1226,2,2,0
1820,1226,1,1,0
1821,1226,2,2,0
1822,1226,1,1,0
1809,1227,5,5,0
1812,1227,9,9,0
1813,1227,7,7,0
1815,1227,1,1,0
1818,1227,2,2,0
1821,1227,4,4,0
1822,1227,4,4,0
1808,1228,2,2,0
1809,1228,7,7,0
1815,1228,2,2,0
1817,1228,3,3,0
1818,1228,4,4,0
1821,1228,4,4,0
1822,1228,4,4,0
1809,1229,3,3,0
1812,1229,2,2,0
1813,1229,2,2,0
1814,1229,11,11,0
1815,1229,36,36,0
1816,1229,15,15,0
1817,1229,9,9,0
1818,1229,3,3,0
1821,1229,1,1,0
1822,1229,2,2,0
1823,1229,2,2,0
1811,1230,3,3,0
1812,1230,7,7,0
1813,1230,3,3,0
1814,1230,24,24,0
1815,1230,69,69,0
1816,1230,39,39,0
1817,1230,17,17,0
1819,1230,1,1,0
1820,1230,2,2,0
1823,1230,6,6,0
1809,1231,1,1,0
1810,1231,1,1,0
1811,1231,6,6,0
1812,1231,1,1,0
1814,1231,10,10,0
1815,1231,66,66,0
1816,1231,56,56,0
1817,1231,22,22,0
1819,1231,1,1,0
1820,1231,3,3,0
1823,1231,9,9,0
1809,1232,7,7,0
1810,1232,3,3,0
1812,1232,3,3,0
1813,1232,2,2,0
1814,1232,1,1,0
1815,1232,12,12,0
1816,1232,1,1,0
1817,1232,2,2,0
1818,1232,1,1,0
1820,1232,1,1,0
1821,1232,3,3,0
1822,1232,2,2,0
1808,1233,4,4,0
1809,1233,9,9,0
1812,1233,2,2,0
1813,1233,5,5,0
1814,1233,3,3,0
1815,1233,13,13,0
1816,1233,4,4,0
1817,1233,6,6,0
1818,1233,5,5,0
1819,1233,1,1,0
1823,1233,2,2,0
1808,1234,6,6,0
1809,1234,8,8,0
1812,1234,5,5,0
1813,1234,3,3,0
1815,1234,3,3,0
1818,1234,4,4,0
1819,1234,3,3,0
1823,1234,4,4,0
1809,1235,3,3,0
1810,1235,1,1,0
1811,1235,1,1,0
1812,1235,7,7,0
1819,1235,4,4,0
1820,1235,5,5,0
1823,1235,1,1,0
1809,1236,2,2,0
1810,1236,4,4,0
1811,1236,3,3,0
1812,1236,3,3,0
1815,1236,26,26,0
1816,1236,32,32,0
1817,1236,13,13,0
1820,1236,4,4,0
1821,1236,2,2,0
1809,1237,3,3,0
1810,1237,2,2,0
1814,1237,19,19,0
1815,1237,62,62,0
1816,1237,75,75,0
1817,1237,37,37,0
1818,1237,3,3,0
1809,1238,3,3,0
1814,1238,20,20,0
1815,1238,63,63,0
1816,1238,66,66,0
1817,1238,31,31,0
1818,1238,2,2,0
1823,1238,1,1,0
1809,1239,1,1,0
1811,1239,4,4,0
1812,1239,7,7,0
1814,1239,6,6,0
1815,1239,39,39,0
1816,1239,26,26,0
1817,1239,5,5,0
1819,1239,4,4,0
1820,1239,8,8,0
1823,1239,1,1,0
1808,1240,2,2,0
1809,1240,1,1,0
1815,1240,1,1,0
1816,1240,2,2,0
1820,1240,1,1,0
1821,1240,3,3,0
1822,1240,1,1,0
1808,1241,2,2,0
1809,1241,1,1,0
1814,1241,1,1,0
1815,1241,1,1,0
1816,1241,1,1,0
1817,1241,3,3,0
1818,1241,6,6,0
1819,1241,5,5,0
1820,1241,3,3,0
1822,1241,1,1,0
1823,1241,2,2,0
1808,1242,2,2,0
1809,1242,1,1,0
1814,1242,2,2,0
1815,1242,2,2,0
1817,1242,3,3,0
1818,1242,8,8,0
1819,1242,7,7,0
1820,1242,1,1,0
1822,1242,1,1,0
1823,1242,6,6,0
1808,1243,2,2,0
1809,1243,1,1,0
1813,1243,1,1,0
1814,1243,2,2,0
1815,1243,3,3,0
1816,1243,3,3,0
1817,1243,3,3,0
1818,1243,2,2,0
1822,1243,2,2,0
1823,1243,5,5,0
1808,1244,1,1,0
1809,1244,1,1,0
1812,1244,1,1,0
1813,1244,2,2,0
1814,1244,4,4,0
1815,1244,4,4,0
1816,1244,23,23,0
1817,1244,12,12,0
1821,1244,3,3,0
1822,1244,2,2,0
1808,1245,1,1,0
1809,1245,1,1,0
1811,1245,1,1,0
1812,1245,1,1,0
1813,1245,3,3,0
1814,1245,4,4,0
1815,1245,5,5,0
1816,1245,38,38,0
1817,1245,22,22,0
1818,1245,4,4,0
1820,1245,2,2,0
1821,1245,5,5,0
1822,1245,1,1,0
1808,1246,1,1,0
1809,1246,1,1,0
1810,1246,1,1,0
1811,1246,1,1,0
1812,1246,2,2,0
1813,1246,4,4,0
1814,1246,5,5,0
1815,1246,6,6,0
1816,1246,23,23,0
1817,1246,13,13,0
1818,1246,3,3,0
1820,1246,3,3,0
1821,1246,4,4,0
1822,1246,1,1,0
1808,1247,1,1,0
1809,1247,1,1,0
1810,1247,1,1,0
1811,1247,1,1,0
1812,1247,2,2,0
1813,1247,4,4,0
1814,1247,6,6,0
1815,1247,7,7,0
1821,1247,1,1,0
1822,1247,1,1,0
1811,1248,1,1,0
1812,1248,1,1,0
1816,1248,1,1,0
1817,1248,1,1,0
1812,1249,1,1,0
1813,1249,1,1,0
1814,1249,2,2,0
1815,1249,2,2,0
1816,1249,5,5,0
1817,1249,4,4,0
1818,1249,2,2,0
1808,1250,1,1,0
1812,1250,1,1,0
1813,1250,3,3,0
1814,1250,6,6,0
1815,1250,8,8,0
1816,1250,10,10,0
1817,1250,8,8,0
1818,1250,4,4,0
1823,1250,1,1,0
1808,1251,2,2,0
1809,1251,1,1,0
1812,1251,1,1,0
1813,1251,5,5,0
1814,1251,9,9,0
1815,1251,12,12,0
1816,1251,14,14,0
1817,1251,10,10,0
1818,1251,5,5,0
1823,1251,2,2,0
1808,1252,2,2,0
1809,1252,1,1,0
1812,1252,1,1,0
1813,1252,5,5,0
1814,1252,9,9,0
1815,1252,12,12,0
1816,1252,14,14,0
1817,1252,10,10,0
1818,1252,5,5,0
1823,1252,2,2,0
1808,1253,1,1,0
1812,1253,1,1,0
1813,1253,3,3,0
1814,1253,6,6,0
1815,1253,8,8,0
1816,1253,10,10,0
1817,1253,8,8,0
1818,1253,4,4,0
1823,1253,1,1,0
1812,1254,1,1,0
1813,1254,1,1,0
1814,1254,2,2,0
1815,1254,2,2,0
1816,1254,5,5,0
1817,1254,4,4,0
1818,1254,2,2,0
1811,1255,1,1,0
1812,1255,1,1,0
1816,1255,1,1,0
1817,1255,1,1,0
1811,1256,1,1,0
1812,1256,4,4,0
1813,1256,4,4,0
1814,1256,1,1,0
1817,1256,2,2,0
1818,1256,4,4,0
1819,1256,3,3,0
1808,1257,2,2,0
1809,1257,1,1,0
1814,1257,2,2,0
1815,1257,4,4,0
1817,1257,2,2,0
1818,1257,3,3,0
1819,1257,4,4,0
1820,1257,4,4,0
1821,1257,1,1,0
1808,1258,1,1,0
1809,1258,2,2,0
1810,1258,1,1,0
1814,1258,8,8,0
1815,1258,16,16,0
1816,1258,20,20,0
1817,1258,13,13,0
1818,1258,5,5,0
1819,1258,1,1,0
1820,1258,2,2,0
1821,1258,3,3,0
1810,1259,1,1,0
1814,1259,13,13,0
1815,1259,24,24,0
1816,1259,42,42,0
1817,1259,26,26,0
1818,1259,6,6,0
1821,1259,2,2,0
1822,1259,4,4,0
1823,1259,3,3,0
1809,1260,1,1,0
1810,1260,5,5,0
1811,1260,3,3,0
1814,1260,8,8,0
1815,1260,17,17,0
1816,1260,32,32,0
1817,1260,18,18,0
1818,1260,3,3,0
1821,1260,3,3,0
1822,1260,3,3,0
1823,1260,1,1,0
1808,1261,2,2,0
1809,1261,5,5,0
1810,1261,7,7,0
1811,1261,5,5,0
1815,1261,3,3,0
1816,1261,1,1,0
1819,1261,1,1,0
1820,1261,5,5,0
1821,1261,4,4,0
1808,1262,4,4,0
1809,1262,4,4,0
1810,1262,2,2,0
1811,1262,1,1,0
1819,1262,2,2,0
1820,1262,3,3,0
1821,1262,1,1,0
1808,1263,1,1,0
1813,1263,2,2,0
1814,1263,4,4,0
1815,1263,3,3,0
1816,1263,7,7,0
1817,1263,6,6,0
1818,1263,3,3,0
1823,1263,5,5,0
1812,1264,1,1,0
1813,1264,2,2,0
1814,1264,3,3,0
1815,1264,3,3,0
1816,1264,6,6,0
1817,1264,5,5,0
1818,1264,4,4,0
1819,1264,3,3,0
1820,1264,2,2,0
1821,1264,1,1,0
1812,1265,1,1,0
1813,1265,2,2,0
1814,1265,2,2,0
1815,1265,3,3,0
1816,1265,5,5,0
1817,1265,5,5,0
1818,1265,4,4,0
1819,1265,3,3,0
1820,1265,2,2,0
1821,1265,1,1,0
1812,1266,1,1,0
1813,1266,1,1,0
1814,1266,2,2,0
1815,1266,2,2,0
1816,1266,4,4,0
1817,1266,4,4,0
1818,1266,3,3,0
1819,1266,3,3,0
1820,1266,2,2,0
1821,1266,1,1,0
1813,1267,1,1,0
1814,1267,1,1,0
1815,1267,2,2,0
1816,1267,3,3,0
1817,1267,3,3,0
1818,1267,3,3,0
1819,1267,2,2,0
1820,1267,1,1,0
1821,1267,1,1,0
1813,1268,1,1,0
1814,1268,1,1,0
1815,1268,1,1,0
1816,1268,2,2,0
1817,1268,2,2,0
1818,1268,2,2,0
1819,1268,1,1,0
1820,1268,1,1,0
1821,1268,1,1,0
1822,1268,1,1,0
1816,1269,1,1,0
1817,1269,1,1,0
1818,1269,1,1,0
1819,1269,1,1,0
1820,1269,1,1,0
1821,1269,1,1,0
1822,1269,1,1,0
1823,1269,1,1,0
1820,1270,1,1,0
1821,1270,1,1,0
1822,1270,1,1,0
1823,1270,1,1,0
1808,1271,1,1,0
1809,1271,1,1,0
1821,1271,1,1,0
1822,1271,1,1,0
