X,Y,Subtracted,Original 1,Original 2
1802,1271,1,1,0
1784,832,1,1,0
1798,832,2,8,6
1799,832,1,1,0
1784,833,2,2,0
1785,833,3,3,0
1786,833,3,4,1
1787,833,6,6,0
1788,833,5,7,2
1790,833,2,5,3
1791,833,4,4,0
1792,833,5,5,0
1793,833,5,5,0
1794,833,8,12,4
1795,833,4,6,2
1785,834,3,3,0
1786,834,4,4,0
1794,834,1,5,4
1795,834,1,1,0
1789,835,2,2,0
1798,835,1,6,5
1799,835,2,2,0
1788,836,10,14,4
1789,836,33,47,14
1790,836,24,91,67
1795,836,7,11,4
1796,836,6,8,2
1784,837,2,3,1
1785,837,3,3,0
1788,837,16,16,0
1789,837,44,49,5
1790,837,38,94,56
1791,837,14,126,112
1795,837,3,8,5
1796,837,3,7,4
1799,837,1,7,6
1785,838,1,2,1
1789,838,13,13,0
1790,838,20,35,15
1791,838,9,51,42
1798,838,1,4,3
1799,838,2,2,0
1786,839,1,2,1
1794,839,4,8,4
1795,839,3,3,0
1785,840,2,8,6
1786,840,1,1,0
1791,840,10,10,0
1793,840,2,7,5
1796,840,5,5,0
1797,840,3,3,0
1788,841,10,11,1
1789,841,2,2,0
1795,841,3,5,2
1799,841,8,8,0
1784,842,1,1,0
1788,842,1,1,0
1795,842,8,8,0
1798,842,5,5,0
1785,843,4,6,2
1786,843,5,5,0
1790,843,4,75,71
1791,843,15,173,158
1795,843,4,4,0
1797,843,1,1,0
1798,843,10,10,0
1785,844,1,3,2
1786,844,3,3,0
1789,844,6,13,7
1790,844,24,95,71
1791,844,39,197,158
1795,844,1,4,3
1797,844,1,1,0
1798,844,10,10,0
1784,845,4,4,0
1785,845,1,3,2
1788,845,2,2,0
1789,845,1,1,0
1790,845,6,28,22
1795,845,8,8,0
1798,845,5,5,0
1799,845,3,4,1
1784,846,5,5,0
1785,846,2,5,3
1788,846,1,2,1
1795,846,5,5,0
1799,846,1,8,7
1786,847,2,2,0
1791,847,7,7,0
1792,847,3,3,0
1793,847,5,7,2
1796,847,3,5,2
1797,847,3,3,0
1786,848,2,2,0
1792,848,3,3,0
1796,848,4,5,1
1799,848,3,3,0
1784,849,1,7,6
1790,849,23,23,0
1791,849,44,62,18
1792,849,15,40,25
1799,849,6,7,1
1784,850,3,6,3
1789,850,2,2,0
1790,850,36,59,23
1791,850,73,127,54
1792,850,1,98,97
1787,851,3,7,4
1788,851,1,1,0
1789,851,3,5,2
1790,851,17,45,28
1791,851,36,92,56
1785,852,2,4,2
1786,852,2,3,1
1790,852,1,3,2
1798,852,2,2,0
1799,852,4,4,0
1785,853,3,3,0
1789,853,7,7,0
1789,854,2,9,7
1790,854,3,9,6
1793,854,1,1,0
1794,854,3,3,0
1797,854,1,1,0
1784,855,3,5,2
1787,855,5,5,0
1791,855,3,3,0
1797,855,3,3,0
1798,855,2,2,0
1785,856,2,3,1
1788,856,2,2,0
1790,856,5,9,4
1791,856,29,41,12
1795,856,1,1,0
1784,857,8,8,0
1785,857,1,2,1
1788,857,2,2,0
1789,857,4,4,0
1790,857,32,36,4
1791,857,79,90,11
1792,857,41,150,109
1796,857,1,1,0
1797,857,7,7,0
1798,857,2,2,0
1784,858,1,1,0
1787,858,6,6,0
1788,858,9,9,0
1790,858,14,17,3
1791,858,55,64,9
1785,859,2,2,0
1786,859,1,2,1
1787,859,4,4,0
1788,859,7,7,0
1791,859,4,10,6
1795,859,2,2,0
1785,860,11,11,0
1789,860,5,5,0
1792,860,7,7,0
1796,860,4,11,7
1797,860,5,11,6
1798,860,3,3,0
1785,861,9,9,0
1786,861,2,2,0
1788,861,5,5,0
1789,861,8,8,0
1795,861,1,1,0
1799,861,1,1,0
1787,862,8,8,0
1788,862,12,13,1
1791,862,11,11,0
1793,862,5,7,2
1794,862,12,12,0
1795,862,6,6,0
1784,863,14,14,0
1787,863,1,1,0
1788,863,4,5,1
1790,863,11,11,0
1791,863,74,74,0
1792,863,46,95,49
1796,863,2,4,2
1797,863,5,10,5
1798,863,3,3,0
1785,864,7,7,0
1786,864,6,6,0
1790,864,5,5,0
1791,864,94,94,0
1792,864,55,126,71
1797,864,7,7,0
1786,865,5,5,0
1788,865,8,8,0
1789,865,11,11,0
1790,865,22,22,0
1791,865,86,86,0
1792,865,43,140,97
1793,865,24,132,108
1797,865,4,4,0
1798,865,4,4,0
1799,865,1,9,8
1784,866,8,8,0
1786,866,5,5,0
1791,866,9,9,0
1792,866,75,77,2
1793,866,54,54,0
1794,866,2,21,19
1797,866,3,3,0
1784,867,2,2,0
1786,867,4,4,0
1787,867,2,2,0
1789,867,12,12,0
1790,867,2,2,0
1792,867,9,9,0
1796,867,7,7,0
1797,867,1,1,0
1784,868,2,2,0
1786,868,5,5,0
1787,868,2,2,0
1789,868,11,11,0
1795,868,5,5,0
1798,868,4,4,0
1799,868,9,9,0
1784,869,5,5,0
1786,869,6,6,0
1791,869,3,3,0
1792,869,13,13,0
1793,869,12,14,2
1794,869,8,8,0
1786,870,6,6,0
1787,870,1,1,0
1788,870,10,10,0
1789,870,9,9,0
1790,870,16,16,0
1791,870,77,77,0
1792,870,55,79,24
1793,870,7,89,82
1797,870,5,5,0
1785,871,5,5,0
1786,871,7,7,0
1791,871,83,83,0
1792,871,122,202,80
1793,871,116,196,80
1797,871,2,8,6
1799,871,4,4,0
1784,872,1,1,0
1786,872,1,1,0
1787,872,2,2,0
1790,872,13,13,0
1791,872,29,29,0
1792,872,103,106,3
1793,872,70,173,103
1794,872,21,108,87
1799,872,1,1,0
1784,873,4,4,0
1785,873,1,1,0
1786,873,1,1,0
1791,873,1,1,0
1795,873,2,8,6
1799,873,5,5,0
1787,874,3,3,0
1788,874,3,3,0
1792,874,6,6,0
1793,874,6,6,0
1797,874,1,1,0
1787,875,3,3,0
1788,875,7,7,0
1789,875,4,4,0
1790,875,1,1,0
1791,875,3,3,0
1796,875,5,5,0
1797,875,7,7,0
1799,875,6,6,0
1784,876,8,8,0
1794,876,3,3,0
1795,876,24,24,0
1784,877,5,5,0
1788,877,1,1,0
1789,877,1,1,0
1790,877,6,6,0
1791,877,13,13,0
1792,877,81,83,2
1793,877,65,100,35
1794,877,21,84,63
1798,877,6,6,0
1787,878,5,5,0
1788,878,5,5,0
1789,878,6,6,0
1790,878,15,15,0
1791,878,27,27,0
1792,878,87,87,0
1793,878,82,171,89
1797,878,10,18,8
1798,878,1,1,0
1786,879,4,4,0
1787,879,5,5,0
1791,879,11,11,0
1792,879,66,75,9
1793,879,13,99,86
1797,879,2,2,0
1791,880,1,1,0
1792,880,2,2,0
1797,880,8,8,0
1803,880,1,1,0
1804,880,1,1,0
1805,880,1,1,0
1806,880,1,1,0
1807,880,1,1,0
1791,881,1,1,0
1793,881,1,1,0
1794,881,1,1,0
1796,881,1,1,0
1798,881,1,1,0
1799,881,3,3,0
1803,881,1,1,0
1804,881,1,1,0
1805,881,1,1,0
1806,881,1,1,0
1807,881,1,1,0
1791,882,1,1,0
1792,882,3,8,5
1793,882,1,1,0
1794,882,1,1,0
1795,882,6,8,2
1796,882,6,8,2
1799,882,14,14,0
1803,882,1,1,0
1804,882,1,1,0
1805,882,1,1,0
1806,882,1,1,0
1807,882,1,1,0
1791,883,1,1,0
1792,883,1,1,0
1793,883,1,1,0
1797,883,1,1,0
1798,883,1,1,0
1803,883,1,1,0
1804,883,1,1,0
1805,883,1,1,0
1806,883,1,1,0
1807,883,1,1,0
1791,884,1,1,0
1792,884,63,68,5
1793,884,86,102,16
1794,884,23,106,83
1795,884,1,59,58
1797,884,6,6,0
1798,884,10,13,3
1799,884,12,12,0
1803,884,1,1,0
1804,884,1,1,0
1805,884,1,1,0
1806,884,1,1,0
1807,884,1,1,0
1791,885,1,1,0
1792,885,129,131,2
1793,885,133,181,48
1799,885,3,3,0
1803,885,1,1,0
1804,885,1,1,0
1805,885,1,1,0
1806,885,1,1,0
1807,885,1,1,0
1791,886,1,1,0
1792,886,117,117,0
1793,886,129,148,19
1799,886,5,5,0
1803,886,1,1,0
1804,886,1,1,0
1805,886,1,1,0
1806,886,1,1,0
1807,886,1,1,0
1791,887,1,1,0
1793,887,3,3,0
1797,887,8,8,0
1803,887,1,1,0
1804,887,1,1,0
1805,887,1,1,0
1806,887,1,1,0
1807,887,1,1,0
1796,888,8,8,0
1797,888,12,12,0
1798,888,4,5,1
1792,889,5,5,0
1793,889,7,7,0
1795,889,1,1,0
1799,889,1,1,0
1793,890,31,36,5
1795,890,4,12,8
1798,890,35,35,0
1792,891,74,99,25
1793,891,129,129,0
1794,891,9,94,85
1792,892,94,94,0
1793,892,207,207,0
1794,892,33,129,96
1798,892,22,22,0
1792,893,95,108,13
1793,893,142,150,8
1794,893,39,152,113
1799,893,2,12,10
1793,894,7,7,0
1798,894,8,8,0
1792,895,7,8,1
1794,895,11,11,0
1797,895,7,7,0
1799,895,2,2,0
1793,896,15,19,4
1795,896,7,9,2
1799,896,6,6,0
1794,897,6,6,0
1797,897,5,14,9
1792,898,18,18,0
1793,898,96,98,2
1794,898,72,81,9
1795,898,32,116,84
1792,899,61,67,6
1793,899,107,107,0
1794,899,151,229,78
1795,899,35,139,104
1799,899,7,7,0
1792,900,11,11,0
1793,900,83,92,9
1794,900,74,74,0
1795,900,13,120,107
1798,900,7,15,8
1794,901,36,37,1
1797,901,11,11,0
1793,902,24,24,0
1795,902,18,18,0
1798,902,3,3,0
1799,902,1,1,0
1796,903,3,3,0
1797,903,10,13,3
1793,904,23,23,0
1795,904,31,32,1
1796,904,2,4,2
1798,904,4,4,0
1792,905,22,22,0
1793,905,88,89,1
1794,905,77,85,8
1795,905,87,111,24
1799,905,6,6,0
1792,906,19,19,0
1793,906,105,105,0
1794,906,117,132,15
1795,906,78,143,65
1792,907,19,31,12
1793,907,104,104,0
1794,907,137,140,3
1795,907,67,142,75
1799,907,5,13,8
1793,908,25,25,0
1794,908,46,46,0
1795,908,9,44,35
1794,909,4,7,3
1796,909,7,7,0
1798,909,3,4,1
1792,910,6,6,0
1794,910,3,9,6
1796,910,7,7,0
1798,910,6,8,2
1799,910,6,7,1
1794,911,17,17,0
1793,912,84,84,0
1794,912,74,74,0
1795,912,77,79,2
1799,912,5,5,0
1792,913,5,5,0
1793,913,135,135,0
1794,913,171,189,18
1795,913,174,211,37
1793,914,84,84,0
1794,914,116,116,0
1795,914,139,148,9
1799,914,2,2,0
1793,915,3,3,0
1795,915,5,5,0
1796,916,1,3,2
1797,916,1,1,0
1793,917,6,6,0
1794,917,9,9,0
1797,917,2,2,0
1798,917,9,9,0
1792,918,4,4,0
1796,918,1,8,7
1799,918,7,7,0
1793,919,7,7,0
1794,919,64,68,4
1795,919,69,69,0
1796,919,14,60,46
1793,920,32,38,6
1794,920,130,130,0
1795,920,213,220,7
1796,920,2,90,88
1792,921,11,11,0
1793,921,27,30,3
1794,921,119,119,0
1795,921,126,133,7
1796,921,4,82,78
1793,922,12,20,8
1794,922,31,31,0
1795,922,43,43,0
1793,923,7,7,0
1795,923,3,3,0
1797,923,11,11,0
1799,923,2,2,0
1792,924,2,2,0
1794,924,7,15,8
1796,924,23,29,6
1792,925,6,10,4
1794,925,2,5,3
1796,925,7,7,0
1799,925,15,15,0
1794,926,11,11,0
1795,926,40,40,0
1793,927,5,8,3
1794,927,94,94,0
1795,927,90,92,2
1796,927,28,88,60
1793,928,14,14,0
1794,928,63,79,16
1795,928,160,160,0
1796,928,91,109,18
1794,929,16,17,1
1795,929,58,58,0
1796,929,24,32,8
1793,930,3,3,0
1795,930,1,1,0
1798,930,8,8,0
1792,931,2,2,0
1793,931,1,9,8
1796,931,4,4,0
1798,931,5,5,0
1799,931,3,3,0
1795,932,3,3,0
1796,932,1,1,0
1799,932,11,14,3
1794,933,44,44,0
1795,933,62,71,9
1796,933,54,54,0
1797,933,15,15,0
1794,934,84,84,0
1795,934,118,133,15
1796,934,108,110,2
1797,934,29,65,36
1792,935,1,3,2
1794,935,73,76,3
1795,935,115,121,6
1796,935,100,100,0
1797,935,5,74,69
1794,936,5,16,11
1795,936,22,22,0
1796,936,17,17,0
1799,937,3,3,0
1792,938,2,2,0
1795,938,1,1,0
1796,938,3,3,0
1792,939,4,4,0
1795,939,2,7,5
1796,939,12,12,0
1794,940,8,8,0
1795,940,34,36,2
1796,940,37,41,4
1797,940,16,16,0
1793,941,11,11,0
1794,941,59,59,0
1795,941,115,115,0
1796,941,117,117,0
1797,941,54,62,8
1793,942,11,11,0
1794,942,67,70,3
1795,942,133,134,1
1796,942,132,132,0
1797,942,61,66,5
1794,943,22,22,0
1795,943,56,64,8
1796,943,55,59,4
1797,943,14,14,0
1792,944,2,2,0
1794,944,3,3,0
1796,944,11,11,0
1792,945,7,8,1
1793,945,20,20,0
1795,945,8,10,2
1797,945,7,12,5
1799,945,19,19,0
1794,946,25,25,0
1796,946,16,23,7
1792,947,4,5,1
1793,947,5,7,2
1794,947,2,5,3
1795,947,32,33,1
1796,947,19,19,0
1797,947,14,15,1
1794,948,10,17,7
1795,948,90,90,0
1796,948,88,88,0
1797,948,50,52,2
1794,949,81,87,6
1795,949,148,148,0
1796,949,200,200,0
1797,949,93,100,7
1793,950,2,2,0
1795,950,67,69,2
1796,950,52,52,0
1797,950,54,57,3
1794,951,3,3,0
1796,951,2,6,4
1798,951,4,4,0
1792,952,2,2,0
1794,952,5,5,0
1792,953,3,5,2
1794,953,5,9,4
1797,953,8,9,1
1799,953,3,3,0
1794,954,14,14,0
1795,954,13,19,6
1796,954,23,25,2
1797,954,25,25,0
1792,955,10,10,0
1793,955,17,17,0
1794,955,59,59,0
1795,955,86,86,0
1796,955,104,104,0
1797,955,94,94,0
1794,956,40,44,4
1795,956,75,81,6
1796,956,110,110,0
1797,956,92,102,10
1792,957,8,8,0
1793,957,2,3,1
1794,957,25,33,8
1795,957,51,58,7
1796,957,85,85,0
1797,957,82,87,5
1795,958,2,2,0
1796,958,14,14,0
1797,958,23,23,0
1794,959,4,4,0
1799,959,3,3,0
1793,960,5,5,0
1794,960,1,1,0
1795,960,1,4,3
1797,960,6,9,3
1792,961,7,7,0
1796,961,13,13,0
1792,962,6,6,0
1795,962,85,85,0
1796,962,72,74,2
1797,962,60,60,0
1792,963,14,14,0
1794,963,40,40,0
1795,963,92,92,0
1796,963,154,167,13
1797,963,90,90,0
1798,963,30,42,12
1792,964,6,6,0
1795,964,67,67,0
1796,964,46,64,18
1797,964,82,82,0
1798,964,14,17,3
1794,965,15,15,0
1796,965,2,13,11
1798,965,13,13,0
1793,966,10,10,0
1794,966,1,1,0
1795,966,11,11,0
1799,966,6,6,0
1792,967,5,7,2
1796,967,7,7,0
1799,967,1,1,0
1792,968,4,4,0
1793,968,3,6,3
1795,968,5,5,0
1797,968,2,7,5
1799,968,1,1,0
1795,969,48,48,0
1796,969,67,67,0
1797,969,82,82,0
1798,969,35,35,0
1792,970,1,1,0
1794,970,3,7,4
1795,970,76,82,6
1796,970,129,129,0
1797,970,145,145,0
1798,970,55,71,16
1792,971,6,7,1
1793,971,1,1,0
1795,971,55,65,10
1796,971,99,103,4
1797,971,121,121,0
1798,971,37,57,20
1795,972,20,26,6
1796,972,30,31,1
1797,972,45,45,0
1798,972,13,13,0
1793,973,3,3,0
1795,973,10,14,4
1797,973,3,3,0
1793,974,8,8,0
1794,974,3,3,0
1795,974,12,15,3
1799,974,1,7,6
1793,975,1,3,2
1795,975,7,7,0
1797,975,7,7,0
1799,975,2,2,0
1792,976,9,9,0
1795,976,43,43,0
1796,976,97,97,0
1797,976,74,74,0
1798,976,15,15,0
1794,977,2,2,0
1795,977,69,69,0
1796,977,151,151,0
1797,977,157,157,0
1798,977,77,77,0
1792,978,11,11,0
1793,978,3,3,0
1794,978,12,12,0
1795,978,55,55,0
1796,978,124,124,0
1797,978,163,163,0
1798,978,105,105,0
1799,978,9,9,0
1794,979,2,2,0
1795,979,6,6,0
1796,979,18,18,0
1797,979,55,55,0
1798,979,48,48,0
1794,980,8,8,0
1795,980,8,8,0
1798,980,9,9,0
1792,981,9,9,0
1793,981,1,1,0
1794,981,6,6,0
1795,981,10,10,0
1798,981,3,3,0
1799,981,4,4,0
1792,982,8,8,0
1796,982,6,6,0
1797,982,8,8,0
1793,983,9,9,0
1794,983,4,4,0
1795,983,14,14,0
1796,983,53,53,0
1797,983,56,56,0
1798,983,25,25,0
1799,983,11,11,0
1795,984,41,41,0
1796,984,117,117,0
1797,984,151,151,0
1798,984,90,90,0
1799,984,2,2,0
1792,985,2,2,0
1794,985,5,5,0
1795,985,39,39,0
1796,985,95,95,0
1797,985,120,120,0
1798,985,75,75,0
1799,985,12,12,0
1792,986,3,3,0
1793,986,1,1,0
1794,986,4,4,0
1795,986,19,19,0
1796,986,42,42,0
1797,986,48,48,0
1798,986,24,24,0
1793,987,1,1,0
1794,987,3,3,0
1795,987,4,4,0
1796,987,1,1,0
1793,988,2,2,0
1794,988,5,5,0
1795,988,2,2,0
1798,988,2,2,0
1799,988,10,10,0
1793,989,1,1,0
1797,989,3,3,0
1798,989,3,3,0
1793,990,1,1,0
1796,990,13,13,0
1797,990,32,32,0
1798,990,19,19,0
1793,991,4,4,0
1794,991,1,1,0
1795,991,10,10,0
1796,991,50,50,0
1797,991,85,85,0
1798,991,67,67,0
1799,991,23,23,0
1795,992,6,6,0
1796,992,66,66,0
1797,992,120,120,0
1798,992,87,87,0
1799,992,12,12,0
1792,993,6,6,0
1793,993,12,12,0
1794,993,7,7,0
1795,993,11,11,0
1796,993,48,48,0
1797,993,81,81,0
1798,993,59,59,0
1799,993,8,8,0
1796,994,1,1,0
1797,994,9,9,0
1798,994,3,3,0
1794,995,1,1,0
1795,995,2,2,0
1799,995,5,5,0
1792,996,1,1,0
1793,996,2,2,0
1794,996,7,7,0
1795,996,8,8,0
1799,996,10,10,0
1797,997,8,8,0
1798,997,6,6,0
1792,998,2,2,0
1793,998,8,8,0
1794,998,2,2,0
1796,998,34,34,0
1797,998,76,76,0
1798,998,70,70,0
1799,998,34,34,0
1793,999,7,7,0
1796,999,59,59,0
1797,999,129,129,0
1798,999,124,124,0
1799,999,70,70,0
1793,1000,6,6,0
1794,1000,4,4,0
1795,1000,4,4,0
1796,1000,40,40,0
1797,1000,85,85,0
1798,1000,83,83,0
1799,1000,48,48,0
1792,1001,4,4,0
1793,1001,1,1,0
1796,1001,4,4,0
1797,1001,15,15,0
1798,1001,11,11,0
1792,1002,5,5,0
1795,1002,1,1,0
1799,1002,5,5,0
1795,1003,6,6,0
1796,1003,7,7,0
1798,1003,1,1,0
1799,1003,11,11,0
1796,1004,6,6,0
1797,1004,15,15,0
1798,1004,6,6,0
1793,1005,4,4,0
1794,1005,3,3,0
1795,1005,4,4,0
1796,1005,36,36,0
1797,1005,75,75,0
1798,1005,67,67,0
1799,1005,31,31,0
1793,1006,2,2,0
1794,1006,3,3,0
1795,1006,15,15,0
1796,1006,66,66,0
1797,1006,120,120,0
1798,1006,121,121,0
1799,1006,88,88,0
1792,1007,3,3,0
1795,1007,6,6,0
1796,1007,53,53,0
1797,1007,99,99,0
1798,1007,101,101,0
1799,1007,75,75,0
1793,1008,3,3,0
1794,1008,1,1,0
1796,1008,9,9,0
1797,1008,40,40,0
1798,1008,45,45,0
1799,1008,26,26,0
1792,1009,1,1,0
1793,1009,5,5,0
1794,1009,4,4,0
1797,1009,7,7,0
1798,1009,8,8,0
1799,1009,3,3,0
1792,1010,2,2,0
1793,1010,2,2,0
1794,1010,2,2,0
1795,1010,1,1,0
1797,1011,10,10,0
1798,1011,12,12,0
1799,1011,7,7,0
1793,1012,8,8,0
1794,1012,2,2,0
1796,1012,21,21,0
1797,1012,62,62,0
1798,1012,64,64,0
1799,1012,36,36,0
1793,1013,9,9,0
1794,1013,5,5,0
1795,1013,5,5,0
1796,1013,55,55,0
1797,1013,119,119,0
1798,1013,121,121,0
1799,1013,80,80,0
1793,1014,2,2,0
1795,1014,9,9,0
1796,1014,59,59,0
1797,1014,111,111,0
1798,1014,104,104,0
1799,1014,64,64,0
1792,1015,9,9,0
1796,1015,31,31,0
1797,1015,52,52,0
1798,1015,30,30,0
1792,1016,3,3,0
1795,1016,8,8,0
1794,1017,3,3,0
1795,1017,8,8,0
1798,1017,6,6,0
1794,1018,6,6,0
1795,1018,1,1,0
1797,1018,5,5,0
1798,1018,14,14,0
1793,1019,3,3,0
1794,1019,3,3,0
1797,1019,25,25,0
1798,1019,36,36,0
1799,1019,12,12,0
1792,1020,3,3,0
1793,1020,2,2,0
1796,1020,13,13,0
1797,1020,61,61,0
1798,1020,78,78,0
1799,1020,51,51,0
1792,1021,2,2,0
1795,1021,2,2,0
1796,1021,27,27,0
1797,1021,78,78,0
1798,1021,99,99,0
1799,1021,77,77,0
1794,1022,1,1,0
1795,1022,3,3,0
1796,1022,14,14,0
1797,1022,46,46,0
1798,1022,62,62,0
1799,1022,47,47,0
1794,1023,3,3,0
1798,1023,7,7,0
1793,1024,1,1,0
1794,1024,7,7,0
1797,1024,8,8,0
1799,1024,11,11,0
1801,1024,1,1,0
1807,1024,8,8,0
1792,1025,8,8,0
1793,1025,8,8,0
1794,1025,10,10,0
1796,1025,2,2,0
1797,1025,12,12,0
1800,1025,3,3,0
1804,1025,2,2,0
1807,1025,4,4,0
1796,1026,14,14,0
1797,1026,35,35,0
1798,1026,16,16,0
1799,1026,22,22,0
1804,1026,5,5,0
1805,1026,2,2,0
1792,1027,7,7,0
1793,1027,2,2,0
1794,1027,7,7,0
1795,1027,14,14,0
1796,1027,58,58,0
1797,1027,96,96,0
1798,1027,85,85,0
1799,1027,93,93,0
1800,1027,15,15,0
1796,1028,43,43,0
1797,1028,85,85,0
1798,1028,80,80,0
1799,1028,91,91,0
1800,1028,20,25,5
1792,1029,10,10,0
1793,1029,6,6,0
1794,1029,9,9,0
1795,1029,9,9,0
1796,1029,46,46,0
1797,1029,83,83,0
1798,1029,80,80,0
1799,1029,95,95,0
1800,1029,23,23,0
1807,1029,3,3,0
1794,1030,1,1,0
1796,1030,13,13,0
1797,1030,36,36,0
1798,1030,29,29,0
1799,1030,46,46,0
1800,1030,9,9,0
1801,1030,2,2,0
1807,1030,2,2,0
1792,1031,2,2,0
1793,1031,6,6,0
1794,1031,11,11,0
1797,1031,3,3,0
1799,1031,2,2,0
1804,1031,2,2,0
1792,1032,1,1,0
1793,1032,4,4,0
1796,1032,4,4,0
1797,1032,4,4,0
1799,1032,4,4,0
1802,1032,5,5,0
1803,1032,4,4,0
1804,1032,1,1,0
1792,1033,2,2,0
1793,1033,2,2,0
1794,1033,1,1,0
1797,1033,5,5,0
1798,1033,7,7,0
1794,1034,5,5,0
1795,1034,4,4,0
1796,1034,5,5,0
1797,1034,43,43,0
1798,1034,71,71,0
1799,1034,54,54,0
1800,1034,7,7,0
1792,1035,2,2,0
1794,1035,6,6,0
1795,1035,6,6,0
1796,1035,8,8,0
1797,1035,71,71,0
1798,1035,121,121,0
1799,1035,101,101,0
1800,1035,6,21,15
1801,1035,12,12,0
1792,1036,7,7,0
1794,1036,6,6,0
1797,1036,44,44,0
1798,1036,83,83,0
1799,1036,57,57,0
1800,1036,14,21,7
1801,1036,12,12,0
1802,1036,2,2,0
1794,1037,4,4,0
1797,1037,10,10,0
1798,1037,22,22,0
1800,1037,2,7,5
1801,1037,2,2,0
1805,1037,3,3,0
1794,1038,1,1,0
1797,1038,4,4,0
1798,1038,1,1,0
1792,1039,2,2,0
1793,1039,5,5,0
1796,1039,6,6,0
1797,1039,6,6,0
1798,1039,2,2,0
1799,1039,8,8,0
1800,1039,1,1,0
1801,1039,3,3,0
1803,1039,4,4,0
1793,1040,3,3,0
1799,1040,13,13,0
1802,1040,1,1,0
1803,1040,6,6,0
1795,1041,2,2,0
1796,1041,9,9,0
1797,1041,32,32,0
1798,1041,60,60,0
1799,1041,77,77,0
1800,1041,7,7,0
1801,1041,1,1,0
1807,1041,5,5,0
1792,1042,6,6,0
1794,1042,1,1,0
1797,1042,39,39,0
1798,1042,86,86,0
1799,1042,90,90,0
1800,1042,19,21,2
1801,1042,8,8,0
1807,1042,3,6,3
1794,1043,5,5,0
1795,1043,7,7,0
1796,1043,6,6,0
1797,1043,67,67,0
1798,1043,125,125,0
1799,1043,117,117,0
1800,1043,27,28,1
1801,1043,12,12,0
1792,1044,1,1,0
1794,1044,7,7,0
1795,1044,7,7,0
1797,1044,45,45,0
1798,1044,87,87,0
1799,1044,68,68,0
1800,1044,18,18,0
1801,1044,4,4,0
1792,1045,8,8,0
1794,1045,5,5,0
1798,1045,8,8,0
1795,1046,2,2,0
1796,1046,3,3,0
1797,1046,7,7,0
1798,1046,10,10,0
1799,1046,7,7,0
1804,1046,2,2,0
1792,1047,3,3,0
1793,1047,2,2,0
1796,1047,4,4,0
1800,1047,6,6,0
1803,1047,2,2,0
1807,1047,2,4,2
1793,1048,2,2,0
1794,1048,3,3,0
1795,1048,2,2,0
1796,1048,4,4,0
1797,1048,14,14,0
1798,1048,32,32,0
1799,1048,46,46,0
1807,1048,5,5,0
1792,1049,1,1,0
1796,1049,9,9,0
1797,1049,38,38,0
1798,1049,74,74,0
1799,1049,100,100,0
1800,1049,11,15,4
1801,1049,4,4,0
1807,1049,2,2,0
1792,1050,3,3,0
1796,1050,11,11,0
1797,1050,45,45,0
1798,1050,85,85,0
1799,1050,114,114,0
1800,1050,25,31,6
1801,1050,8,10,2
1792,1051,2,2,0
1793,1051,1,1,0
1796,1051,6,6,0
1797,1051,23,23,0
1798,1051,43,43,0
1799,1051,57,57,0
1800,1051,28,29,1
1801,1051,6,9,3
1792,1052,1,1,0
1793,1052,2,2,0
1794,1052,2,2,0
1795,1052,1,1,0
1796,1052,1,1,0
1797,1052,2,2,0
1798,1052,4,4,0
1799,1052,6,6,0
1800,1052,12,12,0
1801,1052,2,3,1
1803,1052,1,1,0
1804,1052,2,3,1
1798,1053,1,1,0
1799,1053,2,2,0
1802,1053,1,1,0
1803,1053,1,5,4
1807,1053,3,4,1
1796,1054,2,2,0
1797,1054,4,4,0
1798,1054,4,4,0
1799,1054,4,4,0
1803,1054,2,5,3
1807,1054,4,4,0
1794,1055,1,1,0
1795,1055,3,3,0
1796,1055,4,4,0
1797,1055,1,1,0
1800,1055,2,2,0
1803,1055,3,3,0
1804,1055,1,1,0
1807,1055,3,3,0
1794,1056,1,1,0
1796,1056,10,10,0
1797,1056,58,58,0
1798,1056,75,75,0
1799,1056,48,48,0
1800,1056,26,26,0
1793,1057,1,1,0
1796,1057,7,7,0
1797,1057,70,70,0
1798,1057,114,114,0
1799,1057,109,109,0
1800,1057,65,67,2
1801,1057,17,18,1
1793,1058,3,3,0
1794,1058,8,8,0
1797,1058,40,40,0
1798,1058,73,73,0
1799,1058,67,67,0
1800,1058,35,43,8
1801,1058,3,3,0
1793,1059,3,3,0
1794,1059,12,12,0
1795,1059,2,2,0
1797,1059,4,4,0
1798,1059,13,13,0
1803,1059,11,11,0
1792,1060,3,3,0
1794,1060,3,3,0
1797,1060,1,1,0
1798,1060,11,11,0
1802,1060,9,10,1
1806,1060,10,10,0
1794,1061,3,3,0
1795,1061,5,5,0
1798,1061,3,3,0
1802,1061,6,6,0
1806,1061,10,10,0
1794,1062,6,6,0
1795,1062,9,9,0
1798,1062,15,15,0
1799,1062,18,18,0
1800,1062,19,19,0
1803,1062,8,8,0
1792,1063,3,3,0
1797,1063,20,20,0
1798,1063,75,75,0
1799,1063,110,110,0
1800,1063,84,95,11
1801,1063,21,21,0
1793,1064,13,13,0
1797,1064,108,108,0
1798,1064,174,174,0
1799,1064,193,193,0
1800,1064,122,122,0
1793,1065,10,10,0
1794,1065,1,1,0
1795,1065,4,4,0
1796,1065,11,11,0
1797,1065,107,107,0
1798,1065,162,162,0
1799,1065,177,177,0
1800,1065,104,104,0
1801,1065,8,8,0
1802,1065,1,1,0
1803,1065,10,13,3
1793,1066,2,2,0
1795,1066,3,3,0
1796,1066,2,2,0
1797,1066,58,58,0
1798,1066,88,88,0
1799,1066,92,92,0
1800,1066,40,46,6
1803,1066,1,1,0
1792,1067,6,6,0
1797,1067,6,6,0
1798,1067,14,14,0
1799,1067,8,8,0
1807,1067,5,5,0
1792,1068,9,9,0
1794,1068,2,2,0
1795,1068,6,6,0
1796,1068,2,2,0
1798,1068,1,1,0
1801,1068,1,2,1
1802,1068,2,11,9
1804,1068,3,3,0
1805,1068,7,7,0
1807,1068,2,2,0
1792,1069,6,6,0
1794,1069,7,7,0
1795,1069,2,2,0
1796,1069,2,2,0
1798,1069,4,4,0
1802,1069,4,7,3
1805,1069,6,7,1
1807,1069,4,4,0
1792,1070,1,1,0
1794,1070,9,9,0
1798,1070,18,18,0
1799,1070,9,9,0
1807,1070,7,7,0
1794,1071,17,17,0
1796,1071,10,10,0
1797,1071,14,14,0
1798,1071,53,53,0
1799,1071,48,48,0
1800,1071,35,35,0
1802,1071,6,6,0
1792,1072,1,1,0
1794,1072,2,2,0
1795,1072,4,4,0
1796,1072,5,5,0
1797,1072,18,18,0
1798,1072,53,53,0
1799,1072,88,88,0
1800,1072,35,36,1
1801,1072,10,10,0
1803,1072,2,3,1
1792,1073,1,1,0
1794,1073,1,1,0
1795,1073,2,2,0
1797,1073,1,1,0
1798,1073,21,21,0
1799,1073,44,44,0
1800,1073,13,16,3
1801,1073,1,1,0
1794,1074,1,1,0
1795,1074,3,3,0
1799,1074,6,6,0
1807,1074,1,1,0
1794,1075,2,2,0
1795,1075,5,5,0
1796,1075,4,4,0
1797,1075,1,1,0
1801,1075,5,5,0
1802,1075,2,7,5
1805,1075,2,2,0
1792,1076,1,1,0
1793,1076,1,1,0
1796,1076,1,1,0
1797,1076,3,3,0
1798,1076,3,3,0
1799,1076,1,1,0
1801,1076,5,5,0
1802,1076,2,7,5
1805,1076,2,2,0
1792,1077,4,4,0
1793,1077,4,4,0
1797,1077,1,1,0
1798,1077,8,8,0
1799,1077,9,9,0
1792,1078,1,1,0
1793,1078,4,4,0
1794,1078,1,1,0
1797,1078,15,15,0
1798,1078,32,32,0
1799,1078,40,40,0
1800,1078,16,16,0
1801,1078,1,1,0
1804,1078,1,1,0
1793,1079,2,2,0
1794,1079,4,4,0
1795,1079,1,1,0
1796,1079,11,11,0
1797,1079,38,38,0
1798,1079,64,64,0
1799,1079,77,77,0
1800,1079,36,36,0
1801,1079,10,10,0
1803,1079,3,3,0
1793,1080,6,6,0
1794,1080,6,6,0
1797,1080,9,9,0
1798,1080,39,39,0
1799,1080,62,62,0
1800,1080,7,7,0
1794,1081,2,2,0
1795,1081,2,2,0
1800,1081,4,4,0
1804,1081,2,2,0
1792,1082,4,4,0
1800,1082,1,1,0
1803,1082,1,1,0
1804,1082,2,2,0
1805,1082,1,1,0
1807,1082,1,1,0
1792,1083,10,10,0
1793,1083,2,2,0
1797,1083,2,2,0
1798,1083,5,5,0
1799,1083,10,10,0
1794,1084,2,2,0
1795,1084,7,7,0
1796,1084,2,2,0
1799,1084,2,2,0
1800,1084,2,9,7
1803,1084,3,3,0
1804,1084,2,2,0
1794,1085,3,3,0
1795,1085,6,6,0
1798,1085,18,18,0
1799,1085,45,45,0
1800,1085,22,22,0
1801,1085,5,5,0
1803,1085,1,1,0
1804,1085,3,3,0
1792,1086,10,10,0
1793,1086,2,2,0
1797,1086,7,7,0
1798,1086,45,45,0
1799,1086,85,85,0
1800,1086,35,35,0
1801,1086,9,10,1
1795,1087,2,2,0
1798,1087,23,23,0
1799,1087,53,53,0
1800,1087,44,44,0
1801,1087,2,13,11
1793,1088,1,1,0
1794,1088,3,3,0
1795,1088,5,5,0
1796,1088,4,4,0
1797,1088,3,3,0
1798,1088,2,2,0
1799,1088,1,1,0
1792,1089,2,2,0
1793,1089,1,1,0
1799,1089,1,1,0
1800,1089,3,7,4
1801,1089,3,5,2
1802,1089,1,1,0
1805,1089,2,2,0
1798,1090,1,1,0
1799,1090,4,4,0
1800,1090,5,6,1
1801,1090,2,2,0
1804,1090,1,1,0
1805,1090,1,2,1
1806,1090,1,1,0
1807,1090,1,1,0
1794,1091,4,4,0
1795,1091,4,4,0
1796,1091,1,1,0
1803,1091,1,3,2
1804,1091,2,7,5
1793,1092,3,3,0
1794,1092,4,4,0
1795,1092,2,2,0
1797,1092,1,1,0
1798,1092,9,9,0
1799,1092,17,17,0
1800,1092,11,15,4
1801,1092,3,3,0
1803,1092,2,2,0
1804,1092,2,5,3
1796,1093,5,5,0
1797,1093,26,26,0
1798,1093,56,56,0
1799,1093,79,79,0
1800,1093,41,42,1
1801,1093,18,18,0
1796,1094,7,7,0
1797,1094,32,32,0
1798,1094,67,67,0
1799,1094,93,93,0
1800,1094,41,41,0
1801,1094,15,15,0
1792,1095,1,1,0
1793,1095,3,3,0
1794,1095,2,2,0
1797,1095,4,4,0
1798,1095,24,24,0
1799,1095,41,41,0
1800,1095,19,19,0
1804,1095,9,9,0
1805,1095,1,1,0
1792,1096,7,7,0
1793,1096,1,1,0
1795,1096,2,2,0
1799,1096,1,1,0
1801,1096,2,3,1
1802,1096,2,2,0
1792,1097,4,4,0
1795,1097,4,4,0
1796,1097,5,5,0
1801,1097,3,3,0
1802,1097,4,5,1
1803,1097,2,2,0
1792,1098,1,1,0
1795,1098,3,3,0
1796,1098,5,5,0
1797,1098,1,1,0
1799,1098,1,1,0
1801,1098,1,1,0
1802,1098,1,4,3
1803,1098,3,3,0
1795,1099,1,1,0
1798,1099,9,9,0
1799,1099,22,22,0
1800,1099,12,12,0
1801,1099,3,3,0
1804,1099,2,2,0
1793,1100,1,1,0
1794,1100,3,3,0
1795,1100,1,1,0
1797,1100,3,3,0
1798,1100,30,30,0
1799,1100,58,58,0
1800,1100,34,34,0
1801,1100,11,12,1
1804,1100,3,5,2
1793,1101,2,2,0
1794,1101,5,5,0
1795,1101,5,5,0
1796,1101,1,1,0
1797,1101,11,11,0
1798,1101,42,42,0
1799,1101,74,74,0
1800,1101,42,44,2
1801,1101,17,18,1
1804,1101,1,5,4
1792,1102,1,1,0
1794,1102,2,2,0
1795,1102,4,4,0
1796,1102,4,4,0
1797,1102,8,8,0
1798,1102,26,26,0
1799,1102,44,44,0
1800,1102,27,28,1
1801,1102,10,10,0
1803,1102,4,4,0
1804,1102,4,5,1
1792,1103,4,4,0
1795,1103,1,1,0
1796,1103,3,3,0
1799,1103,2,2,0
1800,1103,4,4,0
1803,1103,8,8,0
1804,1103,5,5,0
1807,1103,12,12,0
1792,1104,6,6,0
1793,1104,1,1,0
1798,1104,3,3,0
1799,1104,15,15,0
1804,1104,2,4,2
1795,1105,4,4,0
1796,1105,3,3,0
1800,1105,3,3,0
1802,1105,2,2,0
1806,1105,1,2,1
1807,1105,3,6,3
1795,1106,4,4,0
1796,1106,4,4,0
1799,1106,3,3,0
1800,1106,2,2,0
1803,1106,2,3,1
1804,1106,1,1,0
1792,1107,2,2,0
1797,1107,4,4,0
1798,1107,26,26,0
1799,1107,47,47,0
1800,1107,14,17,3
1801,1107,5,5,0
1792,1108,2,2,0
1793,1108,3,3,0
1794,1108,2,2,0
1797,1108,3,3,0
1798,1108,39,39,0
1799,1108,74,74,0
1800,1108,41,41,0
1801,1108,19,19,0
1804,1108,3,3,0
1793,1109,1,1,0
1794,1109,7,7,0
1795,1109,3,3,0
1798,1109,25,25,0
1799,1109,55,55,0
1800,1109,38,38,0
1801,1109,17,17,0
1804,1109,2,2,0
1794,1110,4,4,0
1795,1110,5,5,0
1798,1110,6,6,0
1799,1110,21,21,0
1800,1110,9,12,3
1801,1110,3,3,0
1807,1110,2,2,0
1792,1111,3,3,0
1795,1111,1,1,0
1796,1111,1,1,0
1799,1111,4,4,0
1802,1111,5,5,0
1803,1111,9,9,0
1806,1111,2,2,0
1807,1111,13,13,0
1792,1112,7,7,0
1799,1112,4,4,0
1800,1112,4,4,0
1801,1112,2,3,1
1802,1112,1,1,0
1807,1112,4,4,0
1792,1113,1,1,0
1794,1113,3,3,0
1795,1113,8,8,0
1796,1113,5,5,0
1799,1113,5,5,0
1804,1113,2,2,0
1805,1113,2,2,0
1794,1114,4,4,0
1795,1114,6,6,0
1798,1114,9,9,0
1799,1114,26,26,0
1800,1114,6,6,0
1801,1114,2,2,0
1804,1114,2,2,0
1805,1114,3,3,0
1794,1115,2,2,0
1798,1115,33,33,0
1799,1115,66,66,0
1800,1115,44,47,3
1801,1115,29,29,0
1802,1115,8,8,0
1792,1116,5,5,0
1793,1116,6,6,0
1794,1116,6,6,0
1795,1116,1,1,0
1797,1116,8,8,0
1798,1116,45,45,0
1799,1116,81,81,0
1800,1116,54,57,3
1801,1116,37,37,0
1802,1116,11,11,0
1794,1117,4,4,0
1795,1117,4,4,0
1796,1117,1,1,0
1797,1117,4,4,0
1798,1117,24,24,0
1799,1117,46,46,0
1800,1117,25,25,0
1801,1117,16,16,0
1802,1117,2,5,3
1805,1117,2,2,0
1795,1118,2,2,0
1796,1118,1,1,0
1799,1118,7,7,0
1804,1118,1,2,1
1805,1118,2,2,0
1792,1119,6,6,0
1795,1119,4,4,0
1796,1119,6,6,0
1797,1119,2,2,0
1802,1119,2,2,0
1803,1119,1,1,0
1792,1120,1,1,0
1795,1120,4,4,0
1796,1120,3,3,0
1799,1120,4,4,0
1794,1121,2,2,0
1795,1121,2,2,0
1798,1121,18,18,0
1799,1121,38,38,0
1800,1121,24,24,0
1801,1121,9,9,0
1804,1121,2,2,0
1805,1121,2,2,0
1793,1122,2,2,0
1794,1122,5,5,0
1795,1122,1,1,0
1797,1122,2,2,0
1798,1122,36,36,0
1799,1122,70,70,0
1800,1122,53,53,0
1801,1122,25,25,0
1804,1122,1,1,0
1805,1122,5,5,0
1792,1123,2,2,0
1793,1123,3,3,0
1794,1123,5,5,0
1795,1123,1,1,0
1797,1123,3,3,0
1798,1123,35,35,0
1799,1123,68,68,0
1800,1123,52,52,0
1801,1123,24,25,1
1804,1123,1,1,0
1792,1124,4,4,0
1793,1124,2,2,0
1794,1124,3,3,0
1795,1124,3,3,0
1797,1124,1,1,0
1798,1124,17,17,0
1799,1124,35,35,0
1800,1124,25,25,0
1801,1124,11,11,0
1802,1124,1,1,0
1804,1124,1,1,0
1792,1125,5,5,0
1795,1125,4,4,0
1796,1125,3,3,0
1799,1125,5,5,0
1800,1125,1,1,0
1803,1125,3,4,1
1792,1126,2,2,0
1795,1126,4,4,0
1796,1126,3,3,0
1807,1126,2,2,0
1795,1127,3,3,0
1796,1127,1,1,0
1799,1127,5,5,0
1800,1127,5,5,0
1807,1127,1,5,4
1792,1128,1,1,0
1795,1128,2,2,0
1796,1128,3,3,0
1797,1128,3,3,0
1798,1128,1,1,0
1805,1128,1,1,0
1793,1129,1,1,0
1797,1129,8,8,0
1798,1129,29,29,0
1799,1129,47,47,0
1800,1129,5,12,7
1801,1129,7,7,0
1802,1129,1,1,0
1793,1130,2,2,0
1794,1130,3,3,0
1797,1130,6,6,0
1798,1130,40,40,0
1799,1130,68,68,0
1800,1130,18,23,5
1801,1130,15,15,0
1802,1130,4,4,0
1793,1131,4,4,0
1794,1131,9,9,0
1795,1131,3,3,0
1798,1131,18,18,0
1799,1131,36,36,0
1800,1131,21,21,0
1801,1131,14,14,0
1802,1131,4,4,0
1793,1132,3,3,0
1794,1132,7,7,0
1795,1132,5,5,0
1799,1132,4,4,0
1800,1132,10,10,0
1801,1132,6,6,0
1802,1132,2,2,0
1792,1133,2,2,0
1797,1133,2,2,0
1798,1133,3,3,0
1799,1133,3,3,0
1792,1134,2,2,0
1797,1134,4,4,0
1798,1134,6,6,0
1799,1134,7,7,0
1804,1134,2,2,0
1805,1134,1,1,0
1794,1135,1,1,0
1795,1135,1,1,0
1800,1135,4,4,0
1804,1135,1,1,0
1805,1135,1,1,0
1792,1136,9,9,0
1795,1136,1,1,0
1798,1136,8,8,0
1799,1136,30,30,0
1800,1136,6,10,4
1801,1136,3,3,0
1804,1136,1,2,1
1795,1137,6,6,0
1796,1137,5,5,0
1797,1137,10,10,0
1798,1137,37,37,0
1799,1137,69,69,0
1800,1137,49,52,3
1801,1137,31,31,0
1802,1137,10,10,0
1794,1138,2,2,0
1795,1138,3,3,0
1797,1138,1,1,0
1798,1138,30,30,0
1799,1138,65,65,0
1800,1138,43,45,2
1801,1138,22,22,0
1805,1138,1,1,0
1792,1139,2,2,0
1793,1139,1,1,0
1794,1139,1,1,0
1798,1139,7,7,0
1799,1139,29,29,0
1800,1139,8,8,0
1804,1139,3,4,1
1805,1139,3,3,0
1806,1139,1,1,0
1795,1140,3,3,0
1796,1140,2,2,0
1798,1140,4,4,0
1799,1140,10,10,0
1802,1140,3,3,0
1803,1140,7,9,2
1804,1140,6,7,1
1795,1141,3,3,0
1796,1141,5,5,0
1797,1141,3,3,0
1798,1141,1,1,0
1802,1141,3,3,0
1803,1141,4,5,1
1807,1141,11,11,0
1792,1142,3,3,0
1793,1142,3,3,0
1794,1142,2,2,0
1798,1142,3,3,0
1799,1142,6,6,0
1807,1142,7,9,2
1793,1143,3,3,0
1794,1143,3,3,0
1797,1143,4,4,0
1798,1143,22,22,0
1799,1143,36,36,0
1800,1143,6,9,3
1803,1143,6,6,0
1804,1143,6,6,0
1792,1144,1,1,0
1794,1144,1,1,0
1795,1144,3,3,0
1797,1144,8,8,0
1798,1144,52,52,0
1799,1144,100,100,0
1800,1144,72,72,0
1801,1144,30,30,0
1792,1145,6,6,0
1793,1145,3,3,0
1794,1145,5,5,0
1795,1145,6,6,0
1797,1145,4,4,0
1798,1145,35,35,0
1799,1145,73,73,0
1800,1145,69,69,0
1801,1145,34,34,0
1802,1145,5,5,0
1792,1146,2,2,0
1795,1146,3,3,0
1798,1146,11,11,0
1799,1146,33,33,0
1800,1146,27,31,4
1801,1146,11,11,0
1804,1146,1,3,2
1795,1147,4,4,0
1796,1147,2,2,0
1799,1147,8,8,0
1804,1147,2,3,1
1807,1147,3,3,0
1792,1148,3,3,0
1793,1148,1,1,0
1794,1148,4,4,0
1795,1148,8,8,0
1796,1148,7,7,0
1797,1148,2,2,0
1799,1148,1,1,0
1800,1148,4,4,0
1801,1148,3,3,0
1802,1148,6,6,0
1803,1148,2,9,7
1792,1149,2,2,0
1793,1149,1,1,0
1794,1149,1,1,0
1795,1149,1,1,0
1801,1149,1,1,0
1802,1149,2,3,1
1798,1150,7,7,0
1799,1150,12,12,0
1806,1150,2,2,0
1792,1151,2,2,0
1793,1151,4,4,0
1794,1151,3,3,0
1796,1151,2,2,0
1797,1151,14,14,0
1798,1151,29,29,0
1799,1151,39,39,0
1800,1151,19,19,0
1801,1151,15,15,0
1802,1151,8,8,0
1792,1152,4,4,0
1795,1152,4,4,0
1796,1152,3,3,0
1797,1152,11,11,0
1798,1152,45,45,0
1799,1152,84,84,0
1800,1152,40,40,0
1801,1152,10,10,0
1804,1152,2,4,2
1795,1153,7,7,0
1796,1153,2,2,0
1798,1153,13,13,0
1799,1153,37,37,0
1800,1153,13,17,4
1801,1153,1,1,0
1804,1153,4,6,2
1795,1154,7,7,0
1796,1154,2,2,0
1799,1154,5,5,0
1801,1154,1,1,0
1805,1154,2,2,0
1792,1155,5,5,0
1795,1155,3,3,0
1796,1155,3,3,0
1799,1155,7,7,0
1800,1155,2,4,2
1801,1155,7,7,0
1802,1155,4,4,0
1805,1155,1,2,1
1806,1155,4,4,0
1792,1156,5,5,0
1795,1156,1,1,0
1796,1156,3,3,0
1797,1156,1,1,0
1798,1156,2,2,0
1799,1156,5,5,0
1801,1156,3,3,0
1802,1156,3,3,0
1805,1156,1,2,1
1806,1156,3,3,0
1794,1157,1,1,0
1795,1157,2,2,0
1796,1157,2,2,0
1804,1157,4,4,0
1805,1157,2,2,0
1793,1158,2,2,0
1794,1158,2,2,0
1796,1158,2,2,0
1797,1158,10,10,0
1798,1158,21,21,0
1799,1158,29,29,0
1800,1158,23,26,3
1801,1158,6,8,2
1804,1158,4,4,0
1792,1159,6,6,0
1793,1159,5,5,0
1796,1159,3,3,0
1797,1159,26,26,0
1798,1159,55,55,0
1799,1159,75,75,0
1800,1159,67,67,0
1801,1159,29,29,0
1792,1160,3,3,0
1797,1160,3,3,0
1798,1160,32,32,0
1799,1160,65,65,0
1800,1160,72,72,0
1801,1160,33,33,0
1802,1160,3,3,0
1807,1160,8,11,3
1794,1161,4,4,0
1795,1161,9,9,0
1796,1161,5,5,0
1798,1161,1,1,0
1799,1161,7,7,0
1800,1161,13,13,0
1804,1161,3,3,0
1807,1161,2,4,2
1792,1162,4,4,0
1793,1162,4,4,0
1796,1162,1,1,0
1797,1162,5,5,0
1798,1162,3,3,0
1802,1162,1,1,0
1803,1162,5,5,0
1804,1162,4,4,0
1792,1163,5,5,0
1793,1163,6,6,0
1797,1163,6,6,0
1798,1163,10,10,0
1799,1163,5,5,0
1801,1163,8,8,0
1802,1163,12,12,0
1803,1163,4,4,0
1793,1164,2,2,0
1794,1164,9,9,0
1795,1164,6,6,0
1801,1164,2,2,0
1802,1164,3,3,0
1806,1164,2,4,2
1807,1164,4,6,2
1794,1165,5,5,0
1795,1165,4,4,0
1798,1165,20,20,0
1799,1165,43,43,0
1800,1165,13,13,0
1801,1165,7,7,0
1802,1165,1,1,0
1792,1166,10,10,0
1797,1166,3,3,0
1798,1166,40,40,0
1799,1166,85,85,0
1800,1166,51,51,0
1801,1166,24,24,0
1802,1166,2,2,0
1803,1166,2,2,0
1804,1166,6,6,0
1792,1167,8,8,0
1795,1167,12,12,0
1796,1167,9,9,0
1798,1167,23,23,0
1799,1167,62,62,0
1800,1167,68,68,0
1801,1167,23,23,0
1804,1167,1,1,0
1807,1167,3,5,2
1792,1168,1,1,0
1795,1168,2,2,0
1798,1168,13,13,0
1799,1168,39,39,0
1800,1168,2,2,0
1803,1168,1,1,0
1804,1168,1,1,0
1805,1168,3,3,0
1806,1168,1,1,0
1793,1169,3,3,0
1794,1169,3,3,0
1799,1169,1,1,0
1800,1169,9,9,0
1801,1169,5,7,2
1802,1169,1,3,2
1806,1169,2,2,0
1793,1170,3,3,0
1794,1170,4,4,0
1797,1170,9,9,0
1798,1170,4,4,0
1800,1170,2,2,0
1801,1170,1,2,1
1797,1171,4,4,0
1798,1171,5,5,0
1799,1171,1,1,0
1803,1171,4,5,1
1804,1171,4,4,0
1792,1172,9,9,0
1795,1172,2,2,0
1798,1172,3,3,0
1799,1172,31,31,0
1800,1172,15,15,0
1801,1172,4,5,1
1803,1172,3,4,1
1804,1172,3,3,0
1792,1173,8,8,0
1795,1173,9,9,0
1796,1173,2,2,0
1798,1173,32,32,0
1799,1173,84,84,0
1800,1173,51,51,0
1801,1173,24,25,1
1807,1173,2,9,7
1795,1174,7,7,0
1796,1174,4,4,0
1797,1174,12,12,0
1798,1174,54,54,0
1799,1174,102,102,0
1800,1174,62,62,0
1801,1174,26,27,1
1793,1175,1,1,0
1794,1175,4,4,0
1797,1175,5,5,0
1798,1175,39,39,0
1799,1175,70,70,0
1800,1175,48,48,0
1801,1175,13,14,1
1804,1175,9,10,1
1805,1175,3,5,2
1793,1176,1,1,0
1794,1176,3,3,0
1799,1176,2,2,0
1800,1176,2,2,0
1804,1176,6,6,0
1805,1176,3,3,0
1792,1177,5,5,0
1793,1177,3,3,0
1798,1177,2,2,0
1799,1177,2,2,0
1800,1177,7,7,0
1801,1177,1,1,0
1803,1177,1,1,0
1807,1177,2,2,0
1792,1178,6,6,0
1793,1178,1,1,0
1796,1178,2,2,0
1797,1178,3,3,0
1803,1178,3,3,0
1807,1178,5,5,0
1794,1179,1,1,0
1795,1179,6,6,0
1796,1179,6,6,0
1797,1179,2,2,0
1798,1179,2,2,0
1799,1179,6,6,0
1803,1179,3,3,0
1804,1179,5,5,0
1807,1179,2,2,0
1794,1180,3,3,0
1795,1180,6,6,0
1796,1180,2,2,0
1797,1180,2,2,0
1798,1180,22,22,0
1799,1180,45,45,0
1800,1180,31,31,0
1801,1180,13,13,0
1804,1180,3,3,0
1805,1180,2,2,0
1792,1181,1,1,0
1794,1181,1,1,0
1795,1181,1,1,0
1797,1181,4,4,0
1798,1181,41,41,0
1799,1181,81,81,0
1800,1181,65,65,0
1801,1181,35,35,0
1802,1181,4,4,0
1792,1182,3,3,0
1795,1182,1,1,0
1798,1182,32,32,0
1799,1182,69,69,0
1800,1182,47,47,0
1801,1182,24,24,0
1802,1182,2,2,0
1795,1183,8,8,0
1796,1183,3,3,0
1798,1183,8,8,0
1799,1183,32,32,0
1800,1183,1,1,0
1803,1183,2,2,0
1804,1183,6,6,0
1805,1183,2,2,0
1792,1184,8,8,0
1796,1184,4,4,0
1797,1184,6,6,0
1798,1184,5,5,0
1799,1184,5,5,0
1801,1184,3,3,0
1802,1184,5,5,0
1805,1184,2,2,0
1794,1185,1,1,0
1795,1185,7,7,0
1796,1185,5,5,0
1804,1185,3,3,0
1805,1185,4,4,0
1806,1185,2,2,0
1807,1185,1,1,0
1794,1186,6,6,0
1795,1186,10,10,0
1796,1186,2,2,0
1799,1186,12,12,0
1800,1186,13,13,0
1804,1186,6,6,0
1805,1186,2,2,0
1807,1186,5,5,0
1794,1187,2,2,0
1795,1187,1,1,0
1797,1187,6,6,0
1798,1187,38,38,0
1799,1187,70,70,0
1800,1187,40,40,0
1801,1187,11,11,0
1803,1187,1,1,0
1804,1187,5,5,0
1807,1187,2,2,0
1797,1188,12,12,0
1798,1188,56,56,0
1799,1188,97,97,0
1800,1188,55,55,0
1801,1188,22,22,0
1804,1188,1,1,0
1807,1188,2,2,0
1794,1189,2,2,0
1795,1189,1,1,0
1797,1189,8,8,0
1798,1189,37,37,0
1799,1189,67,67,0
1800,1189,42,42,0
1801,1189,18,18,0
1807,1189,5,5,0
1792,1190,3,3,0
1793,1190,1,1,0
1794,1190,3,3,0
1795,1190,4,4,0
1796,1190,1,1,0
1798,1190,11,11,0
1799,1190,25,25,0
1800,1190,14,14,0
1801,1190,8,8,0
1802,1190,1,1,0
1806,1190,1,1,0
1807,1190,1,1,0
1792,1191,5,5,0
1793,1191,1,1,0
1795,1191,2,2,0
1796,1191,1,1,0
1798,1191,1,1,0
1799,1191,8,8,0
1802,1191,3,3,0
1805,1191,2,2,0
1792,1192,1,1,0
1799,1192,1,1,0
1800,1192,8,8,0
1801,1192,6,6,0
1802,1192,2,2,0
1806,1192,3,3,0
1807,1192,6,6,0
1794,1193,1,1,0
1795,1193,9,9,0
1796,1193,7,7,0
1797,1193,1,1,0
1799,1193,5,5,0
1804,1193,2,2,0
1805,1193,3,3,0
1794,1194,4,4,0
1795,1194,7,7,0
1796,1194,2,2,0
1798,1194,6,6,0
1799,1194,18,18,0
1800,1194,7,7,0
1801,1194,1,1,0
1804,1194,3,3,0
1805,1194,5,5,0
1792,1195,4,4,0
1797,1195,7,7,0
1798,1195,35,35,0
1799,1195,62,62,0
1800,1195,51,51,0
1801,1195,32,32,0
1802,1195,9,9,0
1805,1195,3,3,0
1806,1195,3,3,0
1796,1196,3,3,0
1797,1196,23,23,0
1798,1196,59,59,0
1799,1196,91,91,0
1800,1196,61,61,0
1801,1196,39,39,0
1802,1196,12,12,0
1805,1196,2,2,0
1806,1196,4,4,0
1807,1196,3,3,0
1795,1197,1,1,0
1796,1197,3,3,0
1797,1197,10,10,0
1798,1197,29,29,0
1799,1197,49,49,0
1800,1197,26,26,0
1801,1197,15,15,0
1802,1197,2,2,0
1805,1197,3,3,0
1806,1197,2,2,0
1792,1198,4,4,0
1795,1198,1,1,0
1804,1198,3,3,0
1805,1198,3,3,0
1792,1199,2,2,0
1796,1199,1,1,0
1799,1199,5,5,0
1800,1199,1,1,0
1801,1199,2,2,0
1802,1199,3,3,0
1803,1199,3,3,0
1804,1199,3,3,0
1805,1199,2,2,0
1806,1199,1,1,0
1807,1199,1,1,0
1793,1200,2,2,0
1794,1200,5,5,0
1795,1200,4,4,0
1796,1200,1,1,0
1798,1200,2,2,0
1799,1200,5,5,0
1803,1200,2,2,0
1807,1200,1,1,0
1797,1201,1,1,0
1798,1201,15,15,0
1799,1201,28,28,0
1800,1201,25,25,0
1801,1201,10,10,0
1804,1201,3,3,0
1805,1201,1,1,0
1792,1202,4,4,0
1793,1202,4,4,0
1794,1202,2,2,0
1797,1202,16,16,0
1798,1202,45,45,0
1799,1202,67,67,0
1800,1202,49,49,0
1801,1202,22,22,0
1804,1202,5,5,0
1805,1202,6,6,0
1806,1202,1,1,0
1792,1203,2,2,0
1793,1203,5,5,0
1794,1203,6,6,0
1795,1203,3,3,0
1796,1203,5,5,0
1797,1203,24,24,0
1798,1203,55,55,0
1799,1203,80,80,0
1800,1203,47,47,0
1801,1203,22,22,0
1804,1203,3,3,0
1805,1203,5,5,0
1806,1203,1,1,0
1794,1204,1,1,0
1797,1204,10,10,0
1798,1204,29,29,0
1799,1204,45,45,0
1800,1204,24,24,0
1801,1204,10,10,0
1807,1204,2,2,0
1794,1205,2,2,0
1795,1205,1,1,0
1798,1205,1,1,0
1799,1205,5,5,0
1800,1205,3,3,0
1807,1205,4,4,0
1792,1206,4,4,0
1793,1206,4,4,0
1794,1206,3,3,0
1795,1206,3,3,0
1796,1206,2,2,0
1803,1206,2,2,0
1807,1206,2,2,0
1792,1207,3,3,0
1796,1207,3,3,0
1797,1207,5,5,0
1798,1207,3,3,0
1800,1207,5,5,0
1803,1207,2,2,0
1804,1207,2,2,0
1793,1208,1,1,0
1794,1208,3,3,0
1798,1208,11,11,0
1799,1208,24,24,0
1800,1208,14,14,0
1803,1208,2,2,0
1804,1208,6,6,0
1807,1208,8,8,0
1797,1209,12,12,0
1798,1209,36,36,0
1799,1209,56,56,0
1800,1209,37,37,0
1801,1209,13,13,0
1803,1209,3,3,0
1804,1209,7,7,0
1807,1209,1,1,0
1792,1210,3,3,0
1793,1210,2,2,0
1796,1210,6,6,0
1797,1210,27,27,0
1798,1210,58,58,0
1799,1210,80,80,0
1800,1210,48,48,0
1801,1210,20,20,0
1804,1210,4,4,0
1805,1210,1,1,0
1792,1211,6,6,0
1793,1211,5,5,0
1794,1211,2,2,0
1796,1211,4,4,0
1797,1211,19,19,0
1798,1211,42,42,0
1799,1211,59,59,0
1800,1211,29,29,0
1801,1211,9,9,0
1798,1212,8,8,0
1799,1212,15,15,0
1800,1212,5,5,0
1807,1212,3,3,0
1794,1213,1,1,0
1795,1213,1,1,0
1801,1213,1,1,0
1802,1213,5,5,0
1803,1213,5,5,0
1804,1213,2,2,0
1807,1213,3,3,0
1792,1214,2,2,0
1793,1214,3,3,0
1794,1214,5,5,0
1795,1214,5,5,0
1796,1214,4,4,0
1797,1214,3,3,0
1798,1214,4,4,0
1799,1214,4,4,0
1801,1214,2,2,0
1802,1214,4,4,0
1803,1214,4,4,0
1804,1214,4,4,0
1805,1214,3,3,0
1806,1214,1,1,0
1792,1215,2,2,0
1798,1215,3,3,0
1799,1215,6,6,0
1800,1215,2,2,0
1804,1215,3,3,0
1805,1215,7,7,0
1806,1215,2,2,0
1792,1216,1,1,0
1796,1216,1,1,0
1797,1216,11,11,0
1798,1216,26,26,0
1799,1216,38,38,0
1800,1216,13,13,0
1801,1216,2,2,0
1804,1216,5,5,0
1805,1216,3,3,0
1792,1217,1,1,0
1793,1217,5,5,0
1794,1217,6,6,0
1795,1217,4,4,0
1796,1217,7,7,0
1797,1217,24,24,0
1798,1217,51,51,0
1799,1217,72,72,0
1800,1217,28,28,0
1801,1217,14,14,0
1802,1217,3,3,0
1803,1217,3,3,0
1804,1217,5,5,0
1805,1217,2,2,0
1807,1217,1,1,0
1793,1218,1,1,0
1794,1218,4,4,0
1797,1218,18,18,0
1798,1218,51,51,0
1799,1218,78,78,0
1800,1218,31,31,0
1801,1218,17,17,0
1802,1218,5,5,0
1803,1218,3,3,0
1804,1218,3,3,0
1805,1218,1,1,0
1807,1218,3,3,0
1797,1219,4,4,0
1798,1219,25,25,0
1799,1219,43,43,0
1800,1219,15,15,0
1801,1219,5,5,0
1804,1219,1,1,0
1807,1219,4,4,0
1792,1220,5,5,0
1793,1220,4,4,0
1794,1220,2,2,0
1797,1220,1,1,0
1798,1220,4,4,0
1799,1220,6,6,0
1800,1220,2,2,0
1803,1220,1,1,0
1804,1220,3,3,0
1807,1220,2,2,0
1792,1221,3,3,0
1793,1221,1,1,0
1795,1221,1,1,0
1796,1221,4,4,0
1797,1221,3,3,0
1800,1221,3,3,0
1802,1221,1,1,0
1803,1221,6,6,0
1804,1221,6,6,0
1796,1222,1,1,0
1797,1222,3,3,0
1798,1222,5,5,0
1799,1222,5,5,0
1800,1222,6,6,0
1801,1222,2,2,0
1802,1222,3,3,0
1803,1222,6,6,0
1804,1222,4,4,0
1807,1222,2,2,0
1793,1223,2,2,0
1794,1223,4,4,0
1795,1223,2,2,0
1796,1223,1,1,0
1797,1223,7,7,0
1798,1223,18,18,0
1799,1223,28,28,0
1800,1223,4,4,0
1803,1223,1,1,0
1807,1223,6,6,0
1793,1224,2,2,0
1794,1224,5,5,0
1795,1224,1,1,0
1796,1224,2,2,0
1797,1224,20,20,0
1798,1224,54,54,0
1799,1224,82,82,0
1800,1224,22,22,0
1801,1224,12,12,0
1802,1224,1,1,0
1805,1224,4,4,0
1806,1224,2,2,0
1793,1225,2,2,0
1794,1225,4,4,0
1795,1225,1,1,0
1796,1225,1,1,0
1797,1225,15,15,0
1798,1225,40,40,0
1799,1225,61,61,0
1800,1225,16,16,0
1801,1225,8,8,0
1804,1225,1,1,0
1805,1225,4,4,0
1806,1225,2,2,0
1793,1226,1,1,0
1794,1226,2,2,0
1795,1226,1,1,0
1796,1226,1,1,0
1797,1226,7,7,0
1798,1226,19,19,0
1799,1226,29,29,0
1800,1226,9,9,0
1801,1226,3,3,0
1804,1226,2,2,0
1805,1226,3,3,0
1806,1226,1,1,0
1792,1227,1,1,0
1793,1227,1,1,0
1794,1227,1,1,0
1797,1227,1,1,0
1798,1227,2,2,0
1799,1227,3,3,0
1800,1227,2,2,0
1804,1227,2,2,0
1805,1227,3,3,0
1792,1228,2,2,0
1793,1228,1,1,0
1804,1228,2,2,0
1805,1228,2,2,0
1792,1229,1,1,0
1793,1229,1,1,0
1798,1229,1,1,0
1799,1229,2,2,0
1802,1229,1,1,0
1803,1229,1,1,0
1804,1229,1,1,0
1792,1230,1,1,0
1793,1230,1,1,0
1794,1230,1,1,0
1797,1230,4,4,0
1798,1230,13,13,0
1799,1230,20,20,0
1800,1230,2,2,0
1801,1230,3,3,0
1802,1230,3,3,0
1803,1230,2,2,0
1793,1231,1,1,0
1794,1231,1,1,0
1797,1231,7,7,0
1798,1231,22,22,0
1799,1231,34,34,0
1800,1231,5,5,0
1801,1231,6,6,0
1802,1231,5,5,0
1803,1231,3,3,0
1807,1231,1,1,0
1795,1232,2,2,0
1796,1232,4,4,0
1797,1232,13,13,0
1798,1232,40,40,0
1799,1232,67,67,0
1800,1232,18,18,0
1801,1232,8,8,0
1804,1232,1,1,0
1805,1232,5,5,0
1806,1232,2,2,0
1792,1233,3,3,0
1795,1233,1,1,0
1797,1233,2,2,0
1798,1233,18,18,0
1799,1233,36,36,0
1800,1233,12,12,0
1801,1233,6,6,0
1805,1233,3,3,0
1806,1233,1,1,0
1792,1234,3,3,0
1795,1234,1,1,0
1798,1234,1,1,0
1799,1234,9,9,0
1800,1234,4,4,0
1801,1234,2,2,0
1802,1234,1,1,0
1795,1235,1,1,0
1796,1235,3,3,0
1797,1235,1,1,0
1802,1235,2,2,0
1803,1235,1,1,0
1807,1235,2,2,0
1797,1236,2,2,0
1798,1236,1,1,0
1802,1236,2,2,0
1803,1236,1,1,0
1807,1236,2,2,0
1792,1237,1,1,0
1793,1237,4,4,0
1794,1237,3,3,0
1797,1237,2,2,0
1798,1237,10,10,0
1799,1237,12,12,0
1800,1237,4,4,0
1801,1237,2,2,0
1802,1237,1,1,0
1793,1238,6,6,0
1794,1238,5,5,0
1797,1238,19,19,0
1798,1238,41,41,0
1799,1238,53,53,0
1800,1238,12,12,0
1801,1238,6,6,0
1805,1238,3,3,0
1806,1238,1,1,0
1793,1239,1,1,0
1794,1239,4,4,0
1796,1239,9,9,0
1797,1239,40,40,0
1798,1239,76,76,0
1799,1239,97,97,0
1800,1239,18,18,0
1801,1239,8,8,0
1804,1239,1,1,0
1805,1239,5,5,0
1806,1239,2,2,0
1796,1240,3,3,0
1797,1240,12,12,0
1798,1240,20,20,0
1799,1240,24,24,0
1800,1240,1,1,0
1801,1240,1,1,0
1802,1240,1,1,0
1792,1241,2,2,0
1800,1241,1,1,0
1801,1241,1,1,0
1802,1241,1,1,0
1795,1242,1,1,0
1796,1242,2,2,0
1797,1242,1,1,0
1800,1242,1,1,0
1801,1242,1,1,0
1802,1242,1,1,0
1794,1243,2,2,0
1795,1243,3,3,0
1796,1243,3,3,0
1797,1243,4,4,0
1798,1243,5,5,0
1799,1243,6,6,0
1800,1243,1,1,0
1801,1243,1,1,0
1802,1243,1,1,0
1792,1244,3,3,0
1793,1244,3,3,0
1794,1244,2,2,0
1799,1244,4,4,0
1800,1244,1,1,0
1801,1244,1,1,0
1802,1244,1,1,0
1792,1245,1,1,0
1793,1245,2,2,0
1794,1245,2,2,0
1797,1245,2,2,0
1798,1245,13,13,0
1799,1245,22,22,0
1800,1245,1,1,0
1801,1245,1,1,0
1802,1245,1,1,0
1794,1246,1,1,0
1795,1246,1,1,0
1796,1246,3,3,0
1797,1246,11,11,0
1798,1246,26,26,0
1799,1246,38,38,0
1800,1246,1,1,0
1801,1246,1,1,0
1802,1246,1,1,0
1794,1247,2,2,0
1797,1247,1,1,0
1798,1247,12,12,0
1799,1247,23,23,0
1800,1247,1,1,0
1801,1247,1,1,0
1802,1247,1,1,0
1792,1248,2,2,0
1796,1248,2,2,0
1797,1248,5,5,0
1798,1248,5,5,0
1799,1248,5,5,0
1795,1249,2,2,0
1796,1249,5,5,0
1797,1249,5,5,0
1798,1249,4,4,0
1799,1249,3,3,0
1794,1250,1,1,0
1795,1250,3,3,0
1796,1250,3,3,0
1797,1250,2,2,0
1799,1251,2,2,0
1793,1252,1,1,0
1797,1252,5,5,0
1798,1252,15,15,0
1799,1252,23,23,0
1793,1253,1,1,0
1794,1253,1,1,0
1795,1253,1,1,0
1796,1253,4,4,0
1797,1253,15,15,0
1798,1253,31,31,0
1799,1253,43,43,0
1794,1254,2,2,0
1795,1254,1,1,0
1796,1254,2,2,0
1797,1254,11,11,0
1798,1254,26,26,0
1799,1254,39,39,0
1794,1255,2,2,0
1798,1255,10,10,0
1799,1255,20,20,0
1792,1256,1,1,0
1793,1256,1,1,0
1797,1256,2,2,0
1798,1256,4,4,0
1799,1256,5,5,0
1800,1256,3,3,0
1801,1256,2,2,0
1794,1257,1,1,0
1795,1257,1,1,0
1796,1257,1,1,0
1797,1257,1,1,0
1798,1257,1,1,0
1799,1257,1,1,0
1800,1257,2,2,0
1801,1257,2,2,0
1794,1258,1,1,0
1795,1258,2,2,0
1796,1258,2,2,0
1797,1258,2,2,0
1798,1258,2,2,0
1799,1258,1,1,0
1800,1258,2,2,0
1801,1258,2,2,0
1792,1259,1,1,0
1795,1259,1,1,0
1796,1259,3,3,0
1797,1259,5,5,0
1798,1259,8,8,0
1799,1259,9,9,0
1800,1259,2,2,0
1801,1259,2,2,0
1792,1260,3,3,0
1793,1260,1,1,0
1796,1260,2,2,0
1797,1260,8,8,0
1798,1260,15,15,0
1799,1260,19,19,0
1800,1260,2,2,0
1801,1260,2,2,0
1792,1261,3,3,0
1793,1261,1,1,0
1796,1261,3,3,0
1797,1261,9,9,0
1798,1261,15,15,0
1799,1261,20,20,0
1800,1261,2,2,0
1801,1261,2,2,0
1794,1262,1,1,0
1795,1262,2,2,0
1796,1262,4,4,0
1797,1262,6,6,0
1798,1262,8,8,0
1799,1262,9,9,0
1800,1262,2,2,0
1801,1262,2,2,0
1794,1263,2,2,0
1795,1263,4,4,0
1796,1263,5,5,0
1797,1263,3,3,0
1800,1263,2,2,0
1801,1263,2,2,0
1794,1264,1,1,0
1795,1264,2,2,0
1796,1264,3,3,0
1797,1264,3,3,0
1798,1264,3,3,0
1799,1264,3,3,0
1800,1264,1,1,0
1801,1264,1,1,0
1802,1264,1,1,0
1800,1265,1,1,0
1801,1265,1,1,0
1802,1265,1,1,0
1792,1266,2,2,0
1798,1266,2,2,0
1799,1266,4,4,0
1800,1266,1,1,0
1801,1266,1,1,0
1802,1266,1,1,0
1792,1267,1,1,0
1796,1267,3,3,0
1797,1267,8,8,0
1798,1267,13,13,0
1799,1267,16,16,0
1800,1267,1,1,0
1801,1267,1,1,0
1802,1267,1,1,0
1792,1268,1,1,0
1796,1268,3,3,0
1797,1268,8,8,0
1798,1268,13,13,0
1799,1268,16,16,0
1800,1268,1,1,0
1801,1268,1,1,0
1802,1268,1,1,0
1792,1269,2,2,0
1798,1269,2,2,0
1799,1269,4,4,0
1800,1269,1,1,0
1801,1269,1,1,0
1802,1269,1,1,0
1800,1270,1,1,0
1801,1270,1,1,0
1802,1270,1,1,0
1794,1271,1,1,0
1795,1271,2,2,0
1796,1271,3,3,0
1797,1271,3,3,0
1798,1271,3,3,0
1799,1271,3,3,0
1800,1271,1,1,0
1801,1271,1,1,0
