X,Y,Subtracted,Original 1,Original 2
1831,1271,2,2,0
1797,832,3,3,0
1798,832,4,4,0
1784,833,2,2,0
1791,833,5,5,0
1793,833,5,5,0
1794,833,1,9,8
1795,833,2,8,6
1796,833,2,2,0
1786,834,2,2,0
1787,834,9,10,1
1788,834,4,4,0
1795,834,6,6,0
1799,834,3,3,0
1786,835,2,2,0
1787,835,6,10,4
1788,835,2,2,0
1792,835,8,23,15
1793,835,8,10,2
1799,835,6,6,0
1784,836,11,11,0
1785,836,2,2,0
1792,836,26,104,78
1793,836,30,59,29
1794,836,10,12,2
1797,836,2,3,1
1786,837,4,4,0
1787,837,2,3,1
1789,837,1,6,5
1792,837,11,120,109
1793,837,25,66,41
1794,837,11,12,1
1796,837,3,3,0
1797,837,6,6,0
1786,838,7,9,2
1787,838,9,9,0
1788,838,2,2,0
1793,838,3,21,18
1796,838,4,4,0
1797,838,2,2,0
1799,838,3,4,1
1784,839,2,2,0
1785,839,4,4,0
1790,839,1,2,1
1796,839,4,7,3
1799,839,3,3,0
1784,840,2,3,1
1785,840,3,3,0
1789,840,2,9,7
1790,840,2,6,4
1792,840,4,7,3
1793,840,10,15,5
1797,840,6,8,2
1784,841,1,3,2
1794,841,3,4,1
1795,841,1,10,9
1796,841,7,16,9
1797,841,1,5,4
1799,841,10,10,0
1796,842,1,4,3
1784,843,2,4,2
1787,843,2,5,3
1788,843,4,4,0
1792,843,15,197,182
1793,843,40,137,97
1794,843,36,50,14
1795,843,1,1,0
1796,843,1,1,0
1797,843,2,4,2
1799,843,6,9,3
1784,844,7,9,2
1787,844,2,5,3
1793,844,57,113,56
1794,844,68,72,4
1795,844,16,16,0
1798,844,2,2,0
1799,844,10,10,0
1786,845,2,3,1
1787,845,3,8,5
1793,845,25,27,2
1794,845,18,19,1
1797,845,3,3,0
1787,846,1,5,4
1788,846,5,5,0
1789,846,1,1,0
1793,846,9,9,0
1796,846,5,5,0
1797,846,22,22,0
1798,846,11,11,0
1784,847,1,2,1
1785,847,2,2,0
1793,847,4,9,5
1794,847,4,7,3
1799,847,3,3,0
1795,848,1,1,0
1796,848,5,9,4
1799,848,4,7,3
1794,849,6,30,24
1793,850,14,117,103
1794,850,29,86,57
1795,850,17,17,0
1797,850,1,7,6
1798,850,4,9,5
1794,851,10,62,52
1798,851,4,4,0
1797,852,6,7,1
1798,852,2,2,0
1795,853,1,1,0
1796,853,4,16,12
1797,853,11,11,0
1793,855,2,11,9
1798,855,1,1,0
1799,855,9,10,1
1793,856,17,52,35
1794,856,49,64,15
1795,856,25,25,0
1798,856,5,7,2
1793,857,36,128,92
1794,857,101,169,68
1795,857,78,94,16
1796,857,12,12,0
1798,857,4,5,1
1794,858,12,111,99
1795,858,31,58,27
1796,858,4,4,0
1798,858,5,5,0
1792,859,10,14,4
1796,859,4,4,0
1792,860,6,6,0
1795,860,11,11,0
1796,860,15,15,0
1799,860,5,5,0
1794,861,2,2,0
1798,861,4,4,0
1793,862,1,1,0
1794,862,4,4,0
1797,862,2,3,1
1798,862,4,6,2
1795,863,53,73,20
1796,863,41,41,0
1799,863,9,9,0
1794,864,18,138,120
1795,864,44,152,108
1796,864,83,83,0
1799,864,2,2,0
1795,865,63,137,74
1796,865,64,64,0
1797,865,3,3,0
1793,866,19,26,7
1794,866,84,91,7
1795,866,48,58,10
1796,866,14,14,0
1799,866,13,13,0
1794,867,12,12,0
1797,867,12,12,0
1799,867,6,6,0
1793,868,7,7,0
1797,868,1,1,0
1798,868,7,7,0
1793,869,9,11,2
1795,869,9,17,8
1796,869,14,14,0
1798,869,3,5,2
1796,870,73,73,0
1797,870,28,28,0
1798,870,7,7,0
1795,871,84,172,88
1796,871,102,179,77
1797,871,104,115,11
1798,871,9,9,0
1794,872,23,97,74
1795,872,84,206,122
1796,872,153,153,0
1797,872,65,73,8
1798,872,12,12,0
1792,873,5,5,0
1794,873,3,3,0
1795,873,54,60,6
1797,873,7,7,0
1799,873,6,6,0
1793,874,4,4,0
1794,874,1,1,0
1795,874,17,17,0
1797,874,8,8,0
1792,875,3,9,6
1796,875,5,5,0
1798,875,3,3,0
1799,875,3,3,0
1792,876,4,4,0
1793,876,1,1,0
1795,876,12,12,0
1797,876,11,11,0
1799,876,5,5,0
1795,877,22,124,102
1796,877,16,85,69
1797,877,95,95,0
1798,877,7,7,0
1796,878,20,122,102
1797,878,127,132,5
1798,878,52,52,0
1796,879,65,175,110
1797,879,142,142,0
1798,879,74,92,18
1792,880,5,5,0
1796,880,82,82,0
1797,880,56,56,0
1798,880,27,27,0
1797,881,8,8,0
1799,881,14,14,0
1792,882,4,4,0
1795,882,1,1,0
1797,882,8,8,0
1799,882,13,13,0
1792,883,1,1,0
1793,883,1,6,5
1795,883,7,12,5
1796,883,6,11,5
1797,883,18,19,1
1798,883,4,4,0
1797,884,9,59,50
1798,884,63,66,3
1792,885,3,3,0
1797,885,107,178,71
1798,885,129,145,16
1799,885,9,9,0
1792,886,11,11,0
1796,886,9,158,149
1797,886,153,192,39
1798,886,110,114,4
1799,886,11,12,1
1794,887,12,12,0
1797,887,56,57,1
1797,888,3,3,0
1792,889,2,2,0
1793,889,4,4,0
1794,889,7,7,0
1795,889,5,5,0
1799,889,7,7,0
1792,890,1,1,0
1793,890,5,5,0
1795,890,1,1,0
1796,890,6,6,0
1797,890,3,13,10
1798,890,6,6,0
1797,891,56,117,61
1798,891,88,88,0
1799,891,8,19,11
1793,892,5,5,0
1797,892,97,214,117
1798,892,192,192,0
1799,892,99,99,0
1793,893,6,11,5
1797,893,27,177,150
1798,893,135,178,43
1799,893,98,111,13
1793,894,7,7,0
1797,894,17,67,50
1798,894,57,71,14
1799,894,43,43,0
1792,895,5,5,0
1796,895,3,3,0
1797,895,6,6,0
1792,896,2,5,3
1799,896,16,16,0
1804,896,2,2,0
1805,896,9,9,0
1806,896,2,2,0
1793,897,6,6,0
1794,897,5,5,0
1796,897,10,17,7
1798,897,12,12,0
1802,897,2,2,0
1803,897,4,4,0
1807,897,4,4,0
1792,898,4,4,0
1794,898,5,5,0
1797,898,6,101,95
1798,898,82,89,7
1799,898,97,97,0
1800,898,16,16,0
1801,898,5,5,0
1802,898,1,1,0
1803,898,4,4,0
1807,898,9,9,0
1792,899,5,6,1
1798,899,136,228,92
1799,899,176,189,13
1800,899,61,61,0
1801,899,20,20,0
1804,899,3,3,0
1807,899,1,1,0
1792,900,9,9,0
1794,900,3,3,0
1798,900,37,94,57
1799,900,119,134,15
1800,900,52,52,0
1801,900,13,13,0
1804,900,5,5,0
1794,901,2,2,0
1795,901,6,6,0
1796,901,13,16,3
1798,901,27,38,11
1799,901,11,11,0
1800,901,1,1,0
1803,901,5,5,0
1804,901,4,4,0
1807,901,4,4,0
1794,902,1,1,0
1797,902,3,7,4
1799,902,8,10,2
1802,902,1,1,0
1803,902,4,4,0
1804,902,1,1,0
1807,902,3,3,0
1792,903,3,3,0
1793,903,9,9,0
1794,903,1,1,0
1798,903,3,3,0
1800,903,11,11,0
1801,903,7,7,0
1805,903,7,7,0
1806,903,4,4,0
1795,904,1,1,0
1796,904,1,1,0
1800,904,4,4,0
1802,904,4,4,0
1803,904,3,3,0
1805,904,4,4,0
1806,904,7,7,0
1792,905,3,3,0
1794,905,1,1,0
1799,905,100,100,0
1800,905,48,48,0
1801,905,4,4,0
1806,905,1,1,0
1793,906,4,4,0
1798,906,13,97,84
1799,906,157,173,16
1800,906,105,105,0
1801,906,26,26,0
1803,906,2,2,0
1804,906,8,8,0
1792,907,1,1,0
1794,907,4,4,0
1799,907,132,132,0
1800,907,94,94,0
1801,907,23,23,0
1803,907,6,6,0
1804,907,8,8,0
1807,907,4,4,0
1798,908,15,15,0
1799,908,35,47,12
1800,908,21,21,0
1803,908,1,1,0
1806,908,4,4,0
1807,908,6,6,0
1792,909,1,3,2
1796,909,3,3,0
1799,909,1,1,0
1802,909,5,5,0
1803,909,6,6,0
1806,909,3,3,0
1793,910,2,2,0
1798,910,2,2,0
1800,910,2,2,0
1802,910,10,10,0
1803,910,11,11,0
1806,910,2,2,0
1794,911,1,9,8
1797,911,4,4,0
1800,911,6,6,0
1803,911,2,2,0
1804,911,1,1,0
1805,911,5,5,0
1806,911,8,8,0
1792,912,2,2,0
1795,912,13,13,0
1799,912,44,76,32
1800,912,73,73,0
1801,912,34,34,0
1802,912,5,5,0
1803,912,6,6,0
1804,912,5,5,0
1807,912,10,10,0
1792,913,8,8,0
1799,913,70,181,111
1800,913,211,211,0
1801,913,112,112,0
1802,913,16,16,0
1804,913,5,5,0
1805,913,10,10,0
1794,914,4,4,0
1795,914,2,2,0
1799,914,91,157,66
1800,914,139,139,0
1801,914,74,74,0
1802,914,10,10,0
1805,914,2,2,0
1806,914,1,1,0
1807,914,3,3,0
1795,915,8,8,0
1799,915,38,38,0
1803,915,5,5,0
1807,915,13,13,0
1792,916,9,9,0
1796,916,1,1,0
1800,916,4,4,0
1801,916,2,2,0
1802,916,2,2,0
1803,916,4,4,0
1804,916,4,4,0
1799,917,2,7,5
1800,917,10,10,0
1801,917,8,8,0
1802,917,3,3,0
1805,917,2,2,0
1806,917,1,1,0
1794,918,8,9,1
1795,918,6,6,0
1801,918,2,2,0
1802,918,9,9,0
1806,918,3,3,0
1807,918,6,6,0
1793,919,2,2,0
1800,919,45,45,0
1801,919,42,42,0
1802,919,26,26,0
1803,919,4,4,0
1805,919,3,3,0
1806,919,2,2,0
1795,920,3,3,0
1800,920,92,96,4
1801,920,167,167,0
1802,920,106,106,0
1805,920,4,4,0
1792,921,1,1,0
1793,921,2,2,0
1800,921,142,165,23
1801,921,151,164,13
1802,921,72,77,5
1805,921,7,7,0
1807,921,6,6,0
1793,922,5,5,0
1800,922,90,102,12
1801,922,65,67,2
1802,922,13,13,0
1804,922,8,10,2
1805,922,4,4,0
1793,923,3,8,5
1794,923,3,3,0
1796,923,3,3,0
1797,923,4,4,0
1798,923,1,1,0
1799,923,7,7,0
1800,923,3,3,0
1803,923,7,7,0
1804,923,8,9,1
1793,924,5,9,4
1794,924,2,2,0
1800,924,3,3,0
1803,924,1,10,9
1806,924,6,6,0
1807,924,5,7,2
1796,925,4,4,0
1797,925,3,3,0
1800,925,1,2,1
1801,925,5,5,0
1802,925,7,9,2
1805,925,2,2,0
1806,925,9,9,0
1796,926,5,5,0
1801,926,28,28,0
1802,926,31,31,0
1803,926,12,12,0
1805,926,4,4,0
1800,927,26,77,51
1801,927,79,101,22
1802,927,91,91,0
1803,927,45,45,0
1804,927,7,8,1
1807,927,9,9,0
1800,928,20,81,61
1801,928,171,187,16
1802,928,98,98,0
1803,928,42,43,1
1805,928,6,6,0
1807,928,12,12,0
1801,929,74,76,2
1802,929,54,54,0
1804,929,24,24,0
1806,929,5,8,3
1801,930,9,9,0
1804,930,12,12,0
1806,930,3,6,3
1801,931,4,4,0
1803,931,4,14,10
1805,931,3,4,1
1807,931,2,2,0
1800,932,2,13,11
1802,932,10,14,4
1804,932,2,2,0
1806,932,5,10,5
1807,932,2,2,0
1801,933,5,7,2
1802,933,15,15,0
1803,933,11,11,0
1805,933,15,15,0
1801,934,55,68,13
1802,934,85,85,0
1803,934,64,65,1
1805,934,25,25,0
1801,935,97,123,26
1802,935,215,215,0
1803,935,87,95,8
1804,935,31,41,10
1801,936,45,45,0
1802,936,46,47,1
1803,936,23,27,4
1806,936,9,9,0
1800,937,1,1,0
1801,937,13,13,0
1803,937,3,3,0
1806,937,4,5,1
1803,938,10,11,1
1804,938,6,6,0
1803,939,1,3,2
1806,939,1,1,0
1807,939,7,7,0
1801,940,7,14,7
1803,940,5,5,0
1804,940,6,6,0
1806,940,10,11,1
1801,941,1,53,52
1802,941,66,86,20
1803,941,92,92,0
1804,941,51,51,0
1805,941,1,1,0
1802,942,86,108,22
1803,942,133,133,0
1804,942,78,78,0
1802,943,10,10,0
1803,943,60,60,0
1804,943,58,58,0
1807,943,1,1,0
1803,944,3,5,2
1804,944,3,3,0
1802,945,3,3,0
1806,945,2,2,0
1801,946,1,1,0
1802,946,1,1,0
1807,946,1,1,0
1802,947,2,9,7
1803,947,29,30,1
1804,947,27,27,0
1805,947,4,4,0
1802,948,21,38,17
1803,948,96,96,0
1804,948,93,93,0
1805,948,31,32,1
1807,948,1,1,0
1802,949,41,59,18
1803,949,131,131,0
1804,949,128,128,0
1805,949,40,53,13
1807,949,4,4,0
1802,950,26,37,11
1803,950,80,80,0
1804,950,77,77,0
1805,950,22,30,8
1807,950,2,2,0
1800,952,4,4,0
1802,952,1,6,5
1805,952,8,8,0
1800,953,3,3,0
1802,953,9,9,0
1803,953,10,10,0
1804,953,1,2,1
1805,953,13,13,0
1800,954,10,10,0
1803,954,11,11,0
1805,954,10,10,0
1807,954,2,11,9
1802,955,3,40,37
1803,955,114,114,0
1804,955,85,91,6
1805,955,84,86,2
1803,956,90,95,5
1804,956,82,83,1
1805,956,84,91,7
1806,956,11,11,0
1807,956,7,7,0
1803,957,110,110,0
1804,957,109,109,0
1805,957,99,106,7
1806,957,18,21,3
1803,958,18,18,0
1804,958,21,21,0
1805,958,34,36,2
1807,958,2,6,4
1800,959,2,2,0
1802,959,12,12,0
1805,959,8,8,0
1801,960,2,2,0
1804,960,9,9,0
1805,960,3,3,0
1800,961,7,10,3
1801,961,4,11,7
1804,961,4,4,0
1805,961,1,5,4
1807,961,5,6,1
1803,962,23,23,0
1804,962,64,65,1
1805,962,53,61,8
1806,962,17,17,0
1803,963,66,70,4
1804,963,143,145,2
1805,963,139,144,5
1806,963,67,67,0
1803,964,29,34,5
1804,964,99,100,1
1805,964,108,110,2
1806,964,60,60,0
1807,964,13,17,4
1804,965,10,10,0
1805,965,13,15,2
1806,965,3,3,0
1801,966,11,11,0
1802,966,7,7,0
1804,966,2,2,0
1804,967,5,5,0
1805,967,1,3,2
1800,968,3,3,0
1804,969,59,59,0
1805,969,79,79,0
1806,969,55,55,0
1807,969,2,8,6
1804,970,71,71,0
1805,970,172,172,0
1806,970,110,110,0
1807,970,51,54,3
1804,971,61,71,10
1805,971,99,105,6
1806,971,109,112,3
1807,971,60,60,0
1805,972,43,45,2
1806,972,11,12,1
1807,972,24,24,0
1800,973,7,7,0
1802,973,17,17,0
1804,973,14,14,0
1803,974,7,12,5
1805,974,20,20,0
1807,974,3,3,0
1802,975,6,11,5
1805,975,2,2,0
1807,975,2,2,0
1804,976,8,8,0
1805,976,55,55,0
1806,976,63,70,7
1807,976,54,54,0
1808,976,8,8,0
1812,976,3,3,0
1813,976,2,2,0
1804,977,55,69,14
1805,977,128,128,0
1806,977,129,130,1
1807,977,96,96,0
1808,977,23,23,0
1809,977,9,9,0
1811,977,1,1,0
1812,977,3,3,0
1813,977,1,1,0
1815,977,1,1,0
1804,978,56,73,17
1805,978,125,127,2
1806,978,120,122,2
1807,978,85,85,0
1808,978,27,27,0
1809,978,13,13,0
1810,978,2,2,0
1811,978,1,1,0
1812,978,2,2,0
1815,978,3,3,0
1804,979,22,23,1
1805,979,52,53,1
1806,979,49,55,6
1807,979,34,37,3
1808,979,12,12,0
1809,979,2,2,0
1815,979,4,4,0
1804,980,1,1,0
1805,980,10,10,0
1806,980,8,11,3
1807,980,5,5,0
1812,980,2,2,0
1815,980,1,1,0
1804,981,3,3,0
1805,981,2,3,1
1808,981,2,2,0
1811,981,5,5,0
1812,981,5,5,0
1800,982,1,1,0
1805,982,3,3,0
1806,982,6,6,0
1807,982,6,9,3
1808,982,6,6,0
1809,982,2,2,0
1810,982,2,2,0
1811,982,6,6,0
1812,982,3,3,0
1815,982,2,2,0
1805,983,12,12,0
1806,983,44,44,0
1807,983,69,75,6
1808,983,4,4,0
1811,983,1,1,0
1815,983,6,6,0
1804,984,4,7,3
1805,984,47,50,3
1806,984,96,96,0
1807,984,107,109,2
1808,984,55,55,0
1809,984,5,5,0
1811,984,2,2,0
1812,984,2,2,0
1815,984,5,5,0
1805,985,82,82,0
1806,985,156,166,10
1807,985,105,111,6
1808,985,52,52,0
1809,985,13,13,0
1811,985,9,9,0
1812,985,3,3,0
1805,986,39,42,3
1806,986,77,77,0
1807,986,73,73,0
1808,986,15,15,0
1811,986,3,3,0
1814,986,4,4,0
1800,987,5,5,0
1804,987,11,11,0
1807,987,4,4,0
1813,987,3,3,0
1814,987,9,9,0
1803,988,11,11,0
1805,988,10,10,0
1806,988,17,26,9
1810,988,9,9,0
1811,988,7,7,0
1813,988,3,3,0
1814,988,7,7,0
1803,989,1,1,0
1805,989,1,1,0
1806,989,9,10,1
1807,989,9,9,0
1808,989,4,4,0
1810,989,4,4,0
1811,989,4,4,0
1813,989,1,1,0
1814,989,7,7,0
1800,990,3,7,4
1801,990,7,15,8
1804,990,20,20,0
1807,990,51,51,0
1808,990,11,11,0
1814,990,7,7,0
1815,990,3,3,0
1805,991,17,17,0
1806,991,47,48,1
1807,991,52,59,7
1808,991,39,39,0
1809,991,12,12,0
1810,991,3,3,0
1811,991,6,6,0
1814,991,2,2,0
1815,991,1,1,0
1805,992,2,7,5
1806,992,68,68,0
1807,992,135,135,0
1808,992,72,72,0
1809,992,38,38,0
1810,992,7,7,0
1812,992,3,3,0
1813,992,1,1,0
1806,993,33,35,2
1807,993,62,70,8
1808,993,37,37,0
1809,993,16,16,0
1812,993,3,3,0
1813,993,5,5,0
1804,994,3,3,0
1805,994,4,4,0
1806,994,6,6,0
1807,994,9,9,0
1808,994,10,10,0
1809,994,5,5,0
1813,994,6,6,0
1814,994,4,4,0
1800,995,1,1,0
1802,995,1,1,0
1808,995,1,1,0
1809,995,8,8,0
1810,995,7,7,0
1813,995,1,1,0
1814,995,6,6,0
1815,995,4,4,0
1801,996,5,5,0
1802,996,3,5,2
1809,996,1,1,0
1810,996,8,8,0
1811,996,2,2,0
1814,996,2,2,0
1815,996,5,5,0
1801,997,1,1,0
1803,997,5,5,0
1806,997,3,3,0
1807,997,12,12,0
1808,997,1,1,0
1811,997,3,3,0
1812,997,1,1,0
1806,998,19,19,0
1807,998,38,44,6
1808,998,74,74,0
1809,998,31,31,0
1812,998,5,5,0
1815,998,1,1,0
1800,999,9,9,0
1806,999,39,39,0
1807,999,78,78,0
1808,999,159,159,0
1809,999,77,77,0
1810,999,5,5,0
1812,999,4,4,0
1813,999,1,1,0
1815,999,8,8,0
1806,1000,13,13,0
1807,1000,56,62,6
1808,1000,66,66,0
1809,1000,48,48,0
1810,1000,13,13,0
1812,1000,2,2,0
1801,1001,1,1,0
1807,1001,22,23,1
1808,1001,17,17,0
1809,1001,13,13,0
1812,1001,4,4,0
1813,1001,6,6,0
1815,1001,5,5,0
1801,1002,4,4,0
1802,1002,4,4,0
1803,1002,1,3,2
1804,1002,7,7,0
1809,1002,2,2,0
1812,1002,9,9,0
1813,1002,8,8,0
1815,1002,3,3,0
1801,1003,9,9,0
1804,1003,3,3,0
1809,1003,7,7,0
1810,1003,5,5,0
1812,1003,7,7,0
1813,1003,3,3,0
1801,1004,8,8,0
1805,1004,7,7,0
1806,1004,4,4,0
1809,1004,14,14,0
1810,1004,6,6,0
1815,1004,5,5,0
1801,1005,3,3,0
1807,1005,11,13,2
1808,1005,47,47,0
1809,1005,52,52,0
1810,1005,28,28,0
1814,1005,1,1,0
1815,1005,8,8,0
1807,1006,34,34,0
1808,1006,107,107,0
1809,1006,100,100,0
1810,1006,58,58,0
1811,1006,10,10,0
1815,1006,3,3,0
1800,1007,3,3,0
1807,1007,63,63,0
1808,1007,127,127,0
1809,1007,115,115,0
1810,1007,64,64,0
1811,1007,10,10,0
1815,1007,2,2,0
1801,1008,2,2,0
1807,1008,12,12,0
1808,1008,46,46,0
1809,1008,27,27,0
1810,1008,2,2,0
1811,1008,5,5,0
1814,1008,11,11,0
1801,1009,1,1,0
1802,1009,2,2,0
1806,1009,2,2,0
1807,1009,4,4,0
1808,1009,3,3,0
1814,1009,14,14,0
1802,1010,3,3,0
1803,1010,3,3,0
1809,1010,4,4,0
1811,1010,7,7,0
1812,1010,8,8,0
1814,1010,7,7,0
1801,1011,1,1,0
1802,1011,3,3,0
1809,1011,16,16,0
1810,1011,1,1,0
1812,1011,2,2,0
1814,1011,3,3,0
1800,1012,1,1,0
1801,1012,2,2,0
1807,1012,10,10,0
1808,1012,13,13,0
1809,1012,39,39,0
1810,1012,9,9,0
1814,1012,7,7,0
1815,1012,7,7,0
1800,1013,2,2,0
1807,1013,13,13,0
1808,1013,80,80,0
1809,1013,108,108,0
1810,1013,58,58,0
1811,1013,11,11,0
1812,1013,3,3,0
1815,1013,2,2,0
1807,1014,6,7,1
1808,1014,88,88,0
1809,1014,128,128,0
1810,1014,76,76,0
1811,1014,21,21,0
1812,1014,11,11,0
1808,1015,8,8,0
1809,1015,64,64,0
1810,1015,30,30,0
1812,1015,2,2,0
1814,1015,1,1,0
1815,1015,6,6,0
1809,1016,2,2,0
1812,1016,9,9,0
1813,1016,12,12,0
1809,1017,4,4,0
1812,1017,3,3,0
1815,1017,9,9,0
1809,1018,7,7,0
1810,1018,1,1,0
1815,1018,10,10,0
1808,1019,8,8,0
1809,1019,30,30,0
1810,1019,23,23,0
1812,1019,1,1,0
1813,1019,6,6,0
1814,1019,1,1,0
1808,1020,23,23,0
1809,1020,80,80,0
1810,1020,82,82,0
1811,1020,28,28,0
1812,1020,2,2,0
1813,1020,9,9,0
1814,1020,5,5,0
1808,1021,30,30,0
1809,1021,108,108,0
1810,1021,122,122,0
1811,1021,52,52,0
1812,1021,1,1,0
1814,1021,3,3,0
1808,1022,15,15,0
1809,1022,68,68,0
1810,1022,76,76,0
1811,1022,32,32,0
1812,1022,2,2,0
1815,1022,3,3,0
1809,1023,4,4,0
1812,1023,5,5,0
1813,1023,9,9,0
1808,1024,2,2,0
1809,1024,4,4,0
1810,1024,1,1,0
1811,1024,2,2,0
1813,1024,13,13,0
1815,1024,4,4,0
1809,1025,8,8,0
1811,1025,5,5,0
1813,1025,2,2,0
1808,1026,3,3,0
1809,1026,38,38,0
1810,1026,15,15,0
1811,1026,33,33,0
1812,1026,3,3,0
1814,1026,5,5,0
1808,1027,29,29,0
1809,1027,88,88,0
1810,1027,66,66,0
1811,1027,88,88,0
1812,1027,38,38,0
1813,1027,3,3,0
1814,1027,20,20,0
1815,1027,4,4,0
1808,1028,12,12,0
1809,1028,83,83,0
1810,1028,72,72,0
1811,1028,94,94,0
1812,1028,33,33,0
1808,1029,19,19,0
1809,1029,77,77,0
1810,1029,77,77,0
1811,1029,94,94,0
1812,1029,42,42,0
1813,1029,12,12,0
1814,1029,15,15,0
1815,1029,8,8,0
1809,1030,13,13,0
1810,1030,13,13,0
1811,1030,23,23,0
1808,1031,6,6,0
1809,1031,6,6,0
1810,1031,1,1,0
1811,1031,3,3,0
1813,1031,19,19,0
1814,1031,1,1,0
1815,1031,9,9,0
1808,1032,10,10,0
1811,1032,8,8,0
1810,1033,4,4,0
1811,1033,7,7,0
1813,1033,3,3,0
1814,1033,7,7,0
1809,1034,32,32,0
1810,1034,66,66,0
1811,1034,57,57,0
1812,1034,21,21,0
1813,1034,8,8,0
1814,1034,6,6,0
1808,1035,6,6,0
1809,1035,60,60,0
1810,1035,119,119,0
1811,1035,112,112,0
1812,1035,46,46,0
1813,1035,1,1,0
1809,1036,24,24,0
1810,1036,79,79,0
1811,1036,95,95,0
1812,1036,45,45,0
1815,1036,8,8,0
1808,1037,4,4,0
1810,1037,8,8,0
1811,1037,37,37,0
1812,1037,23,23,0
1815,1037,5,5,0
1808,1038,15,15,0
1811,1038,6,6,0
1812,1038,4,4,0
1810,1039,3,3,0
1811,1039,5,5,0
1814,1039,6,6,0
1815,1039,2,2,0
1808,1040,8,8,0
1810,1040,2,2,0
1811,1040,16,16,0
1812,1040,4,4,0
1815,1040,10,10,0
1809,1041,3,3,0
1810,1041,35,35,0
1811,1041,76,76,0
1812,1041,53,53,0
1813,1041,24,24,0
1809,1042,20,20,0
1810,1042,61,61,0
1811,1042,129,129,0
1812,1042,92,92,0
1813,1042,65,65,0
1814,1042,8,8,0
1809,1043,20,20,0
1810,1043,43,43,0
1811,1043,113,113,0
1812,1043,69,69,0
1813,1043,64,64,0
1814,1043,12,12,0
1815,1043,2,2,0
1809,1044,4,4,0
1810,1044,3,3,0
1811,1044,55,55,0
1812,1044,13,13,0
1813,1044,28,28,0
1815,1044,2,2,0
1808,1045,4,4,0
1811,1045,19,19,0
1813,1045,4,4,0
1808,1046,10,10,0
1811,1046,10,10,0
1813,1046,1,1,0
1814,1046,2,2,0
1808,1047,5,5,0
1814,1047,8,8,0
1815,1047,2,2,0
1808,1048,1,1,0
1810,1048,7,7,0
1811,1048,43,43,0
1812,1048,47,47,0
1813,1048,14,14,0
1815,1048,1,1,0
1809,1049,5,5,0
1810,1049,41,41,0
1811,1049,87,87,0
1812,1049,88,88,0
1813,1049,44,44,0
1814,1049,7,7,0
1815,1049,1,1,0
1809,1050,8,8,0
1810,1050,51,51,0
1811,1050,96,96,0
1812,1050,93,93,0
1813,1050,47,47,0
1814,1050,6,6,0
1809,1051,1,1,0
1810,1051,27,27,0
1811,1051,53,53,0
1812,1051,49,49,0
1813,1051,19,19,0
1808,1052,4,4,0
1809,1052,1,1,0
1810,1052,4,4,0
1811,1052,11,11,0
1812,1052,9,9,0
1815,1052,5,5,0
1808,1053,4,4,0
1814,1053,1,1,0
1815,1053,3,3,0
1812,1054,8,8,0
1813,1054,11,11,0
1814,1054,4,4,0
1810,1055,2,2,0
1811,1055,9,9,0
1812,1055,22,22,0
1813,1055,26,26,0
1814,1055,13,13,0
1808,1056,1,1,0
1809,1056,9,9,0
1811,1056,57,59,2
1812,1056,58,59,1
1813,1056,75,75,0
1814,1056,16,16,0
1815,1056,17,21,4
1810,1057,17,22,5
1811,1057,41,47,6
1812,1057,135,139,4
1813,1057,90,90,0
1814,1057,48,48,0
1810,1058,14,14,0
1811,1058,31,31,0
1812,1058,75,77,2
1813,1058,47,47,0
1814,1058,16,16,0
1809,1059,9,9,0
1811,1059,5,5,0
1815,1059,3,8,5
1812,1060,10,12,2
1814,1060,3,3,0
1809,1061,13,13,0
1813,1061,10,10,0
1809,1062,16,16,0
1811,1062,18,18,0
1812,1062,4,5,1
1813,1062,46,48,2
1814,1062,4,6,2
1815,1062,1,5,4
1810,1063,6,6,0
1811,1063,11,11,0
1812,1063,118,124,6
1813,1063,110,118,8
1814,1063,84,86,2
1815,1063,8,8,0
1809,1064,10,10,0
1811,1064,43,54,11
1812,1064,106,106,0
1813,1064,186,186,0
1814,1064,98,107,9
1815,1064,21,21,0
1810,1065,24,25,1
1812,1065,116,116,0
1813,1065,98,98,0
1814,1065,98,100,2
1815,1065,2,2,0
1809,1066,12,12,0
1811,1066,20,21,1
1812,1066,11,11,0
1813,1066,64,67,3
1814,1066,17,17,0
1809,1067,5,5,0
1811,1067,1,1,0
1813,1067,6,12,6
1810,1068,7,19,12
1812,1068,14,17,3
1814,1068,17,17,0
1815,1068,3,4,1
1809,1069,10,10,0
1811,1069,10,10,0
1813,1069,6,12,6
1809,1070,4,4,0
1810,1070,3,3,0
1812,1070,9,9,0
1813,1070,19,24,5
1814,1070,21,21,0
1811,1071,3,3,0
1812,1071,37,37,0
1813,1071,65,69,4
1814,1071,72,72,0
1815,1071,45,45,0
1811,1072,4,4,0
1812,1072,29,31,2
1813,1072,67,67,0
1814,1072,56,56,0
1815,1072,4,4,0
1812,1073,7,8,1
1813,1073,32,32,0
1814,1073,27,27,0
1810,1074,5,5,0
1811,1074,2,4,2
1813,1074,5,5,0
1814,1074,9,9,0
1808,1075,2,3,1
1810,1075,4,7,3
1811,1075,3,10,7
1814,1075,6,6,0
1813,1076,1,1,0
1814,1076,5,5,0
1812,1077,3,3,0
1813,1077,19,19,0
1814,1077,23,23,0
1812,1078,10,10,0
1813,1078,44,44,0
1814,1078,56,56,0
1815,1078,31,34,3
1812,1079,6,9,3
1813,1079,57,57,0
1814,1079,79,79,0
1815,1079,58,58,0
1812,1080,4,7,3
1813,1080,15,15,0
1814,1080,21,21,0
1815,1080,24,24,0
1817,1080,2,2,0
1818,1080,5,5,0
1821,1080,3,3,0
1822,1080,3,3,0
1813,1081,1,1,0
1817,1081,3,3,0
1818,1081,4,4,0
1821,1081,3,3,0
1822,1081,3,3,0
1810,1082,2,2,0
1817,1082,3,3,0
1818,1082,3,3,0
1821,1082,2,2,0
1822,1082,2,2,0
1809,1083,1,1,0
1810,1083,2,2,0
1814,1083,1,1,0
1816,1083,4,4,0
1817,1083,3,3,0
1818,1083,1,1,0
1821,1083,2,2,0
1822,1083,1,1,0
1809,1084,3,3,0
1814,1084,8,8,0
1815,1084,12,15,3
1816,1084,9,9,0
1817,1084,4,4,0
1820,1084,2,2,0
1821,1084,1,1,0
1812,1085,3,5,2
1813,1085,20,20,0
1814,1085,40,40,0
1815,1085,54,55,1
1816,1085,14,14,0
1817,1085,4,4,0
1820,1085,3,3,0
1821,1085,1,1,0
1811,1086,2,2,0
1812,1086,9,11,2
1813,1086,29,30,1
1814,1086,55,55,0
1815,1086,73,73,0
1816,1086,18,18,0
1817,1086,5,5,0
1820,1086,4,4,0
1813,1087,9,11,2
1814,1087,31,31,0
1815,1087,47,47,0
1816,1087,20,20,0
1817,1087,5,5,0
1820,1087,4,4,0
1808,1088,7,7,0
1809,1088,4,4,0
1810,1088,1,1,0
1815,1088,3,3,0
1816,1088,1,1,0
1821,1088,2,2,0
1822,1088,2,2,0
1823,1088,1,1,0
1811,1089,1,1,0
1812,1089,3,3,0
1813,1089,4,4,0
1814,1089,2,2,0
1816,1089,1,1,0
1817,1089,3,3,0
1818,1089,5,5,0
1819,1089,3,3,0
1823,1089,1,1,0
1812,1090,1,1,0
1817,1090,4,4,0
1818,1090,10,10,0
1819,1090,8,8,0
1820,1090,1,1,0
1823,1090,2,2,0
1813,1091,1,1,0
1814,1091,6,6,0
1815,1091,10,10,0
1816,1091,2,2,0
1817,1091,3,3,0
1818,1091,4,4,0
1819,1091,3,3,0
1823,1091,1,1,0
1813,1092,14,16,2
1814,1092,36,36,0
1815,1092,50,50,0
1816,1092,20,20,0
1817,1092,10,10,0
1820,1092,2,2,0
1821,1092,5,5,0
1822,1092,2,2,0
1812,1093,8,8,0
1813,1093,30,30,0
1814,1093,59,59,0
1815,1093,79,79,0
1816,1093,35,35,0
1817,1093,20,20,0
1818,1093,4,4,0
1820,1093,4,4,0
1821,1093,8,8,0
1822,1093,3,3,0
1812,1094,5,5,0
1813,1094,21,21,0
1814,1094,43,43,0
1815,1094,57,60,3
1816,1094,25,25,0
1817,1094,14,14,0
1818,1094,3,3,0
1820,1094,3,3,0
1821,1094,5,5,0
1822,1094,2,2,0
1810,1095,4,4,0
1814,1095,10,10,0
1815,1095,15,20,5
1816,1095,3,3,0
1817,1095,1,1,0
1822,1095,1,1,0
1823,1095,2,2,0
1815,1096,6,6,0
1816,1096,3,3,0
1817,1096,1,1,0
1821,1096,2,2,0
1822,1096,4,4,0
1823,1096,5,5,0
1808,1097,1,1,0
1812,1097,3,4,1
1813,1097,2,2,0
1814,1097,2,2,0
1815,1097,5,5,0
1816,1097,5,5,0
1817,1097,7,7,0
1818,1097,7,7,0
1819,1097,5,5,0
1820,1097,2,2,0
1808,1098,5,5,0
1815,1098,1,1,0
1814,1099,15,16,1
1815,1099,32,32,0
1816,1099,14,14,0
1817,1099,6,6,0
1821,1099,2,2,0
1822,1099,2,2,0
1811,1100,1,1,0
1812,1100,1,1,0
1813,1100,8,13,5
1814,1100,44,46,2
1815,1100,78,78,0
1816,1100,61,61,0
1817,1100,38,38,0
1818,1100,11,11,0
1820,1100,3,3,0
1821,1100,7,7,0
1822,1100,2,2,0
1814,1101,28,31,3
1815,1101,62,62,0
1816,1101,58,58,0
1817,1101,34,34,0
1818,1101,7,7,0
1820,1101,2,2,0
1821,1101,9,9,0
1822,1101,5,5,0
1815,1102,15,15,0
1816,1102,15,15,0
1817,1102,5,5,0
1821,1102,6,6,0
1822,1102,5,5,0
1823,1102,2,2,0
1808,1103,1,1,0
1811,1103,6,6,0
1812,1103,8,8,0
1813,1103,1,2,1
1818,1103,2,2,0
1819,1103,3,3,0
1820,1103,3,3,0
1821,1103,1,1,0
1809,1104,4,4,0
1813,1104,6,6,0
1814,1104,5,5,0
1823,1104,1,1,0
1810,1105,1,1,0
1811,1105,2,2,0
1816,1105,1,1,0
1819,1105,3,3,0
1820,1105,6,6,0
1821,1105,1,1,0
1811,1106,7,7,0
1812,1106,1,2,1
1814,1106,9,9,0
1815,1106,27,29,2
1816,1106,31,31,0
1817,1106,16,16,0
1818,1106,4,4,0
1819,1106,3,3,0
1820,1106,5,5,0
1821,1106,2,2,0
1811,1107,4,4,0
1814,1107,26,26,0
1815,1107,65,65,0
1816,1107,70,70,0
1817,1107,42,42,0
1818,1107,12,12,0
1823,1107,2,2,0
1811,1108,4,4,0
1814,1108,26,26,0
1815,1108,62,65,3
1816,1108,65,65,0
1817,1108,37,37,0
1818,1108,8,8,0
1823,1108,3,3,0
1811,1109,7,7,0
1812,1109,2,2,0
1814,1109,9,9,0
1815,1109,27,29,2
1816,1109,22,22,0
1817,1109,8,8,0
1820,1109,2,2,0
1821,1109,1,1,0
1823,1109,1,1,0
1811,1110,2,2,0
1812,1110,2,2,0
1819,1110,2,2,0
1820,1110,5,5,0
1821,1110,1,1,0
1809,1111,4,4,0
1813,1111,5,6,1
1814,1111,1,5,4
1816,1111,6,6,0
1817,1111,1,1,0
1819,1111,3,3,0
1820,1111,1,1,0
1812,1112,3,4,1
1816,1112,3,3,0
1817,1112,5,5,0
1818,1112,7,7,0
1819,1112,7,7,0
1820,1112,4,4,0
1821,1112,1,1,0
1808,1113,2,2,0
1811,1113,1,1,0
1812,1113,2,2,0
1815,1113,3,9,6
1816,1113,7,7,0
1820,1113,4,4,0
1821,1113,7,7,0
1822,1113,3,3,0
1814,1114,6,10,4
1815,1114,18,23,5
1816,1114,58,58,0
1817,1114,34,34,0
1818,1114,6,6,0
1820,1114,1,1,0
1821,1114,6,6,0
1822,1114,1,1,0
1814,1115,8,9,1
1815,1115,22,25,3
1816,1115,89,89,0
1817,1115,57,57,0
1818,1115,18,18,0
1811,1116,3,4,1
1815,1116,11,15,4
1816,1116,43,43,0
1817,1116,27,27,0
1818,1116,6,6,0
1822,1116,1,1,0
1823,1116,2,2,0
1811,1117,3,5,2
1815,1117,6,6,0
1818,1117,2,2,0
1819,1117,3,3,0
1820,1117,2,2,0
1821,1117,1,1,0
1822,1117,1,1,0
1823,1117,1,1,0
1808,1118,4,4,0
1815,1118,3,3,0
1818,1118,6,6,0
1819,1118,9,9,0
1820,1118,7,7,0
1821,1118,3,3,0
1808,1119,8,8,0
1812,1119,2,2,0
1814,1119,1,1,0
1815,1119,3,5,2
1816,1119,5,5,0
1817,1119,3,3,0
1822,1119,2,2,0
1823,1119,3,3,0
1810,1120,1,4,3
1811,1120,5,5,0
1812,1120,2,2,0
1817,1120,8,8,0
1818,1120,4,4,0
1821,1120,6,6,0
1822,1120,4,4,0
1823,1120,4,4,0
1811,1121,1,1,0
1814,1121,3,3,0
1815,1121,5,6,1
1816,1121,23,23,0
1817,1121,37,37,0
1818,1121,24,24,0
1819,1121,1,1,0
1820,1121,1,1,0
1821,1121,4,4,0
1813,1122,1,2,1
1814,1122,9,9,0
1815,1122,13,15,2
1816,1122,46,46,0
1817,1122,55,55,0
1818,1122,35,35,0
1819,1122,7,7,0
1820,1122,2,2,0
1821,1122,1,1,0
1814,1123,8,8,0
1815,1123,12,14,2
1816,1123,33,33,0
1817,1123,41,41,0
1818,1123,24,24,0
1819,1123,2,2,0
1814,1124,1,1,0
1816,1124,7,7,0
1817,1124,17,17,0
1818,1124,8,8,0
1823,1124,3,3,0
1810,1125,1,1,0
1817,1125,6,6,0
1818,1125,2,2,0
1820,1125,3,3,0
1823,1125,5,5,0
1817,1126,6,6,0
1818,1126,1,1,0
1820,1126,5,5,0
1823,1126,5,5,0
1808,1127,1,1,0
1809,1127,1,2,1
1810,1127,2,2,0
1817,1127,6,6,0
1820,1127,3,3,0
1823,1127,6,6,0
1816,1128,3,3,0
1817,1128,23,23,0
1818,1128,21,21,0
1819,1128,6,6,0
1820,1128,1,1,0
1823,1128,3,3,0
1816,1129,44,44,0
1817,1129,75,75,0
1818,1129,66,66,0
1819,1129,26,26,0
1820,1129,6,6,0
1821,1129,3,3,0
1816,1130,29,29,0
1817,1130,69,69,0
1818,1130,62,62,0
1819,1130,13,13,0
1821,1130,1,1,0
1822,1130,2,2,0
1817,1131,24,24,0
1818,1131,21,21,0
1822,1131,1,1,0
1823,1131,3,3,0
1817,1132,6,6,0
1818,1132,1,1,0
1820,1132,3,3,0
1821,1132,1,1,0
1823,1132,6,6,0
1816,1133,2,2,0
1820,1133,10,10,0
1821,1133,1,1,0
1823,1133,3,3,0
1816,1134,1,1,0
1817,1134,8,8,0
1820,1134,1,1,0
1816,1135,18,18,0
1817,1135,38,38,0
1818,1135,26,26,0
1821,1135,5,5,0
1822,1135,2,2,0
1823,1135,1,1,0
1816,1136,25,25,0
1817,1136,72,72,0
1818,1136,72,72,0
1819,1136,24,24,0
1822,1136,1,1,0
1816,1137,25,25,0
1817,1137,63,63,0
1818,1137,61,61,0
1819,1137,24,24,0
1820,1137,5,5,0
1821,1137,2,2,0
1816,1138,4,4,0
1817,1138,27,27,0
1818,1138,26,26,0
1819,1138,9,9,0
1820,1138,7,7,0
1821,1138,4,4,0
1817,1139,4,4,0
1820,1139,6,6,0
1821,1139,3,3,0
1823,1139,3,3,0
1816,1140,4,4,0
1817,1140,7,7,0
1820,1140,4,4,0
1823,1140,1,1,0
1817,1141,5,5,0
1818,1141,1,1,0
1820,1141,1,1,0
1823,1141,4,4,0
1817,1142,20,20,0
1818,1142,23,23,0
1819,1142,10,10,0
1820,1142,7,7,0
1821,1142,3,3,0
1823,1142,4,4,0
1816,1143,27,27,0
1817,1143,61,61,0
1818,1143,65,65,0
1819,1143,39,39,0
1820,1143,22,22,0
1821,1143,9,9,0
1816,1144,11,11,0
1817,1144,44,44,0
1818,1144,58,58,0
1819,1144,34,34,0
1820,1144,7,7,0
1821,1144,2,2,0
1822,1144,4,4,0
1817,1145,19,19,0
1818,1145,31,31,0
1819,1145,19,19,0
1820,1145,4,4,0
1821,1145,1,1,0
1817,1146,1,1,0
1818,1146,5,5,0
1819,1146,6,6,0
1820,1146,5,5,0
1821,1146,3,3,0
1816,1147,9,9,0
1819,1147,1,1,0
1820,1147,7,7,0
1821,1147,5,5,0
1822,1147,1,1,0
1816,1148,8,8,0
1820,1148,2,2,0
1821,1148,1,1,0
1823,1148,2,2,0
1817,1149,1,1,0
1818,1149,5,5,0
1819,1149,3,3,0
1823,1149,1,1,0
1817,1150,21,21,0
1818,1150,39,39,0
1819,1150,26,26,0
1820,1150,5,5,0
1816,1151,1,1,0
1817,1151,46,46,0
1818,1151,74,74,0
1819,1151,53,53,0
1820,1151,19,19,0
1821,1151,6,6,0
1822,1151,4,4,0
1823,1151,1,1,0
1817,1152,14,14,0
1818,1152,29,29,0
1819,1152,28,28,0
1820,1152,16,16,0
1821,1152,5,5,0
1822,1152,1,1,0
1823,1152,1,1,0
1817,1153,1,1,0
1818,1153,1,1,0
1819,1154,1,1,0
1820,1154,8,8,0
1821,1154,8,8,0
1822,1154,1,1,0
1816,1155,4,4,0
1819,1155,2,2,0
1820,1155,7,7,0
1821,1155,5,5,0
1822,1155,2,2,0
1823,1155,1,1,0
1816,1156,7,7,0
1823,1156,9,9,0
1817,1157,8,8,0
1818,1157,27,27,0
1819,1157,37,37,0
1820,1157,25,25,0
1821,1157,3,3,0
1823,1157,4,4,0
1817,1158,12,12,0
1818,1158,43,43,0
1819,1158,65,65,0
1820,1158,52,52,0
1821,1158,19,19,0
1816,1159,3,3,0
1817,1159,5,5,0
1818,1159,18,18,0
1819,1159,31,31,0
1820,1159,21,21,0
1823,1159,6,6,0
1817,1160,5,5,0
1818,1160,8,8,0
1819,1160,4,4,0
1820,1160,2,2,0
1821,1160,4,4,0
1822,1160,4,4,0
1823,1160,2,2,0
1818,1161,3,3,0
1819,1161,1,1,0
1823,1162,3,3,0
1816,1163,3,3,0
1819,1163,6,6,0
1820,1163,4,4,0
1823,1163,6,6,0
1818,1164,12,12,0
1819,1164,32,32,0
1820,1164,30,30,0
1821,1164,8,8,0
1817,1165,2,2,0
1818,1165,33,33,0
1819,1165,68,68,0
1820,1165,66,66,0
1821,1165,29,29,0
1822,1165,2,2,0
1816,1166,2,2,0
1817,1166,2,2,0
1818,1166,30,30,0
1819,1166,67,67,0
1820,1166,65,65,0
1821,1166,26,26,0
1822,1166,2,2,0
1823,1166,5,5,0
1818,1167,4,4,0
1819,1167,34,34,0
1820,1167,31,31,0
1823,1167,3,3,0
1817,1168,7,7,0
1818,1168,8,8,0
1819,1168,1,1,0
1821,1168,5,5,0
1822,1168,5,5,0
1816,1169,2,2,0
1817,1169,1,1,0
1823,1169,4,4,0
1816,1170,5,5,0
1819,1170,5,5,0
1820,1170,5,5,0
1823,1170,6,6,0
1816,1171,3,3,0
1818,1171,13,13,0
1819,1171,44,44,0
1820,1171,46,46,0
1821,1171,17,17,0
1823,1171,3,3,0
1817,1172,2,2,0
1818,1172,36,36,0
1819,1172,83,83,0
1820,1172,87,87,0
1821,1172,43,43,0
1822,1172,5,5,0
1817,1173,3,3,0
1818,1173,39,39,0
1819,1173,85,85,0
1820,1173,90,90,0
1821,1173,49,49,0
1822,1173,9,9,0
1816,1174,1,1,0
1818,1174,16,16,0
1819,1174,42,42,0
1820,1174,49,49,0
1821,1174,28,28,0
1822,1174,6,6,0
1816,1175,6,6,0
1820,1175,6,6,0
1821,1175,4,4,0
1822,1175,2,2,0
1823,1175,3,3,0
1817,1176,4,4,0
1818,1176,5,5,0
1821,1176,2,2,0
1822,1176,5,5,0
1823,1176,3,3,0
1816,1177,1,1,0
1816,1178,4,4,0
1819,1178,22,22,0
1820,1178,33,33,0
1821,1178,22,22,0
1822,1178,4,4,0
1816,1179,3,3,0
1818,1179,13,13,0
1819,1179,56,56,0
1820,1179,76,76,0
1821,1179,54,54,0
1822,1179,19,19,0
1823,1179,2,2,0
1816,1180,4,4,0
1818,1180,14,14,0
1819,1180,57,57,0
1820,1180,77,77,0
1821,1180,54,54,0
1822,1180,20,20,0
1823,1180,2,2,0
1816,1181,5,5,0
1818,1181,1,1,0
1819,1181,23,23,0
1820,1181,35,35,0
1821,1181,23,23,0
1822,1181,5,5,0
1816,1182,3,3,0
1820,1182,2,2,0
1821,1182,2,2,0
1817,1183,6,6,0
1818,1183,8,8,0
1819,1183,1,1,0
1821,1183,4,4,0
1822,1183,7,7,0
1823,1183,5,5,0
1817,1184,8,8,0
1820,1184,4,4,0
1821,1184,8,8,0
1819,1185,1,1,0
1820,1185,27,27,0
1821,1185,27,27,0
1822,1185,7,7,0
1816,1186,5,5,0
1819,1186,31,31,0
1820,1186,71,71,0
1821,1186,60,60,0
1822,1186,22,22,0
1823,1186,4,4,0
1816,1187,6,6,0
1818,1187,5,5,0
1819,1187,50,50,0
1820,1187,89,89,0
1821,1187,68,68,0
1822,1187,22,22,0
1823,1187,4,4,0
1816,1188,3,3,0
1819,1188,28,28,0
1820,1188,54,54,0
1821,1188,34,34,0
1822,1188,3,3,0
1816,1189,7,7,0
1817,1189,1,1,0
1820,1189,11,11,0
1821,1189,2,2,0
1823,1189,7,7,0
1816,1190,3,3,0
1817,1190,8,8,0
1823,1190,9,9,0
1817,1191,4,4,0
1818,1191,4,4,0
1820,1191,8,8,0
1821,1191,7,7,0
1817,1192,2,2,0
1821,1192,12,12,0
1822,1192,10,10,0
1817,1193,1,1,0
1818,1193,5,5,0
1819,1193,14,14,0
1820,1193,34,34,0
1821,1193,47,47,0
1822,1193,30,30,0
1823,1193,1,1,0
1818,1194,6,6,0
1819,1194,24,24,0
1820,1194,52,52,0
1821,1194,64,64,0
1822,1194,39,39,0
1823,1194,3,3,0
1816,1195,5,5,0
1819,1195,6,6,0
1820,1195,28,28,0
1821,1195,40,40,0
1822,1195,24,24,0
1816,1196,6,6,0
1817,1196,1,1,0
1820,1196,3,3,0
1821,1196,11,11,0
1822,1196,7,7,0
1817,1197,1,1,0
1818,1197,1,1,0
1819,1197,1,1,0
1820,1197,1,1,0
1821,1197,2,2,0
1822,1197,2,2,0
1817,1198,1,1,0
1818,1198,3,3,0
1819,1198,5,5,0
1820,1198,5,5,0
1821,1198,2,2,0
1822,1198,1,1,0
1823,1198,2,2,0
1816,1199,5,5,0
1817,1199,1,1,0
1823,1199,1,1,0
1816,1200,6,6,0
1819,1200,4,4,0
1820,1200,28,28,0
1821,1200,41,41,0
1822,1200,28,28,0
1823,1200,6,6,0
1817,1201,4,4,0
1818,1201,3,3,0
1819,1201,9,9,0
1820,1201,43,43,0
1821,1201,78,78,0
1822,1201,69,69,0
1823,1201,37,37,0
1817,1202,5,5,0
1818,1202,3,3,0
1820,1202,28,28,0
1821,1202,69,69,0
1822,1202,61,61,0
1823,1202,20,20,0
1817,1203,3,3,0
1820,1203,6,6,0
1821,1203,29,29,0
1822,1203,22,22,0
1818,1204,1,1,0
1819,1204,3,3,0
1820,1204,6,6,0
1821,1204,7,7,0
1822,1204,6,6,0
1823,1204,3,3,0
1816,1205,3,3,0
1819,1205,5,5,0
1820,1205,3,3,0
1823,1205,2,2,0
1816,1206,2,2,0
1820,1206,2,2,0
1821,1206,6,6,0
1822,1206,3,3,0
1816,1207,1,1,0
1817,1207,5,5,0
1818,1207,1,1,0
1820,1207,19,19,0
1821,1207,44,44,0
1822,1207,41,41,0
1823,1207,19,19,0
1818,1208,5,5,0
1820,1208,40,40,0
1821,1208,94,94,0
1822,1208,64,64,0
1823,1208,39,39,0
1824,1208,1,1,0
1825,1208,1,1,0
1826,1208,1,1,0
1816,1209,5,5,0
1818,1209,5,5,0
1820,1209,27,27,0
1821,1209,67,67,0
1822,1209,43,43,0
1823,1209,27,27,0
1824,1209,1,1,0
1825,1209,1,1,0
1826,1209,1,1,0
1816,1210,2,2,0
1820,1210,8,8,0
1821,1210,29,29,0
1822,1210,15,15,0
1823,1210,12,12,0
1824,1210,1,1,0
1825,1210,1,1,0
1826,1210,1,1,0
1818,1211,1,1,0
1820,1211,2,2,0
1821,1211,6,6,0
1822,1211,2,2,0
1823,1211,5,5,0
1824,1211,1,1,0
1825,1211,1,1,0
1826,1211,1,1,0
1817,1212,5,5,0
1818,1212,4,4,0
1819,1212,7,7,0
1820,1212,4,4,0
1822,1212,2,2,0
1824,1212,1,1,0
1825,1212,1,1,0
1826,1212,1,1,0
1817,1213,6,6,0
1822,1213,7,7,0
1824,1213,1,1,0
1825,1213,1,1,0
1826,1213,1,1,0
1817,1214,8,8,0
1820,1214,3,3,0
1821,1214,15,15,0
1822,1214,37,37,0
1823,1214,12,12,0
1824,1214,1,1,0
1825,1214,1,1,0
1826,1214,1,1,0
1817,1215,20,20,0
1820,1215,21,21,0
1821,1215,48,48,0
1822,1215,79,79,0
1823,1215,49,49,0
1824,1215,1,1,0
1825,1215,1,1,0
1826,1215,1,1,0
1817,1216,6,6,0
1818,1216,2,2,0
1820,1216,16,16,0
1821,1216,44,44,0
1822,1216,45,45,0
1823,1216,26,26,0
1817,1217,2,2,0
1820,1217,7,7,0
1821,1217,22,22,0
1822,1217,20,20,0
1823,1217,7,7,0
1820,1218,1,1,0
1821,1218,2,2,0
1819,1219,4,4,0
1820,1219,2,2,0
1818,1220,1,1,0
1819,1220,5,5,0
1820,1220,3,3,0
1823,1220,8,8,0
1816,1221,1,1,0
1817,1221,2,2,0
1818,1221,2,2,0
1821,1221,5,5,0
1822,1221,12,12,0
1823,1221,16,16,0
1817,1222,4,4,0
1818,1222,1,1,0
1820,1222,2,2,0
1821,1222,23,23,0
1822,1222,35,35,0
1823,1222,34,34,0
1817,1223,4,4,0
1820,1223,6,6,0
1821,1223,40,40,0
1822,1223,58,58,0
1823,1223,53,53,0
1819,1224,4,4,0
1820,1224,10,10,0
1821,1224,14,14,0
1822,1224,16,16,0
1823,1224,17,17,0
1831,1224,1,1,0
1816,1225,7,7,0
1817,1225,3,3,0
1822,1225,1,1,0
1823,1225,3,3,0
1816,1226,3,3,0
1817,1226,2,2,0
1824,1226,1,1,0
1818,1227,5,5,0
1819,1227,7,7,0
1820,1227,5,5,0
1821,1227,2,2,0
1824,1227,2,2,0
1825,1227,1,1,0
1817,1228,2,2,0
1818,1228,4,4,0
1819,1228,5,5,0
1820,1228,4,4,0
1821,1228,5,5,0
1822,1228,10,10,0
1823,1228,14,14,0
1824,1228,3,3,0
1825,1228,2,2,0
1826,1228,1,1,0
1820,1229,6,6,0
1821,1229,23,23,0
1822,1229,46,46,0
1823,1229,62,62,0
1824,1229,4,4,0
1825,1229,3,3,0
1826,1229,2,2,0
1819,1230,1,1,0
1820,1230,8,8,0
1821,1230,26,26,0
1822,1230,51,51,0
1823,1230,70,70,0
1824,1230,5,5,0
1825,1230,4,4,0
1826,1230,2,2,0
1827,1230,1,1,0
1816,1231,2,2,0
1817,1231,5,5,0
1818,1231,7,7,0
1819,1231,3,3,0
1821,1231,2,2,0
1822,1231,12,12,0
1823,1231,21,21,0
1824,1231,5,5,0
1825,1231,4,4,0
1826,1231,3,3,0
1827,1231,1,1,0
1819,1232,1,1,0
1820,1232,1,1,0
1824,1232,6,6,0
1825,1232,5,5,0
1826,1232,3,3,0
1827,1232,1,1,0
1818,1233,3,3,0
1819,1233,5,5,0
1820,1233,5,5,0
1821,1233,4,4,0
1822,1233,5,5,0
1823,1233,6,6,0
1824,1233,3,3,0
1825,1233,2,2,0
1826,1233,1,1,0
1829,1233,1,1,0
1830,1233,2,2,0
1831,1233,2,2,0
1817,1234,1,1,0
1818,1234,5,5,0
1819,1234,3,3,0
1823,1234,3,3,0
1824,1234,1,1,0
1825,1234,1,1,0
1828,1234,1,1,0
1829,1234,2,2,0
1830,1234,3,3,0
1831,1234,4,4,0
1817,1235,2,2,0
1818,1235,4,4,0
1822,1235,13,13,0
1823,1235,28,28,0
1824,1235,3,3,0
1825,1235,2,2,0
1826,1235,1,1,0
1829,1235,1,1,0
1830,1235,1,1,0
1831,1235,2,2,0
1820,1236,2,2,0
1821,1236,21,21,0
1822,1236,51,51,0
1823,1236,75,75,0
1824,1236,7,7,0
1825,1236,6,6,0
1826,1236,3,3,0
1827,1236,1,1,0
1820,1237,1,1,0
1821,1237,21,21,0
1822,1237,49,49,0
1823,1237,69,69,0
1824,1237,9,9,0
1825,1237,7,7,0
1826,1237,4,4,0
1827,1237,2,2,0
1816,1238,2,2,0
1817,1238,1,1,0
1821,1238,4,4,0
1822,1238,15,15,0
1823,1238,23,23,0
1824,1238,7,7,0
1825,1238,6,6,0
1826,1238,4,4,0
1827,1238,1,1,0
1819,1239,2,2,0
1820,1239,3,3,0
1821,1239,3,3,0
1822,1239,2,2,0
1823,1239,1,1,0
1824,1239,5,5,0
1825,1239,4,4,0
1826,1239,2,2,0
1827,1239,1,1,0
1831,1239,1,1,0
1816,1240,7,7,0
1819,1240,2,2,0
1820,1240,5,5,0
1821,1240,3,3,0
1822,1240,3,3,0
1823,1240,6,6,0
1827,1240,1,1,0
1828,1240,1,1,0
1816,1241,5,5,0
1819,1241,1,1,0
1824,1241,2,2,0
1825,1241,2,2,0
1826,1241,1,1,0
1827,1241,1,1,0
1816,1242,2,2,0
1818,1242,1,1,0
1819,1242,3,3,0
1823,1242,8,8,0
1824,1242,8,8,0
1825,1242,6,6,0
1826,1242,3,3,0
1827,1242,1,1,0
1831,1242,1,1,0
1816,1243,1,1,0
1817,1243,1,1,0
1818,1243,3,3,0
1819,1243,5,5,0
1820,1243,1,1,0
1821,1243,2,2,0
1822,1243,14,14,0
1823,1243,30,30,0
1824,1243,12,12,0
1825,1243,9,9,0
1826,1243,5,5,0
1827,1243,1,1,0
1830,1243,1,1,0
1831,1243,2,2,0
1816,1244,4,4,0
1817,1244,1,1,0
1818,1244,2,2,0
1819,1244,2,2,0
1820,1244,1,1,0
1821,1244,4,4,0
1822,1244,21,21,0
1823,1244,39,39,0
1824,1244,12,12,0
1825,1244,9,9,0
1826,1244,5,5,0
1827,1244,1,1,0
1830,1244,1,1,0
1831,1244,2,2,0
1816,1245,5,5,0
1817,1245,1,1,0
1822,1245,11,11,0
1823,1245,25,25,0
1824,1245,8,8,0
1825,1245,6,6,0
1826,1245,3,3,0
1827,1245,1,1,0
1831,1245,1,1,0
1816,1246,3,3,0
1823,1246,6,6,0
1824,1246,2,2,0
1825,1246,2,2,0
1826,1246,1,1,0
1827,1246,1,1,0
1819,1247,4,4,0
1820,1247,7,7,0
1821,1247,1,1,0
1827,1247,1,1,0
1828,1247,1,1,0
1818,1248,2,2,0
1819,1248,3,3,0
1820,1248,1,1,0
1824,1248,1,1,0
1825,1248,3,3,0
1826,1248,4,4,0
1827,1248,2,2,0
1818,1249,1,1,0
1821,1249,2,2,0
1822,1249,6,6,0
1823,1249,10,10,0
1824,1249,3,3,0
1825,1249,2,2,0
1816,1250,1,1,0
1817,1250,1,1,0
1821,1250,5,5,0
1822,1250,14,14,0
1823,1250,21,21,0
1824,1250,15,15,0
1825,1250,8,8,0
1826,1250,1,1,0
1829,1250,1,1,0
1816,1251,1,1,0
1817,1251,1,1,0
1821,1251,5,5,0
1822,1251,14,14,0
1823,1251,21,21,0
1824,1251,26,26,0
1825,1251,16,16,0
1826,1251,4,4,0
1828,1251,3,3,0
1829,1251,4,4,0
1821,1252,1,1,0
1822,1252,6,6,0
1823,1252,11,11,0
1824,1252,20,20,0
1825,1252,10,10,0
1828,1252,1,1,0
1829,1252,4,4,0
1830,1252,1,1,0
1818,1253,1,1,0
1823,1253,2,2,0
1824,1253,4,4,0
1829,1253,2,2,0
1830,1253,2,2,0
1818,1254,1,1,0
1823,1254,2,2,0
1830,1254,1,1,0
1831,1254,2,2,0
1822,1255,2,2,0
1823,1255,6,6,0
1824,1255,5,5,0
1825,1255,7,7,0
1826,1255,8,8,0
1827,1255,5,5,0
1828,1255,1,1,0
1831,1255,1,1,0
1817,1256,1,1,0
1818,1256,3,3,0
1819,1256,2,2,0
1822,1256,1,1,0
1823,1256,3,3,0
1824,1256,4,4,0
1825,1256,1,1,0
1829,1256,2,2,0
1830,1256,3,3,0
1831,1256,2,2,0
1816,1257,1,1,0
1817,1257,1,1,0
1818,1257,1,1,0
1821,1257,2,2,0
1822,1257,8,8,0
1823,1257,13,13,0
1824,1257,16,16,0
1825,1257,10,10,0
1826,1257,3,3,0
1816,1258,2,2,0
1817,1258,1,1,0
1821,1258,4,4,0
1822,1258,14,14,0
1823,1258,22,22,0
1824,1258,21,21,0
1825,1258,14,14,0
1826,1258,4,4,0
1831,1258,1,1,0
1821,1259,3,3,0
1822,1259,12,12,0
1823,1259,19,19,0
1824,1259,11,11,0
1825,1259,6,6,0
1829,1259,2,2,0
1830,1259,4,4,0
1831,1259,4,4,0
1822,1260,4,4,0
1823,1260,8,8,0
1828,1260,2,2,0
1829,1260,3,3,0
1830,1260,2,2,0
1818,1261,1,1,0
1819,1261,1,1,0
1828,1261,2,2,0
1829,1261,1,1,0
1818,1262,2,2,0
1819,1262,2,2,0
1820,1262,1,1,0
1823,1262,1,1,0
1824,1262,4,4,0
1825,1262,2,2,0
1828,1262,1,1,0
1829,1262,1,1,0
1817,1263,1,1,0
1818,1263,3,3,0
1819,1263,3,3,0
1820,1263,1,1,0
1821,1263,1,1,0
1822,1263,3,3,0
1823,1263,5,5,0
1824,1263,7,7,0
1825,1263,3,3,0
1829,1263,2,2,0
1830,1263,3,3,0
1831,1263,2,2,0
1816,1264,2,2,0
1821,1264,2,2,0
1822,1264,5,5,0
1823,1264,8,8,0
1824,1264,12,12,0
1825,1264,4,4,0
1829,1264,2,2,0
1816,1265,2,2,0
1821,1265,1,1,0
1822,1265,5,5,0
1823,1265,7,7,0
1824,1265,23,23,0
1825,1265,15,15,0
1826,1265,7,7,0
1827,1265,4,4,0
1828,1265,6,6,0
1829,1265,7,7,0
1830,1265,4,4,0
1816,1266,1,1,0
1821,1266,1,1,0
1822,1266,4,4,0
1823,1266,6,6,0
1824,1266,17,17,0
1825,1266,10,10,0
1826,1266,3,3,0
1827,1266,1,1,0
1828,1266,2,2,0
1829,1266,3,3,0
1821,1267,1,1,0
1822,1267,2,2,0
1823,1267,4,4,0
1824,1267,2,2,0
1822,1268,1,1,0
1823,1268,1,1,0
1824,1268,3,3,0
1825,1268,1,1,0
1828,1268,2,2,0
1829,1268,3,3,0
1830,1268,3,3,0
1831,1268,2,2,0
1824,1269,5,5,0
1825,1269,5,5,0
1826,1269,4,4,0
1827,1269,3,3,0
1828,1269,2,2,0
1829,1269,1,1,0
1826,1270,1,1,0
1827,1271,1,1,0
1830,1271,1,1,0
