X,Y,Subtracted,Original 1,Original 2
215,2247,1,1,0
336,544,1,1,0
338,544,1,1,0
339,544,3,3,0
342,545,2,2,0
336,546,3,4,1
338,546,1,4,3
339,546,3,3,0
342,546,1,1,0
336,547,3,3,0
338,547,1,4,3
342,547,1,1,0
342,548,5,5,0
336,549,3,12,9
338,549,1,13,12
342,549,4,4,0
336,550,3,29,26
338,550,1,26,25
339,550,4,7,3
342,550,2,2,0
336,551,3,10,7
338,551,1,13,12
342,551,5,6,1
1786,832,8,8,0
1789,832,6,9,3
1790,832,6,6,0
1794,832,1,4,3
1798,832,2,11,9
1784,833,4,5,1
1785,833,6,6,0
1790,833,6,6,0
1791,833,6,6,0
1792,833,2,5,3
1795,833,4,8,4
1798,833,3,5,2
1784,834,3,4,1
1785,834,1,2,1
1786,834,3,3,0
1787,834,4,4,0
1792,834,9,9,0
1795,834,5,6,1
1798,834,3,3,0
1786,835,1,4,3
1787,835,13,13,0
1788,835,5,5,0
1792,835,12,40,28
1793,835,1,1,0
1795,835,1,1,0
1798,835,2,2,0
1784,836,8,8,0
1791,836,11,137,126
1795,836,4,4,0
1784,837,3,3,0
1789,837,1,8,7
1790,837,1,60,59
1791,837,3,115,112
1798,837,2,2,0
1786,838,2,2,0
1787,838,5,5,0
1798,838,5,5,0
1784,839,3,5,2
1789,839,2,2,0
1790,839,4,4,0
1794,839,4,4,0
1795,839,5,7,2
1798,839,3,3,0
1784,840,6,6,0
1785,840,3,3,0
1792,840,4,6,2
1793,840,8,8,0
1794,840,2,4,2
1798,840,1,1,0
1795,841,5,6,1
1796,841,7,7,0
1797,841,2,2,0
1790,842,1,20,19
1791,842,1,60,59
1797,842,1,1,0
1798,842,1,1,0
1799,842,5,5,0
1784,843,1,3,2
1789,843,3,12,9
1790,843,5,72,67
1791,843,7,142,135
1792,843,8,179,171
1798,843,3,4,1
1799,843,5,5,0
1784,844,3,5,2
1789,844,7,15,8
1790,844,12,79,67
1791,844,16,151,135
1796,844,9,9,0
1797,844,2,7,5
1790,845,16,34,18
1791,845,21,78,57
1792,845,3,24,21
1795,845,3,7,4
1796,845,6,7,1
1791,846,9,10,1
1798,846,1,1,0
1799,846,6,6,0
1785,847,1,1,0
1786,847,1,1,0
1787,847,3,3,0
1788,847,3,5,2
1793,847,1,1,0
1796,847,2,3,1
1797,847,10,12,2
1798,847,5,5,0
1785,848,10,10,0
1786,848,5,5,0
1789,848,8,8,0
1796,848,3,3,0
1797,848,2,2,0
1785,849,4,4,0
1788,849,4,5,1
1790,849,1,3,2
1791,849,8,30,22
1792,849,15,42,27
1798,849,3,4,1
1799,849,4,4,0
1784,850,8,8,0
1787,850,4,7,3
1788,850,7,7,0
1791,850,21,63,42
1792,850,12,102,90
1798,850,3,4,1
1799,850,5,5,0
1784,851,6,6,0
1787,851,4,5,1
1788,851,6,6,0
1791,851,18,58,40
1798,851,2,2,0
1799,851,1,1,0
1785,852,2,2,0
1788,852,3,3,0
1791,852,5,23,18
1797,852,3,3,0
1798,852,2,2,0
1785,853,7,7,0
1788,853,1,1,0
1789,853,5,5,0
1785,854,7,8,1
1786,854,1,1,0
1789,854,4,5,1
1792,854,3,3,0
1793,854,4,5,1
1794,854,7,7,0
1795,854,6,6,0
1785,855,7,8,1
1788,855,3,3,0
1789,855,1,2,1
1791,855,9,9,0
1795,855,2,2,0
1798,855,2,2,0
1799,855,1,6,5
1784,856,7,7,0
1787,856,3,3,0
1790,856,2,2,0
1791,856,23,23,0
1792,856,71,71,0
1796,856,9,9,0
1797,856,1,6,5
1784,857,2,2,0
1787,857,6,6,0
1788,857,4,4,0
1790,857,10,10,0
1791,857,29,29,0
1792,857,64,129,65
1798,857,4,4,0
1799,857,5,9,4
1787,858,6,6,0
1788,858,5,5,0
1790,858,8,8,0
1791,858,23,23,0
1792,858,21,110,89
1784,859,2,2,0
1787,859,4,4,0
1788,859,1,1,0
1791,859,5,5,0
1797,859,3,3,0
1784,860,4,4,0
1785,860,2,2,0
1786,860,2,2,0
1787,860,3,3,0
1798,860,1,1,0
1799,860,6,11,5
1784,861,3,3,0
1785,861,2,2,0
1786,861,2,2,0
1787,861,3,3,0
1788,861,2,2,0
1789,861,1,1,0
1790,861,1,1,0
1791,861,2,2,0
1793,861,8,14,6
1799,861,1,1,0
1788,862,1,1,0
1789,862,4,4,0
1790,862,4,4,0
1791,862,4,4,0
1793,862,1,1,0
1797,862,2,2,0
1790,863,1,1,0
1792,863,17,72,55
1793,863,11,88,77
1792,864,8,74,66
1793,864,3,185,182
1795,864,7,100,93
1798,864,18,18,0
1792,865,10,85,75
1799,865,6,13,7
1792,866,2,14,12
1793,866,16,16,0
1797,866,1,4,3
1793,867,27,27,0
1795,867,3,13,10
1798,867,3,3,0
1792,868,1,1,0
1794,868,3,14,11
1797,868,9,9,0
1799,868,12,12,0
1795,869,23,23,0
1797,869,4,4,0
1799,869,1,9,8
1793,870,28,102,74
1795,870,14,87,73
1797,870,7,9,2
1792,871,80,96,16
1793,871,106,177,71
1794,871,8,255,247
1797,871,25,25,0
1799,871,2,8,6
1792,872,40,40,0
1793,872,81,146,65
1794,872,3,106,103
1797,873,2,6,4
1799,873,8,8,0
1792,874,12,12,0
1794,874,2,2,0
1796,874,10,17,7
1797,874,5,5,0
1799,874,1,1,0
1792,875,2,2,0
1796,875,6,6,0
1799,875,7,9,2
1793,876,30,30,0
1795,876,8,8,0
1799,876,8,8,0
1792,877,10,10,0
1793,877,107,110,3
1795,877,23,102,79
1797,877,1,1,0
1792,878,1,1,0
1793,878,75,121,46
1794,878,60,157,97
1792,879,42,57,15
1793,879,119,119,0
1794,879,95,174,79
1795,879,39,139,100
1797,879,15,15,0
1799,879,2,7,5
1792,880,6,6,0
1794,880,51,51,0
1795,880,43,67,24
1796,880,10,18,8
1798,880,4,4,0
1792,881,11,11,0
1794,881,19,19,0
1795,881,10,20,10
1798,881,7,7,0
1799,881,6,7,1
1798,882,6,6,0
1793,883,11,11,0
1794,883,12,12,0
1796,883,2,9,7
1793,884,65,65,0
1794,884,82,107,25
1799,884,2,5,3
1792,885,3,3,0
1793,885,92,97,5
1794,885,95,195,100
1799,885,3,3,0
1792,886,1,1,0
1793,886,43,51,8
1794,886,46,141,95
1795,886,2,168,166
1792,887,5,13,8
1795,887,30,35,5
1796,887,9,9,0
1798,887,3,3,0
1792,888,1,1,0
1797,888,1,3,2
1798,889,7,7,0
1795,890,25,34,9
1799,890,4,5,1
1792,891,8,8,0
1794,891,55,84,29
1793,892,21,21,0
1794,892,92,102,10
1795,892,98,218,120
1794,893,54,87,33
1799,893,3,3,0
1793,894,2,2,0
1794,894,3,3,0
1799,894,3,8,5
1793,895,3,7,4
1794,895,6,6,0
1797,895,7,7,0
1798,895,2,2,0
1793,896,6,9,3
1798,896,4,5,1
1792,897,3,17,14
1796,897,8,14,6
1798,897,1,4,3
1799,897,9,11,2
1792,898,2,3,1
1794,898,7,7,0
1795,898,58,116,58
1799,898,6,6,0
1792,899,3,7,4
1794,899,85,107,22
1795,899,78,192,114
1796,899,9,209,200
1793,900,15,15,0
1794,900,47,55,8
1795,900,100,161,61
1792,901,1,1,0
1794,901,17,17,0
1795,901,6,6,0
1799,901,1,1,0
1792,902,4,4,0
1793,902,3,13,10
1795,902,9,9,0
1797,902,12,12,0
1799,902,11,11,0
1793,903,1,1,0
1794,903,1,1,0
1795,903,1,1,0
1796,903,11,11,0
1798,903,8,8,0
1792,904,11,14,3
1796,904,9,9,0
1799,904,3,3,0
1793,905,4,4,0
1794,905,11,11,0
1795,905,84,84,0
1796,905,18,74,56
1792,906,1,2,1
1794,906,28,28,0
1795,906,45,79,34
1796,906,35,125,90
1794,907,31,50,19
1795,907,91,91,0
1796,907,77,159,82
1794,908,2,2,0
1795,908,54,63,9
1796,908,64,64,0
1797,908,37,77,40
1798,908,13,17,4
1797,909,1,1,0
1794,910,25,25,0
1796,910,30,30,0
1798,910,9,9,0
1793,911,4,4,0
1795,911,6,6,0
1797,911,4,4,0
1799,911,3,6,3
1792,912,2,2,0
1795,912,59,67,8
1796,912,45,65,20
1797,912,4,77,73
1795,913,127,127,0
1796,913,80,188,108
1797,913,32,217,185
1794,914,5,5,0
1795,914,79,79,0
1796,914,80,122,42
1797,914,27,165,138
1798,915,4,8,4
1793,916,2,2,0
1795,916,10,10,0
1797,916,6,6,0
1799,916,1,1,0
1792,917,3,3,0
1795,917,6,6,0
1799,917,4,4,0
1792,918,5,5,0
1798,918,7,7,0
1794,919,2,2,0
1795,919,11,11,0
1796,919,44,57,13
1797,919,80,84,4
1798,919,16,52,36
1793,920,2,7,5
1795,920,32,32,0
1796,920,96,99,3
1797,920,111,181,70
1796,921,87,87,0
1797,921,12,104,92
1792,922,5,6,1
1793,922,3,3,0
1795,922,4,4,0
1796,922,17,21,4
1793,923,4,7,3
1795,923,14,14,0
1797,923,7,7,0
1796,924,13,13,0
1799,924,7,7,0
1796,925,4,4,0
1797,925,1,2,1
1795,926,12,12,0
1797,926,68,68,0
1798,926,40,40,0
1796,927,73,73,0
1797,927,76,120,44
1798,927,46,132,86
1794,928,10,10,0
1795,928,7,7,0
1796,928,69,69,0
1797,928,154,179,25
1798,928,2,104,102
1796,929,21,21,0
1797,929,57,57,0
1798,929,15,28,13
1792,930,1,3,2
1793,930,11,11,0
1794,930,7,7,0
1796,930,16,16,0
1798,930,13,13,0
1794,931,5,5,0
1795,931,6,6,0
1796,931,6,7,1
1798,931,1,10,9
1792,932,3,3,0
1795,932,7,12,5
1797,932,8,8,0
1792,933,12,12,0
1795,933,4,11,7
1797,933,47,47,0
1798,933,9,28,19
1796,934,7,7,0
1797,934,71,77,6
1798,934,49,111,62
1793,935,18,18,0
1796,935,53,53,0
1797,935,112,112,0
1798,935,151,205,54
1796,936,4,4,0
1797,936,36,36,0
1798,936,38,48,10
1792,937,6,6,0
1797,937,3,3,0
1798,937,14,14,0
1800,937,7,7,0
1801,937,4,4,0
1792,938,4,4,0
1794,938,1,1,0
1795,938,7,9,2
1805,938,1,1,0
1794,939,4,4,0
1795,939,9,10,1
1797,939,2,2,0
1798,939,4,4,0
1803,939,3,3,0
1804,939,8,8,0
1805,939,4,4,0
1793,940,1,1,0
1794,940,4,4,0
1796,940,1,1,0
1797,940,35,35,0
1798,940,41,47,6
1803,940,2,2,0
1804,940,7,7,0
1793,941,5,5,0
1794,941,1,1,0
1796,941,8,9,1
1797,941,72,73,1
1798,941,75,108,33
1799,941,3,90,87
1807,941,8,8,0
1796,942,5,11,6
1797,942,63,68,5
1798,942,69,109,40
1799,942,7,105,98
1807,942,2,6,4
1792,943,2,2,0
1797,943,24,24,0
1798,943,28,51,23
1804,943,1,5,4
1797,944,5,5,0
1798,944,5,5,0
1806,944,7,8,1
1792,945,6,6,0
1795,945,7,7,0
1797,945,3,7,4
1798,945,12,12,0
1799,945,6,6,0
1800,945,4,4,0
1801,945,6,6,0
1802,945,14,14,0
1803,945,8,8,0
1805,945,1,1,0
1806,945,2,4,2
1792,946,10,10,0
1795,946,12,12,0
1805,946,1,1,0
1806,946,6,6,0
1792,947,3,3,0
1794,947,1,3,2
1795,947,7,7,0
1798,947,5,10,5
1800,947,4,11,7
1806,947,3,6,3
1807,947,1,2,1
1794,948,5,5,0
1796,948,2,4,2
1797,948,49,49,0
1798,948,84,94,10
1799,948,49,101,52
1803,948,9,9,0
1804,948,6,6,0
1807,948,3,3,0
1793,949,3,3,0
1794,949,5,5,0
1797,949,75,75,0
1798,949,127,135,8
1799,949,85,145,60
1804,949,1,4,3
1807,949,1,1,0
1792,950,2,3,1
1793,950,2,3,1
1794,950,4,4,0
1797,950,39,39,0
1798,950,76,76,0
1799,950,47,78,31
1794,951,2,2,0
1795,951,6,6,0
1798,951,3,3,0
1801,951,2,2,0
1802,951,9,9,0
1803,951,2,3,1
1805,951,5,5,0
1806,951,11,11,0
1792,952,1,1,0
1793,952,7,7,0
1796,952,2,2,0
1798,952,11,11,0
1799,952,4,4,0
1801,952,4,5,1
1802,952,6,9,3
1804,952,1,3,2
1805,952,2,5,3
1793,953,6,6,0
1795,953,5,5,0
1796,953,6,6,0
1798,953,4,4,0
1807,953,2,2,0
1792,954,1,1,0
1793,954,9,9,0
1795,954,1,1,0
1798,954,10,10,0
1799,954,6,6,0
1800,954,13,13,0
1807,954,2,6,4
1793,955,9,9,0
1797,955,7,7,0
1798,955,55,55,0
1799,955,77,77,0
1800,955,9,54,45
1804,955,1,6,5
1793,956,6,6,0
1797,956,23,23,0
1798,956,91,91,0
1799,956,128,128,0
1804,956,3,9,6
1805,956,2,4,2
1793,957,9,9,0
1794,957,2,2,0
1795,957,3,3,0
1797,957,4,4,0
1798,957,54,54,0
1799,957,78,78,0
1804,957,5,5,0
1805,957,6,6,0
1793,958,10,10,0
1795,958,3,3,0
1798,958,6,6,0
1799,958,6,6,0
1800,958,11,17,6
1805,958,3,3,0
1793,959,3,3,0
1795,959,3,3,0
1796,959,8,8,0
1798,959,7,7,0
1802,959,3,5,2
1796,960,6,6,0
1797,960,9,9,0
1798,960,4,4,0
1800,960,3,5,2
1801,960,6,6,0
1802,960,1,1,0
1805,960,1,1,0
1806,960,3,3,0
1792,961,6,6,0
1793,961,1,1,0
1803,961,7,7,0
1804,961,3,9,6
1792,962,5,5,0
1795,962,3,3,0
1798,962,26,26,0
1799,962,65,65,0
1800,962,75,75,0
1804,962,4,4,0
1805,962,1,3,2
1807,962,2,3,1
1792,963,3,3,0
1795,963,3,3,0
1797,963,9,9,0
1798,963,66,66,0
1799,963,132,132,0
1800,963,96,169,73
1805,963,4,4,0
1806,963,3,3,0
1807,963,1,3,2
1792,964,5,5,0
1795,964,3,3,0
1798,964,44,44,0
1799,964,106,106,0
1800,964,28,106,78
1805,964,4,6,2
1794,965,2,2,0
1795,965,8,8,0
1798,965,7,7,0
1799,965,40,40,0
1800,965,6,6,0
1803,965,7,7,0
1804,965,4,4,0
1794,966,1,1,0
1795,966,8,8,0
1796,966,6,6,0
1799,966,4,4,0
1802,966,1,4,3
1807,966,6,9,3
1792,967,2,2,0
1796,967,2,2,0
1797,967,3,3,0
1800,967,3,4,1
1801,967,5,5,0
1802,967,2,2,0
1805,967,6,6,0
1806,967,3,3,0
1792,968,1,1,0
1795,968,3,3,0
1796,968,2,2,0
1799,968,9,9,0
1801,968,9,12,3
1804,968,1,5,4
1792,969,2,2,0
1795,969,3,3,0
1797,969,2,2,0
1798,969,30,30,0
1799,969,64,64,0
1800,969,35,51,16
1804,969,2,2,0
1806,969,1,1,0
1792,970,3,3,0
1795,970,5,5,0
1797,970,5,5,0
1798,970,56,56,0
1799,970,116,116,0
1800,970,119,119,0
1801,970,8,91,83
1792,971,5,5,0
1795,971,7,7,0
1797,971,1,1,0
1798,971,50,50,0
1799,971,112,112,0
1800,971,101,131,30
1792,972,6,6,0
1795,972,8,8,0
1796,972,2,2,0
1798,972,19,19,0
1799,972,60,60,0
1800,972,59,75,16
1804,972,4,4,0
1806,972,3,3,0
1792,973,5,5,0
1795,973,5,5,0
1796,973,2,2,0
1799,973,8,8,0
1800,973,7,7,0
1801,973,17,17,0
1804,973,2,2,0
1806,973,1,1,0
1792,974,3,3,0
1793,974,1,1,0
1807,974,1,1,0
1792,975,2,2,0
1793,975,4,4,0
1797,975,8,8,0
1798,975,8,8,0
1801,975,2,16,14
1804,975,6,6,0
1793,976,10,10,0
1796,976,8,8,0
1799,976,78,78,0
1800,976,80,80,0
1801,976,16,52,36
1807,976,2,2,0
1793,977,8,8,0
1796,977,12,12,0
1798,977,11,11,0
1799,977,82,82,0
1800,977,119,150,31
1801,977,48,123,75
1806,977,3,3,0
1807,977,9,9,0
1792,978,1,1,0
1793,978,6,6,0
1796,978,11,11,0
1798,978,11,11,0
1799,978,66,66,0
1800,978,105,125,20
1801,978,65,119,54
1792,979,4,4,0
1793,979,3,3,0
1796,979,6,6,0
1799,979,30,30,0
1800,979,47,47,0
1801,979,52,55,3
1792,980,2,2,0
1796,980,3,3,0
1799,980,2,2,0
1800,980,13,17,4
1801,980,17,17,0
1807,980,8,12,4
1795,981,4,4,0
1796,981,4,4,0
1797,981,1,1,0
1804,981,11,11,0
1807,981,5,5,0
1792,982,2,2,0
1794,982,2,2,0
1795,982,4,4,0
1797,982,3,3,0
1798,982,6,6,0
1801,982,6,6,0
1804,982,11,11,0
1805,982,5,6,1
1792,983,5,5,0
1794,983,3,3,0
1795,983,1,1,0
1798,983,6,6,0
1800,983,45,52,7
1801,983,42,56,14
1805,983,9,9,0
1806,983,7,7,0
1807,983,2,2,0
1792,984,1,1,0
1793,984,6,6,0
1794,984,2,2,0
1798,984,17,17,0
1799,984,63,63,0
1800,984,73,79,6
1801,984,78,118,40
1807,984,2,8,6
1793,985,1,1,0
1796,985,1,1,0
1798,985,15,15,0
1799,985,54,54,0
1800,985,144,150,6
1801,985,92,137,45
1793,986,1,1,0
1796,986,5,5,0
1798,986,6,6,0
1799,986,34,34,0
1800,986,94,94,0
1801,986,44,68,24
1806,986,4,4,0
1792,987,3,3,0
1793,987,6,6,0
1796,987,7,7,0
1799,987,9,9,0
1803,987,3,3,0
1805,987,2,2,0
1806,987,5,5,0
1792,988,3,3,0
1793,988,6,6,0
1796,988,8,8,0
1803,988,5,6,1
1807,988,2,5,3
1793,989,3,3,0
1796,989,7,7,0
1797,989,2,2,0
1800,989,2,3,1
1801,989,3,4,1
1805,989,1,1,0
1793,990,3,3,0
1796,990,4,4,0
1797,990,2,2,0
1799,990,4,4,0
1801,990,21,21,0
1802,990,3,8,5
1805,990,6,7,1
1793,991,8,8,0
1794,991,1,1,0
1796,991,1,1,0
1799,991,4,4,0
1800,991,47,47,0
1801,991,69,77,8
1802,991,4,46,42
1807,991,10,13,3
1800,992,78,78,0
1801,992,102,119,17
1802,992,40,85,45
1806,992,2,2,0
1800,993,41,47,6
1801,993,80,80,0
1802,993,10,58,48
1800,994,1,1,0
1801,994,19,19,0
1802,994,12,13,1
1807,994,4,4,0
1804,995,5,5,0
1800,996,4,7,3
1803,996,3,3,0
1805,996,1,1,0
1800,997,4,4,0
1801,997,3,3,0
1802,997,11,11,0
1803,997,4,5,1
1806,997,4,4,0
1800,998,26,26,0
1801,998,34,49,15
1802,998,58,68,10
1806,998,8,12,4
1800,999,80,83,3
1801,999,124,124,0
1802,999,90,145,55
1803,999,17,81,64
1800,1000,83,83,0
1801,1000,101,108,7
1802,1000,99,104,5
1801,1001,28,31,3
1802,1001,36,36,0
1803,1001,5,14,9
1806,1001,7,7,0
1807,1001,6,6,0
1801,1002,1,1,0
1802,1002,3,3,0
1805,1002,4,4,0
1806,1002,4,5,1
1800,1003,7,7,0
1801,1003,4,4,0
1805,1003,5,6,1
1802,1004,1,1,0
1806,1004,6,6,0
1807,1004,1,1,0
1800,1005,25,29,4
1801,1005,50,51,1
1802,1005,53,53,0
1803,1005,5,25,20
1800,1006,59,59,0
1801,1006,107,107,0
1802,1006,104,118,14
1803,1006,16,65,49
1800,1007,27,36,9
1801,1007,105,105,0
1802,1007,110,132,22
1803,1007,35,74,39
1807,1007,4,4,0
1801,1008,40,40,0
1802,1008,57,57,0
1803,1008,6,32,26
1807,1008,6,6,0
1802,1009,5,12,7
1800,1010,6,6,0
1803,1010,5,5,0
1804,1010,9,9,0
1805,1010,3,3,0
1806,1010,2,2,0
1807,1010,3,8,5
1802,1011,1,1,0
1803,1011,4,4,0
1807,1011,4,4,0
1800,1012,11,12,1
1801,1012,34,42,8
1802,1012,54,55,1
1803,1012,27,33,6
1800,1013,50,50,0
1801,1013,91,94,3
1802,1013,105,112,7
1803,1013,33,74,41
1807,1013,1,4,3
1800,1014,34,34,0
1801,1014,67,67,0
1802,1014,84,85,1
1803,1014,24,62,38
1800,1015,9,9,0
1801,1015,12,24,12
1802,1015,42,42,0
1803,1015,42,42,0
1801,1016,6,6,0
1803,1016,3,3,0
1805,1016,7,7,0
1806,1016,2,2,0
1802,1017,12,12,0
1804,1017,12,12,0
1806,1017,4,4,0
1807,1017,1,1,0
1801,1018,1,5,4
1803,1018,16,16,0
1807,1018,4,4,0
1800,1019,7,7,0
1801,1019,1,6,5
1802,1019,30,32,2
1801,1020,62,65,3
1802,1020,66,66,0
1803,1020,53,61,8
1801,1021,66,66,0
1802,1021,135,135,0
1803,1021,53,65,12
1801,1022,48,48,0
1802,1022,65,65,0
1803,1022,56,63,7
1800,1023,8,8,0
1804,1023,7,7,0
1804,1024,1,2,1
1805,1024,4,8,4
1800,1025,6,6,0
1802,1025,2,2,0
1804,1025,10,10,0
1806,1025,6,6,0
1801,1026,1,9,8
1803,1026,36,36,0
1807,1026,9,9,0
1800,1027,8,8,0
1801,1027,10,10,0
1802,1027,59,68,9
1803,1027,52,60,8
1804,1027,24,70,46
1801,1028,44,44,0
1802,1028,64,69,5
1803,1028,126,128,2
1804,1028,15,59,44
1801,1029,13,13,0
1802,1029,72,72,0
1803,1029,52,63,11
1804,1029,11,65,54
1802,1030,5,5,0
1803,1030,29,30,1
1800,1031,6,6,0
1804,1031,4,4,0
1805,1031,1,3,2
1806,1031,6,6,0
1800,1032,4,4,0
1805,1032,2,2,0
1802,1033,4,4,0
1803,1033,9,9,0
1804,1033,7,7,0
1807,1033,7,7,0
1802,1034,27,27,0
1803,1034,46,46,0
1804,1034,16,33,17
1800,1035,3,3,0
1801,1035,18,21,3
1802,1035,61,61,0
1803,1035,91,91,0
1804,1035,37,70,33
1800,1036,9,9,0
1801,1036,20,26,6
1802,1036,63,66,3
1803,1036,97,97,0
1804,1036,61,75,14
1801,1037,1,7,6
1802,1037,26,28,2
1803,1037,47,47,0
1804,1037,34,34,0
1803,1038,3,3,0
1804,1038,1,1,0
1807,1038,1,1,0
1800,1039,2,7,5
1801,1039,2,4,2
1806,1039,4,5,1
1807,1039,3,3,0
1800,1040,7,7,0
1805,1040,5,5,0
1806,1040,4,4,0
1801,1041,7,7,0
1802,1041,40,40,0
1803,1041,65,68,3
1804,1041,41,51,10
1801,1042,14,14,0
1802,1042,76,77,1
1803,1042,138,138,0
1804,1042,118,118,0
1800,1043,2,3,1
1801,1043,7,7,0
1802,1043,53,57,4
1803,1043,118,124,6
1804,1043,120,126,6
1802,1044,6,13,7
1803,1044,43,51,8
1804,1044,61,61,0
1803,1045,2,2,0
1800,1046,2,2,0
1801,1046,2,2,0
1802,1046,3,3,0
1807,1046,3,7,4
1800,1047,1,5,4
1803,1047,6,6,0
1804,1047,8,11,3
1805,1047,3,3,0
1800,1048,6,6,0
1802,1048,7,8,1
1803,1048,27,28,1
1804,1048,13,13,0
1801,1049,2,2,0
1802,1049,42,45,3
1803,1049,82,84,2
1804,1049,69,69,0
1805,1049,23,32,9
1801,1050,8,8,0
1802,1050,57,60,3
1803,1050,102,104,2
1804,1050,91,91,0
1805,1050,33,49,16
1800,1051,3,3,0
1801,1051,2,2,0
1802,1051,30,31,1
1803,1051,58,58,0
1804,1051,46,46,0
1805,1051,16,23,7
1800,1052,7,9,2
1802,1052,2,2,0
1803,1052,10,12,2
1804,1052,2,3,1
1806,1052,4,5,1
1800,1053,2,5,3
1803,1053,4,8,4
1806,1053,4,4,0
1807,1053,1,1,0
1802,1054,1,1,0
1803,1054,11,12,1
1804,1054,3,5,2
1805,1054,3,3,0
1806,1054,5,5,0
1803,1055,2,2,0
1800,1056,11,11,0
1801,1056,2,2,0
1803,1056,69,74,5
1804,1056,61,61,0
1805,1056,51,51,0
1802,1057,26,26,0
1803,1057,69,69,0
1804,1057,113,113,0
1805,1057,52,63,11
1800,1058,4,4,0
1801,1058,15,15,0
1803,1058,76,78,2
1804,1058,55,55,0
1805,1058,77,82,5
1800,1059,2,2,0
1804,1059,6,9,3
1805,1059,9,9,0
1802,1060,3,3,0
1806,1060,3,3,0
1807,1060,8,8,0
1801,1061,20,20,0
1803,1061,24,24,0
1805,1061,14,14,0
1807,1061,21,21,0
1800,1062,3,3,0
1804,1062,25,25,0
1802,1063,6,10,4
1803,1063,94,94,0
1804,1063,99,99,0
1805,1063,78,102,24
1800,1064,2,3,1
1802,1064,10,11,1
1803,1064,107,107,0
1804,1064,108,108,0
1805,1064,123,132,9
1800,1065,10,10,0
1802,1065,93,93,0
1803,1065,112,116,4
1804,1065,212,213,1
1805,1065,116,136,20
1806,1065,27,114,87
1801,1066,2,2,0
1802,1066,11,11,0
1803,1066,95,99,4
1804,1066,81,81,0
1805,1066,99,103,4
1800,1067,5,12,7
1803,1067,4,6,2
1805,1067,8,8,0
1800,1068,10,12,2
1802,1068,15,15,0
1804,1068,11,17,6
1806,1068,9,9,0
1807,1068,7,7,0
1801,1069,7,7,0
1803,1069,6,11,5
1805,1069,8,9,1
1807,1069,5,6,1
1800,1070,2,6,4
1801,1070,9,9,0
1803,1070,8,8,0
1804,1070,38,38,0
1805,1070,27,27,0
1801,1071,4,4,0
1802,1071,2,2,0
1803,1071,26,26,0
1804,1071,79,79,0
1805,1071,58,64,6
1801,1072,4,4,0
1802,1072,1,1,0
1803,1072,15,17,2
1804,1072,56,56,0
1805,1072,62,62,0
1806,1072,18,29,11
1800,1073,2,3,1
1801,1073,5,5,0
1804,1073,23,23,0
1805,1073,30,30,0
1806,1073,8,11,3
1801,1074,6,6,0
1805,1074,4,4,0
1801,1075,6,6,0
1802,1075,2,2,0
1801,1076,4,4,0
1802,1076,2,2,0
1803,1076,1,2,1
1804,1076,8,11,3
1805,1076,4,4,0
1801,1077,1,1,0
1804,1077,20,21,1
1805,1077,15,15,0
1800,1078,2,3,1
1803,1078,15,18,3
1804,1078,53,53,0
1805,1078,47,47,0
1806,1078,12,15,3
1803,1079,41,43,2
1804,1079,92,92,0
1805,1079,83,83,0
1806,1079,23,34,11
1800,1080,3,5,2
1803,1080,23,25,2
1804,1080,54,54,0
1805,1080,53,53,0
1806,1080,21,22,1
1800,1081,1,2,1
1801,1081,1,4,3
1802,1081,3,6,3
1803,1081,1,2,1
1803,1083,1,2,1
1804,1083,11,11,0
1805,1083,16,16,0
1806,1083,6,8,2
1801,1084,3,4,1
1802,1084,3,5,2
1803,1085,5,6,1
1804,1085,24,24,0
1805,1085,37,37,0
1806,1085,20,23,3
1800,1086,4,4,0
1803,1086,13,14,1
1804,1086,57,57,0
1805,1086,77,78,1
1806,1086,40,44,4
1800,1087,7,7,0
1801,1087,5,5,0
1804,1087,19,19,0
1805,1087,39,40,1
1806,1087,29,33,4
1807,1087,3,10,7
1802,1088,8,8,0
1803,1088,5,5,0
1804,1088,18,18,0
1805,1088,31,32,1
1806,1088,4,9,5
1802,1089,6,6,0
1805,1089,8,8,0
1802,1090,10,10,0
1805,1090,4,4,0
1807,1090,3,3,0
1800,1091,1,1,0
1802,1091,10,10,0
1805,1091,9,9,0
1807,1091,3,3,0
1800,1092,1,2,1
1802,1092,4,4,0
1804,1092,9,9,0
1805,1092,22,24,2
1802,1093,6,6,0
1803,1093,14,14,0
1804,1093,42,42,0
1805,1093,63,66,3
1806,1093,35,43,8
1807,1093,20,31,11
1800,1094,4,4,0
1802,1094,8,8,0
1803,1094,20,20,0
1804,1094,51,51,0
1805,1094,76,78,2
1806,1094,52,56,4
1807,1094,38,43,5
1800,1095,7,7,0
1802,1095,2,2,0
1803,1095,3,3,0
1804,1095,23,23,0
1805,1095,41,41,0
1806,1095,15,15,0
1807,1095,1,1,0
1801,1096,1,1,0
1802,1096,4,4,0
1806,1096,3,3,0
1807,1096,2,2,0
1803,1097,2,2,0
1807,1097,4,4,0
1800,1098,2,2,0
1804,1098,2,2,0
1805,1098,1,1,0
1800,1099,3,3,0
1801,1099,3,3,0
1804,1099,10,10,0
1805,1099,28,28,0
1806,1099,21,21,0
1800,1100,1,1,0
1801,1100,10,10,0
1802,1100,1,1,0
1804,1100,23,23,0
1805,1100,67,67,0
1806,1100,58,58,0
1807,1100,14,14,0
1801,1101,10,10,0
1802,1101,3,3,0
1804,1101,30,30,0
1805,1101,79,79,0
1806,1101,72,72,0
1807,1101,27,27,0
1801,1102,3,3,0
1804,1102,19,19,0
1805,1102,44,44,0
1806,1102,40,40,0
1807,1102,19,19,0
1800,1103,2,2,0
1804,1103,2,2,0
1805,1104,2,2,0
1806,1104,2,2,0
1809,1104,1,1,0
1810,1104,1,1,0
1803,1105,2,2,0
1804,1105,3,3,0
1805,1105,1,1,0
1807,1105,2,2,0
1808,1105,1,1,0
1809,1105,1,1,0
1810,1105,1,1,0
1800,1106,3,3,0
1803,1106,3,3,0
1804,1106,7,7,0
1805,1106,3,3,0
1808,1106,1,1,0
1801,1107,2,2,0
1803,1107,3,3,0
1804,1107,22,22,0
1805,1107,40,40,0
1806,1107,30,30,0
1807,1107,7,7,0
1801,1108,4,4,0
1802,1108,3,3,0
1803,1108,2,2,0
1804,1108,39,39,0
1805,1108,85,85,0
1806,1108,76,76,0
1807,1108,32,32,0
1801,1109,8,8,0
1802,1109,4,4,0
1804,1109,27,27,0
1805,1109,72,72,0
1806,1109,63,63,0
1807,1109,17,17,0
1801,1110,6,6,0
1802,1110,1,1,0
1804,1110,5,5,0
1805,1110,22,22,0
1806,1110,15,15,0
1803,1111,3,3,0
1804,1111,1,1,0
1807,1111,4,4,0
1809,1111,1,1,0
1810,1111,1,1,0
1801,1112,1,1,0
1804,1112,5,5,0
1805,1112,2,2,0
1807,1112,4,4,0
1800,1113,2,2,0
1801,1113,2,2,0
1802,1114,3,3,0
1803,1114,3,3,0
1804,1114,1,1,0
1805,1114,29,29,0
1806,1114,41,41,0
1807,1114,12,12,0
1802,1115,7,7,0
1803,1115,12,12,0
1804,1115,12,12,0
1805,1115,59,59,0
1806,1115,82,82,0
1807,1115,41,41,0
1800,1116,4,4,0
1802,1116,7,7,0
1803,1116,8,8,0
1804,1116,2,2,0
1805,1116,43,43,0
1806,1116,63,63,0
1807,1116,20,20,0
1800,1117,4,4,0
1802,1117,4,4,0
1805,1117,18,18,0
1806,1117,28,28,0
1802,1118,1,1,0
1805,1118,8,8,0
1806,1118,8,8,0
1801,1119,5,5,0
1802,1119,1,1,0
1804,1119,3,3,0
1801,1120,4,4,0
1802,1120,6,6,0
1805,1120,1,1,0
1806,1120,3,3,0
1809,1120,2,2,0
1805,1121,5,5,0
1806,1121,10,10,0
1807,1121,8,8,0
1808,1121,2,2,0
1800,1122,4,4,0
1801,1122,3,3,0
1804,1122,8,8,0
1805,1122,25,25,0
1806,1122,34,34,0
1807,1122,33,33,0
1808,1122,1,2,1
1800,1123,5,5,0
1801,1123,3,3,0
1803,1123,2,2,0
1804,1123,19,19,0
1805,1123,39,39,0
1806,1123,47,47,0
1807,1123,44,44,0
1804,1124,11,11,0
1805,1124,26,26,0
1806,1124,28,28,0
1807,1124,21,21,0
1804,1125,3,3,0
1805,1125,9,9,0
1806,1125,6,6,0
1808,1125,2,2,0
1809,1125,2,2,0
1801,1126,4,4,0
1802,1126,5,5,0
1803,1126,1,1,0
1805,1126,3,3,0
1806,1126,1,1,0
1808,1126,2,2,0
1809,1126,2,2,0
1802,1127,2,2,0
1806,1127,3,3,0
1807,1127,1,1,0
1800,1128,2,2,0
1801,1128,2,2,0
1802,1128,2,2,0
1803,1128,2,2,0
1804,1128,2,2,0
1805,1128,2,2,0
1806,1128,2,2,0
1807,1128,2,2,0
1808,1128,5,6,1
1802,1129,1,1,0
1803,1129,4,4,0
1804,1129,10,10,0
1805,1129,18,18,0
1806,1129,25,25,0
1807,1129,30,30,0
1808,1129,3,5,2
1803,1130,3,3,0
1804,1130,12,12,0
1805,1130,26,26,0
1806,1130,39,39,0
1807,1130,47,47,0
1808,1130,5,5,0
1800,1131,2,2,0
1803,1131,1,1,0
1804,1131,7,7,0
1805,1131,17,17,0
1806,1131,27,27,0
1807,1131,33,33,0
1808,1131,4,4,0
1814,1131,1,1,0
1800,1132,3,3,0
1801,1132,2,2,0
1802,1132,1,1,0
1803,1132,1,1,0
1804,1132,3,3,0
1805,1132,6,6,0
1806,1132,9,9,0
1807,1132,11,11,0
1808,1132,4,4,0
1809,1132,3,3,0
1810,1132,2,2,0
1813,1132,1,1,0
1814,1132,1,1,0
1800,1133,1,1,0
1801,1133,2,2,0
1802,1133,3,3,0
1803,1133,4,4,0
1804,1133,4,4,0
1805,1133,3,3,0
1806,1133,2,2,0
1807,1133,1,1,0
1809,1133,2,2,0
1810,1133,1,1,0
1814,1133,2,2,0
1815,1133,2,2,0
1802,1134,1,1,0
1803,1134,2,2,0
1804,1134,3,3,0
1805,1134,2,2,0
1806,1134,1,1,0
1809,1134,2,2,0
1814,1134,2,2,0
1815,1134,3,3,0
1808,1135,2,2,0
1809,1135,2,2,0
1810,1135,1,1,0
1813,1135,1,1,0
1814,1135,2,2,0
1800,1136,6,6,0
1801,1136,2,2,0
1802,1136,1,1,0
1805,1136,25,25,0
1806,1136,41,41,0
1807,1136,27,27,0
1808,1136,11,11,0
1809,1136,2,6,4
1813,1136,2,2,0
1814,1136,2,2,0
1802,1137,1,1,0
1803,1137,1,1,0
1804,1137,8,8,0
1805,1137,40,40,0
1806,1137,61,61,0
1807,1137,51,51,0
1808,1137,2,10,8
1814,1137,2,2,0
1815,1137,2,2,0
1800,1138,3,3,0
1802,1138,2,2,0
1804,1138,1,1,0
1805,1138,25,25,0
1806,1138,42,42,0
1807,1138,32,32,0
1814,1138,2,2,0
1800,1139,4,4,0
1802,1139,2,2,0
1805,1139,2,2,0
1806,1139,10,10,0
1808,1139,7,7,0
1809,1139,3,3,0
1812,1139,1,1,0
1813,1139,2,2,0
1802,1140,2,2,0
1803,1140,3,3,0
1806,1140,6,6,0
1808,1140,4,4,0
1809,1140,2,2,0
1814,1140,1,1,0
1802,1141,3,3,0
1803,1141,5,5,0
1806,1141,6,6,0
1809,1141,1,1,0
1813,1141,3,3,0
1814,1141,1,1,0
1800,1142,5,5,0
1802,1142,2,2,0
1803,1142,3,3,0
1806,1142,10,10,0
1807,1142,9,9,0
1808,1142,1,1,0
1812,1142,3,3,0
1813,1142,3,3,0
1800,1143,6,6,0
1803,1143,3,3,0
1805,1143,9,9,0
1806,1143,31,31,0
1807,1143,37,37,0
1814,1143,1,1,0
1801,1144,2,2,0
1802,1144,3,3,0
1804,1144,3,3,0
1805,1144,27,27,0
1806,1144,66,66,0
1807,1144,98,98,0
1808,1144,20,20,0
1809,1144,2,10,8
1814,1144,1,1,0
1802,1145,1,1,0
1803,1145,1,1,0
1804,1145,7,7,0
1805,1145,30,30,0
1806,1145,65,65,0
1807,1145,92,92,0
1808,1145,12,13,1
1809,1145,3,7,4
1800,1146,2,2,0
1801,1146,2,2,0
1805,1146,12,12,0
1806,1146,30,30,0
1807,1146,45,45,0
1808,1146,5,5,0
1809,1146,3,3,0
1800,1147,3,3,0
1801,1147,2,2,0
1807,1147,1,1,0
1810,1147,2,2,0
1811,1147,1,1,0
1815,1147,1,1,0
1803,1148,2,2,0
1804,1148,3,3,0
1805,1148,2,2,0
1810,1148,2,2,0
1811,1148,1,1,0
1803,1149,2,2,0
1804,1149,2,2,0
1805,1149,1,1,0
1809,1149,2,2,0
1814,1149,1,1,0
1800,1150,1,1,0
1801,1150,1,1,0
1805,1150,4,4,0
1806,1150,13,13,0
1807,1150,21,21,0
1808,1150,11,11,0
1809,1150,5,5,0
1814,1150,3,3,0
1804,1151,6,6,0
1805,1151,22,22,0
1806,1151,45,45,0
1807,1151,63,63,0
1808,1151,15,16,1
1809,1151,3,7,4
1802,1152,1,1,0
1803,1152,3,3,0
1804,1152,2,2,0
1805,1152,12,12,0
1806,1152,44,44,0
1807,1152,77,77,0
1808,1152,29,29,0
1809,1152,5,12,7
1803,1153,1,1,0
1805,1153,1,1,0
1806,1153,22,22,0
1807,1153,45,45,0
1808,1153,12,12,0
1815,1153,2,2,0
1800,1154,2,2,0
1801,1154,1,1,0
1802,1154,1,1,0
1803,1154,1,1,0
1806,1154,2,2,0
1807,1154,13,13,0
1800,1155,2,2,0
1801,1155,2,2,0
1802,1155,2,2,0
1803,1155,3,3,0
1804,1155,2,2,0
1810,1155,1,2,1
1811,1155,6,6,0
1812,1155,3,3,0
1800,1156,1,1,0
1801,1156,2,2,0
1802,1156,2,2,0
1803,1156,2,2,0
1804,1156,3,3,0
1805,1156,3,3,0
1806,1156,1,1,0
1808,1156,2,2,0
1809,1156,1,1,0
1810,1156,3,3,0
1811,1156,3,7,4
1812,1156,1,4,3
1815,1156,1,3,2
1800,1157,1,1,0
1801,1157,3,3,0
1802,1157,1,1,0
1805,1157,7,7,0
1806,1157,12,12,0
1807,1157,12,12,0
1808,1157,3,4,1
1801,1158,3,3,0
1802,1158,1,1,0
1804,1158,1,1,0
1805,1158,19,19,0
1806,1158,37,37,0
1807,1158,45,45,0
1808,1158,12,17,5
1809,1158,5,5,0
1801,1159,2,2,0
1802,1159,1,1,0
1804,1159,6,6,0
1805,1159,34,34,0
1806,1159,62,62,0
1807,1159,76,76,0
1808,1159,34,34,0
1809,1159,17,17,0
1802,1160,3,3,0
1803,1160,2,2,0
1805,1160,4,4,0
1806,1160,28,28,0
1807,1160,54,54,0
1808,1160,22,22,0
1809,1160,10,10,0
1815,1160,4,4,0
1800,1161,2,2,0
1806,1161,5,5,0
1807,1161,17,17,0
1809,1161,2,2,0
1800,1162,3,3,0
1803,1162,1,1,0
1804,1162,5,5,0
1805,1162,2,2,0
1810,1162,2,2,0
1811,1162,5,5,0
1812,1162,3,3,0
1815,1162,2,5,3
1800,1163,4,4,0
1803,1163,4,4,0
1804,1163,6,6,0
1805,1163,1,1,0
1808,1163,1,1,0
1811,1163,6,9,3
1815,1163,7,7,0
1800,1164,3,3,0
1801,1164,2,2,0
1802,1164,2,2,0
1803,1164,1,1,0
1807,1164,8,8,0
1811,1164,2,3,1
1815,1164,1,1,0
1802,1165,1,1,0
1803,1165,1,1,0
1806,1165,21,21,0
1807,1165,47,47,0
1808,1165,14,14,0
1815,1165,1,1,0
1803,1166,1,1,0
1804,1166,1,1,0
1805,1166,12,12,0
1806,1166,42,42,0
1807,1166,72,72,0
1808,1166,33,33,0
1809,1166,14,16,2
1815,1166,2,2,0
1800,1167,6,6,0
1801,1167,3,3,0
1802,1167,1,1,0
1805,1167,3,3,0
1806,1167,29,29,0
1807,1167,56,56,0
1808,1167,37,38,1
1809,1167,16,16,0
1806,1168,12,12,0
1807,1168,30,30,0
1810,1168,5,5,0
1811,1168,1,1,0
1800,1169,2,2,0
1803,1169,2,2,0
1808,1169,1,1,0
1809,1169,4,6,2
1810,1169,5,5,0
1814,1169,1,1,0
1800,1170,1,1,0
1803,1170,6,6,0
1804,1170,6,6,0
1814,1170,1,1,0
1800,1171,1,1,0
1803,1171,4,4,0
1804,1171,3,3,0
1806,1171,2,2,0
1807,1171,10,10,0
1813,1171,4,4,0
1814,1171,2,2,0
1800,1172,5,5,0
1801,1172,4,4,0
1802,1172,3,3,0
1806,1172,11,11,0
1807,1172,34,34,0
1808,1172,23,23,0
1809,1172,12,13,1
1800,1173,1,1,0
1801,1173,2,2,0
1802,1173,3,3,0
1805,1173,8,8,0
1806,1173,42,42,0
1807,1173,76,76,0
1808,1173,60,62,2
1809,1173,25,37,12
1815,1173,2,3,1
1803,1174,1,1,0
1804,1174,5,5,0
1805,1174,21,21,0
1806,1174,55,55,0
1807,1174,86,86,0
1808,1174,61,61,0
1809,1174,33,33,0
1815,1174,1,1,0
1800,1175,7,7,0
1801,1175,1,1,0
1805,1175,7,7,0
1806,1175,29,29,0
1807,1175,51,51,0
1808,1175,28,32,4
1809,1175,10,10,0
1813,1175,4,6,2
1802,1176,1,1,0
1803,1176,5,5,0
1804,1176,2,2,0
1807,1176,8,8,0
1813,1176,1,1,0
1814,1176,1,2,1
1800,1177,2,2,0
1803,1177,4,4,0
1804,1177,2,2,0
1808,1177,5,5,0
1809,1177,5,7,2
1810,1177,5,9,4
1811,1177,2,7,5
1800,1178,3,3,0
1803,1178,2,2,0
1804,1178,1,1,0
1807,1178,3,3,0
1815,1178,2,2,0
1800,1179,1,1,0
1803,1179,1,1,0
1805,1179,2,2,0
1806,1179,18,18,0
1807,1179,36,36,0
1808,1179,6,9,3
1809,1179,1,1,0
1815,1179,2,2,0
1802,1180,3,3,0
1803,1180,1,1,0
1805,1180,7,7,0
1806,1180,41,41,0
1807,1180,74,74,0
1808,1180,54,62,8
1809,1180,38,38,0
1810,1180,3,9,6
1802,1181,4,4,0
1803,1181,1,1,0
1805,1181,7,7,0
1806,1181,42,42,0
1807,1181,77,77,0
1808,1181,71,72,1
1809,1181,44,44,0
1810,1181,1,13,12
1802,1182,2,2,0
1803,1182,2,2,0
1805,1182,1,1,0
1806,1182,19,19,0
1807,1182,39,39,0
1808,1182,28,28,0
1809,1182,15,15,0
1815,1182,1,1,0
1800,1183,3,3,0
1803,1183,3,3,0
1804,1183,1,1,0
1815,1183,3,3,0
1801,1184,3,3,0
1802,1184,3,3,0
1803,1184,1,1,0
1804,1184,3,3,0
1805,1184,8,8,0
1806,1184,4,4,0
1808,1184,4,4,0
1811,1184,4,5,1
1812,1184,4,4,0
1800,1185,2,2,0
1801,1185,3,3,0
1802,1185,3,3,0
1803,1185,1,1,0
1807,1185,3,3,0
1812,1185,2,3,1
1815,1185,1,1,0
1800,1186,4,4,0
1801,1186,1,1,0
1802,1186,2,2,0
1803,1186,4,4,0
1806,1186,10,10,0
1807,1186,34,34,0
1808,1186,13,16,3
1809,1186,3,3,0
1815,1186,1,1,0
1800,1187,4,4,0
1803,1187,6,6,0
1806,1187,33,33,0
1807,1187,77,77,0
1808,1187,46,46,0
1809,1187,24,24,0
1800,1188,4,4,0
1803,1188,3,3,0
1805,1188,5,5,0
1806,1188,44,44,0
1807,1188,91,91,0
1808,1188,60,60,0
1809,1188,35,35,0
1800,1189,4,4,0
1805,1189,2,2,0
1806,1189,31,31,0
1807,1189,63,63,0
1808,1189,42,43,1
1809,1189,22,22,0
1810,1189,3,3,0
1815,1189,2,3,1
1800,1190,3,3,0
1801,1190,2,2,0
1805,1190,2,2,0
1806,1190,11,11,0
1807,1190,19,19,0
1808,1190,13,14,1
1809,1190,4,4,0
1815,1190,4,4,0
1800,1191,1,1,0
1801,1191,4,4,0
1802,1191,4,4,0
1803,1191,1,1,0
1804,1191,2,2,0
1805,1191,6,6,0
1806,1191,1,1,0
1811,1191,3,4,1
1812,1191,4,4,0
1815,1191,2,4,2
1805,1192,4,4,0
1806,1192,1,1,0
1809,1192,7,7,0
1810,1192,7,8,1
1814,1192,2,2,0
1801,1193,1,1,0
1802,1193,3,3,0
1803,1193,3,3,0
1804,1193,1,1,0
1806,1193,1,1,0
1807,1193,3,3,0
1808,1193,6,6,0
1800,1194,2,2,0
1802,1194,2,2,0
1803,1194,6,6,0
1804,1194,1,1,0
1806,1194,18,18,0
1807,1194,43,43,0
1808,1194,55,60,5
1809,1194,25,25,0
1800,1195,4,4,0
1803,1195,3,3,0
1805,1195,2,2,0
1806,1195,39,39,0
1807,1195,85,85,0
1808,1195,92,96,4
1809,1195,46,46,0
1810,1195,3,4,1
1800,1196,2,2,0
1803,1196,5,5,0
1806,1196,33,33,0
1807,1196,76,76,0
1808,1196,60,60,0
1809,1196,22,22,0
1815,1196,11,11,0
1802,1197,4,4,0
1803,1197,9,9,0
1804,1197,2,2,0
1806,1197,7,7,0
1807,1197,28,28,0
1808,1197,16,16,0
1809,1197,3,3,0
1812,1197,3,6,3
1815,1197,1,4,3
1801,1198,1,1,0
1802,1198,4,4,0
1803,1198,4,4,0
1804,1198,1,1,0
1809,1198,1,5,4
1810,1198,2,8,6
1811,1198,5,8,3
1812,1198,5,5,0
1800,1199,1,1,0
1801,1199,2,2,0
1805,1199,7,7,0
1806,1199,10,10,0
1807,1199,6,6,0
1810,1199,1,1,0
1813,1199,1,1,0
1814,1199,4,4,0
1815,1199,2,2,0
1800,1200,5,5,0
1801,1200,1,1,0
1803,1200,3,3,0
1804,1200,2,2,0
1807,1200,2,2,0
1808,1200,7,7,0
1811,1200,7,7,0
1812,1200,4,7,3
1815,1200,4,4,0
1806,1201,16,16,0
1807,1201,37,37,0
1808,1201,33,33,0
1809,1201,5,8,3
1815,1201,4,5,1
1801,1202,1,1,0
1802,1202,4,4,0
1803,1202,1,1,0
1805,1202,7,7,0
1806,1202,43,43,0
1807,1202,79,79,0
1808,1202,79,81,2
1809,1202,42,42,0
1810,1202,7,7,0
1800,1203,1,1,0
1801,1203,3,3,0
1802,1203,5,5,0
1803,1203,2,2,0
1805,1203,9,9,0
1806,1203,44,44,0
1807,1203,78,78,0
1808,1203,78,82,4
1809,1203,46,47,1
1810,1203,12,12,0
1806,1204,16,16,0
1807,1204,35,35,0
1808,1204,28,28,0
1809,1204,9,12,3
1815,1204,3,3,0
1800,1205,4,4,0
1807,1205,3,3,0
1814,1205,1,1,0
1800,1206,6,6,0
1801,1206,2,2,0
1802,1206,2,2,0
1803,1206,5,5,0
1804,1206,4,4,0
1807,1206,2,2,0
1808,1206,4,4,0
1809,1206,5,5,0
1810,1206,3,5,2
1811,1206,2,4,2
1812,1206,3,3,0
1813,1206,1,1,0
1803,1207,2,2,0
1807,1207,7,7,0
1800,1208,1,1,0
1802,1208,1,1,0
1803,1208,8,8,0
1804,1208,1,1,0
1806,1208,4,4,0
1807,1208,27,27,0
1808,1208,43,45,2
1809,1208,14,14,0
1815,1208,7,7,0
1803,1209,1,1,0
1805,1209,2,2,0
1806,1209,34,34,0
1807,1209,72,72,0
1808,1209,84,85,1
1809,1209,42,48,6
1810,1209,9,14,5
1805,1210,6,6,0
1806,1210,44,44,0
1807,1210,85,85,0
1808,1210,66,66,0
1809,1210,26,36,10
1810,1210,1,7,6
1802,1211,5,5,0
1803,1211,6,6,0
1806,1211,17,17,0
1807,1211,40,40,0
1808,1211,13,13,0
1815,1211,2,2,0
1800,1212,1,1,0
1802,1212,2,2,0
1803,1212,5,5,0
1804,1212,2,2,0
1808,1212,2,2,0
1811,1212,4,4,0
1812,1212,4,7,3
1800,1213,4,4,0
1808,1213,3,6,3
1809,1213,4,4,0
1810,1213,3,3,0
1813,1213,1,1,0
1814,1213,2,2,0
1800,1214,2,2,0
1805,1214,4,4,0
1806,1214,7,7,0
1807,1214,8,8,0
1814,1214,4,4,0
1815,1214,7,7,0
1801,1215,2,2,0
1802,1215,6,6,0
1803,1215,3,3,0
1804,1215,1,1,0
1805,1215,3,3,0
1806,1215,8,8,0
1807,1215,10,10,0
1810,1215,5,6,1
1811,1215,3,3,0
1801,1216,2,2,0
1802,1216,4,4,0
1806,1216,14,14,0
1807,1216,39,39,0
1808,1216,54,57,3
1809,1216,15,21,6
1803,1217,2,2,0
1804,1217,1,1,0
1805,1217,6,6,0
1806,1217,27,27,0
1807,1217,49,49,0
1808,1217,80,80,0
1809,1217,40,42,2
1810,1217,9,9,0
1806,1218,9,9,0
1807,1218,23,23,0
1808,1218,49,51,2
1809,1218,22,24,2
1810,1218,2,2,0
1815,1218,6,10,4
1800,1219,9,9,0
1801,1219,3,3,0
1808,1219,1,3,2
1812,1219,2,2,0
1815,1219,5,5,0
1800,1220,5,5,0
1803,1220,3,3,0
1804,1220,5,5,0
1805,1220,3,3,0
1806,1220,4,4,0
1807,1220,9,9,0
1810,1220,4,4,0
1811,1220,8,9,1
1812,1220,5,6,1
1803,1221,2,2,0
1804,1221,4,4,0
1805,1221,1,1,0
1806,1221,3,3,0
1807,1221,9,9,0
1808,1221,5,5,0
1809,1221,4,5,1
1810,1221,4,4,0
1811,1221,2,2,0
1815,1221,3,3,0
1803,1222,1,1,0
1807,1222,4,4,0
1808,1222,7,8,1
1815,1222,5,5,0
1802,1223,2,2,0
1803,1223,6,6,0
1804,1223,3,3,0
1806,1223,8,8,0
1807,1223,19,19,0
1808,1223,21,21,0
1809,1223,14,18,4
1810,1223,9,11,2
1811,1223,4,4,0
1802,1224,1,1,0
1803,1224,1,1,0
1806,1224,24,24,0
1807,1224,51,51,0
1808,1224,33,33,0
1809,1224,18,18,0
1810,1224,6,6,0
1811,1224,4,4,0
1802,1225,2,2,0
1803,1225,2,2,0
1806,1225,13,13,0
1807,1225,33,33,0
1808,1225,17,20,3
1809,1225,8,9,1
1815,1225,4,4,0
1800,1226,3,3,0
1802,1226,1,1,0
1803,1226,2,2,0
1806,1226,3,3,0
1807,1226,14,14,0
1808,1226,4,10,6
1809,1226,2,3,1
1811,1226,1,1,0
1815,1226,4,4,0
1803,1227,1,1,0
1804,1227,2,2,0
1807,1227,4,4,0
1808,1227,2,5,3
1809,1227,1,1,0
1810,1227,2,2,0
1811,1227,4,6,2
1812,1227,4,4,0
1800,1228,1,1,0
1803,1228,1,1,0
1804,1228,3,3,0
1812,1228,4,6,2
1800,1229,5,5,0
1803,1229,2,2,0
1804,1229,1,1,0
1807,1229,3,3,0
1808,1229,6,6,0
1800,1230,4,4,0
1803,1230,2,2,0
1806,1230,6,6,0
1807,1230,16,16,0
1808,1230,34,34,0
1809,1230,14,14,0
1803,1231,1,1,0
1804,1231,1,1,0
1805,1231,3,3,0
1806,1231,16,16,0
1807,1231,31,31,0
1808,1231,66,66,0
1809,1231,34,36,2
1810,1231,7,7,0
1802,1232,5,5,0
1803,1232,2,2,0
1806,1232,4,4,0
1807,1232,8,8,0
1808,1232,18,26,8
1809,1232,9,12,3
1810,1232,2,2,0
1811,1232,2,2,0
1800,1233,1,1,0
1801,1233,4,4,0
1802,1233,4,4,0
1803,1233,1,1,0
1806,1233,2,2,0
1807,1233,5,5,0
1808,1233,9,9,0
1812,1233,1,1,0
1800,1234,4,4,0
1801,1234,2,2,0
1802,1234,1,1,0
1806,1234,1,1,0
1807,1234,3,3,0
1812,1234,1,1,0
1815,1234,1,2,1
1803,1235,1,1,0
1804,1235,3,3,0
1805,1235,1,1,0
1807,1235,2,2,0
1808,1235,2,3,1
1811,1235,6,6,0
1812,1235,4,4,0
1815,1235,2,2,0
1803,1236,4,4,0
1804,1236,4,4,0
1807,1236,2,2,0
1808,1236,10,10,0
1809,1236,2,4,2
1810,1236,2,2,0
1811,1236,5,5,0
1800,1237,2,2,0
1803,1237,6,6,0
1804,1237,2,2,0
1807,1237,12,12,0
1808,1237,20,20,0
1809,1237,8,8,0
1800,1238,4,4,0
1802,1238,1,1,0
1803,1238,6,6,0
1806,1238,12,12,0
1807,1238,38,38,0
1808,1238,42,42,0
1809,1238,17,20,3
1810,1238,1,1,0
1800,1239,2,2,0
1803,1239,3,3,0
1805,1239,1,1,0
1806,1239,29,29,0
1807,1239,64,64,0
1808,1239,63,64,1
1809,1239,32,36,4
1810,1239,9,9,0
1811,1239,1,1,0
1800,1240,1,1,0
1801,1240,1,1,0
1802,1240,1,1,0
1806,1240,6,6,0
1807,1240,10,10,0
1808,1240,6,7,1
1809,1240,7,7,0
1810,1240,4,5,1
1802,1241,2,2,0
1803,1241,1,1,0
1807,1241,3,3,0
1808,1241,2,2,0
1809,1241,3,3,0
1810,1241,3,4,1
1802,1242,2,2,0
1803,1242,2,2,0
1811,1242,1,2,1
1812,1242,3,3,0
1813,1242,2,2,0
1802,1243,2,2,0
1803,1243,2,2,0
1807,1243,2,2,0
1812,1243,3,3,0
1813,1243,2,4,2
1815,1243,1,3,2
1801,1244,1,1,0
1802,1244,1,1,0
1805,1244,2,2,0
1806,1244,7,7,0
1807,1244,12,12,0
1808,1244,16,16,0
1809,1244,6,10,4
1810,1244,1,2,1
1800,1245,1,1,0
1801,1245,1,1,0
1802,1245,1,1,0
1805,1245,4,4,0
1806,1245,11,11,0
1807,1245,16,16,0
1808,1245,29,29,0
1809,1245,15,19,4
1810,1245,3,6,3
1802,1246,2,2,0
1803,1246,1,1,0
1804,1246,1,1,0
1805,1246,3,3,0
1806,1246,7,7,0
1807,1246,11,11,0
1808,1246,23,23,0
1809,1246,10,14,4
1802,1247,3,3,0
1803,1247,3,3,0
1804,1247,2,2,0
1805,1247,1,1,0
1806,1247,2,2,0
1807,1247,3,3,0
1808,1247,9,9,0
1812,1247,3,3,0
1813,1247,4,7,3
1814,1247,1,4,3
1805,1248,2,2,0
1806,1248,3,3,0
1807,1248,4,4,0
1808,1248,1,1,0
1809,1248,1,2,1
1815,1248,2,2,0
1800,1249,1,1,0
1801,1249,1,1,0
1806,1249,1,1,0
1807,1249,2,2,0
1808,1249,1,2,1
1809,1249,2,3,1
1810,1249,2,3,1
1800,1250,3,3,0
1801,1250,2,2,0
1802,1250,1,1,0
1807,1250,1,1,0
1800,1251,2,2,0
1801,1251,1,1,0
1805,1251,1,1,0
1806,1251,2,2,0
1807,1251,3,3,0
1808,1251,4,6,2
1809,1251,2,3,1
1804,1252,1,1,0
1805,1252,4,4,0
1806,1252,6,6,0
1807,1252,7,7,0
1808,1252,22,24,2
1809,1252,15,16,1
1810,1252,5,5,0
1804,1253,2,2,0
1805,1253,5,5,0
1806,1253,8,8,0
1807,1253,9,9,0
1808,1253,38,38,0
1809,1253,27,27,0
1810,1253,12,12,0
1811,1253,3,3,0
1803,1254,1,1,0
1804,1254,2,2,0
1805,1254,5,5,0
1806,1254,7,7,0
1807,1254,8,8,0
1808,1254,26,26,0
1809,1254,17,17,0
1810,1254,6,6,0
1800,1255,2,2,0
1801,1255,2,2,0
1802,1255,1,1,0
1803,1255,1,1,0
1804,1255,2,2,0
1805,1255,3,3,0
1806,1255,5,5,0
1807,1255,6,6,0
1808,1255,3,3,0
1813,1255,1,4,3
1800,1256,2,2,0
1801,1256,2,2,0
1802,1256,3,3,0
1803,1256,3,3,0
1804,1256,2,2,0
1805,1256,1,1,0
1800,1257,1,1,0
1801,1257,1,1,0
1802,1257,1,1,0
1803,1257,1,1,0
1804,1257,1,1,0
1805,1257,2,2,0
1806,1257,2,2,0
1807,1257,2,2,0
1808,1257,1,2,1
1811,1257,1,1,0
1800,1258,1,1,0
1805,1258,2,2,0
1806,1258,4,4,0
1807,1258,6,6,0
1808,1258,8,8,0
1809,1258,6,6,0
1810,1258,2,3,1
1811,1258,1,1,0
1800,1259,1,1,0
1805,1259,2,2,0
1806,1259,6,6,0
1807,1259,9,9,0
1808,1259,12,12,0
1809,1259,9,9,0
1810,1259,4,5,1
1800,1260,1,1,0
1805,1260,2,2,0
1806,1260,6,6,0
1807,1260,9,9,0
1808,1260,12,12,0
1809,1260,8,9,1
1810,1260,4,5,1
1811,1260,1,1,0
1800,1261,1,1,0
1805,1261,2,2,0
1806,1261,4,4,0
1807,1261,6,6,0
1808,1261,8,8,0
1809,1261,4,6,2
1810,1261,3,3,0
1811,1261,1,1,0
1815,1261,1,1,0
1800,1262,1,1,0
1801,1262,1,1,0
1802,1262,1,1,0
1803,1262,1,1,0
1804,1262,1,1,0
1805,1262,2,2,0
1806,1262,2,2,0
1807,1262,2,2,0
1808,1262,2,2,0
1809,1262,1,2,1
1811,1262,1,1,0
1800,1263,2,2,0
1801,1263,2,2,0
1802,1263,3,3,0
1803,1263,3,3,0
1804,1263,2,2,0
1805,1263,1,1,0
1811,1263,1,1,0
1812,1263,1,1,0
1806,1264,2,2,0
1807,1264,3,3,0
1809,1264,2,2,0
1810,1264,5,5,0
1811,1264,4,5,1
1806,1265,2,2,0
1807,1265,2,2,0
1808,1265,3,3,0
1809,1265,2,2,0
1806,1266,2,2,0
1807,1266,2,2,0
1808,1266,17,17,0
1809,1266,9,9,0
1806,1267,2,2,0
1807,1267,2,2,0
1808,1267,27,27,0
1809,1267,16,16,0
1810,1267,3,3,0
1813,1267,1,4,3
1806,1268,2,2,0
1807,1268,2,2,0
1808,1268,17,17,0
1809,1268,8,8,0
1812,1268,2,3,1
1813,1268,3,5,2
1806,1269,2,2,0
1807,1269,2,2,0
1813,1269,2,3,1
1806,1270,2,2,0
1807,1270,2,2,0
1806,1271,2,2,0
1807,1271,2,2,0
1808,1271,5,6,1
1809,1271,6,6,0
1810,1271,5,5,0
1811,1271,1,1,0
1815,1271,1,3,2
208,2240,2,6,4
209,2240,1,5,4
210,2240,1,4,3
211,2240,1,3,2
212,2240,1,2,1
213,2240,1,1,0
208,2241,1,5,4
209,2241,2,5,3
210,2241,1,4,3
211,2241,1,3,2
212,2241,1,2,1
213,2241,1,1,0
208,2242,1,4,3
209,2242,1,4,3
210,2242,1,3,2
211,2242,2,3,1
212,2242,2,2,0
213,2242,1,1,0
208,2243,1,3,2
209,2243,1,3,2
210,2243,2,3,1
211,2243,1,2,1
212,2243,1,1,0
213,2243,1,1,0
208,2244,1,2,1
209,2244,1,2,1
210,2244,2,2,0
211,2244,1,1,0
212,2244,1,1,0
213,2244,1,1,0
214,2244,1,1,0
208,2245,1,1,0
209,2245,1,1,0
210,2245,1,1,0
211,2245,1,1,0
212,2245,1,1,0
213,2245,1,1,0
214,2245,1,1,0
215,2245,1,1,0
212,2246,1,1,0
213,2246,1,1,0
214,2246,1,1,0
215,2246,1,1,0
213,2247,1,1,0
214,2247,1,1,0
