X,Y,Subtracted,Original 1,Original 2
1084,2247,1,1,0
336,544,1,1,0
338,544,1,1,0
339,544,3,3,0
342,545,2,2,0
336,546,3,4,1
338,546,1,4,3
339,546,3,3,0
342,546,1,1,0
336,547,3,3,0
338,547,1,4,3
342,547,1,1,0
342,548,5,5,0
336,549,3,12,9
338,549,1,13,12
342,549,4,4,0
336,550,3,29,26
338,550,1,26,25
339,550,4,7,3
342,550,2,2,0
336,551,3,10,7
338,551,1,13,12
342,551,5,6,1
1785,832,3,5,2
1790,832,3,9,6
1792,832,5,5,0
1795,832,4,4,0
1796,832,3,3,0
1798,832,1,6,5
1788,833,2,2,0
1789,833,3,7,4
1792,833,1,2,1
1798,833,6,6,0
1784,834,3,3,0
1791,834,3,5,2
1794,834,6,6,0
1798,834,5,5,0
1784,835,6,6,0
1790,835,3,24,21
1791,835,8,61,53
1792,835,6,28,22
1793,835,1,1,0
1795,835,7,7,0
1798,835,1,1,0
1786,836,1,1,0
1787,836,7,7,0
1788,836,2,2,0
1789,836,2,13,11
1792,836,12,91,79
1795,836,8,8,0
1796,836,6,10,4
1799,836,1,3,2
1786,837,1,2,1
1787,837,1,1,0
1792,837,49,126,77
1793,837,3,41,38
1795,837,3,3,0
1796,837,6,6,0
1799,837,2,3,1
1784,838,4,4,0
1785,838,3,3,0
1790,838,4,15,11
1791,838,10,42,32
1792,838,47,73,26
1793,838,13,24,11
1786,839,1,1,0
1787,839,3,3,0
1788,839,2,2,0
1789,839,1,1,0
1798,839,7,8,1
1785,840,3,5,2
1788,840,7,7,0
1789,840,5,5,0
1792,840,6,11,5
1793,840,4,10,6
1794,840,6,7,1
1799,840,3,3,0
1785,841,6,6,0
1786,841,4,4,0
1791,841,8,8,0
1796,841,3,10,7
1797,841,7,10,3
1785,842,1,1,0
1786,842,4,4,0
1787,842,1,5,4
1791,842,18,68,50
1793,842,2,44,42
1794,842,1,7,6
1797,842,9,9,0
1798,842,4,4,0
1787,843,2,4,2
1788,843,5,5,0
1789,843,4,5,1
1793,843,18,113,95
1794,843,30,41,11
1798,843,3,5,2
1784,844,8,8,0
1785,844,1,1,0
1793,844,21,80,59
1794,844,31,37,6
1795,844,9,9,0
1788,845,4,5,1
1793,845,6,14,8
1794,845,4,9,5
1797,845,2,2,0
1785,846,1,1,0
1788,846,7,11,4
1789,846,1,1,0
1791,846,3,3,0
1798,846,1,1,0
1784,847,2,2,0
1785,847,8,10,2
1788,847,5,5,0
1789,847,1,1,0
1792,847,1,4,3
1793,847,1,5,4
1794,847,3,4,1
1795,847,2,2,0
1799,847,3,3,0
1788,848,2,5,3
1789,848,2,2,0
1791,848,1,1,0
1796,848,8,8,0
1799,848,4,4,0
1784,849,4,4,0
1785,849,1,1,0
1793,849,13,49,36
1794,849,9,28,19
1797,849,5,5,0
1787,850,2,4,2
1793,850,24,109,85
1794,850,24,69,45
1797,850,9,9,0
1798,850,8,8,0
1786,851,1,4,3
1787,851,4,5,1
1790,851,2,17,15
1793,851,19,101,82
1794,851,21,63,42
1797,851,8,8,0
1798,851,6,6,0
1784,852,4,5,1
1785,852,1,1,0
1786,852,1,1,0
1787,852,1,1,0
1793,852,12,35,23
1794,852,14,18,4
1797,852,3,4,1
1784,853,3,7,4
1787,853,1,1,0
1788,853,2,4,2
1793,853,3,3,0
1796,853,5,8,3
1799,853,4,4,0
1787,854,1,3,2
1788,854,5,9,4
1789,854,7,7,0
1790,854,5,5,0
1791,854,5,5,0
1792,854,1,3,2
1793,854,8,8,0
1794,854,2,2,0
1796,854,2,8,6
1799,854,2,2,0
1784,855,2,2,0
1793,855,3,3,0
1797,855,2,2,0
1799,855,1,7,6
1793,856,3,39,36
1794,856,36,55,19
1795,856,18,18,0
1798,856,5,5,0
1793,857,5,132,127
1794,857,56,137,81
1795,857,77,89,12
1796,857,2,2,0
1797,857,6,6,0
1793,858,5,118,113
1794,858,5,87,82
1795,858,46,58,12
1797,858,16,17,1
1799,858,2,2,0
1792,859,15,15,0
1795,859,3,4,1
1797,859,10,16,6
1795,860,16,16,0
1796,860,9,9,0
1792,861,5,5,0
1796,861,6,7,1
1792,862,6,6,0
1797,862,4,4,0
1799,862,2,2,0
1794,863,29,89,60
1795,863,69,83,14
1797,863,10,12,2
1794,864,19,127,108
1796,864,55,55,0
1797,864,8,8,0
1794,865,20,157,137
1795,865,95,138,43
1796,865,22,51,29
1799,865,18,18,0
1793,866,39,44,5
1794,866,45,61,16
1795,866,67,67,0
1796,866,5,12,7
1797,867,14,14,0
1793,868,10,10,0
1795,868,3,3,0
1799,868,4,9,5
1794,869,7,7,0
1795,869,2,8,6
1796,869,5,5,0
1794,870,3,82,79
1796,870,73,74,1
1797,870,13,13,0
1793,871,4,83,79
1795,871,72,166,94
1796,871,81,114,33
1792,872,1,1,0
1794,872,45,126,81
1795,872,78,188,110
1796,872,135,135,0
1799,872,6,6,0
1795,873,41,53,12
1799,873,2,2,0
1792,874,1,1,0
1794,874,14,14,0
1796,874,9,10,1
1798,874,29,29,0
1794,875,6,6,0
1798,875,3,3,0
1792,876,7,9,2
1795,876,7,9,2
1797,876,9,9,0
1792,877,8,8,0
1794,877,13,75,62
1796,877,51,108,57
1797,877,24,30,6
1798,877,12,12,0
1795,878,6,203,197
1796,878,59,142,83
1797,878,74,88,14
1792,879,4,11,7
1795,879,20,143,123
1796,879,72,161,89
1797,879,94,94,0
1798,879,5,19,14
1796,880,3,5,2
1797,880,1,1,0
1799,880,2,2,0
1796,881,6,6,0
1793,882,11,11,0
1794,882,18,18,0
1796,882,4,4,0
1798,882,8,11,3
1799,882,5,5,0
1793,883,3,3,0
1793,884,8,19,11
1795,884,32,104,72
1797,884,108,108,0
1799,884,5,5,0
1792,885,17,18,1
1796,885,71,233,162
1797,885,100,119,19
1798,885,69,81,12
1797,886,78,106,28
1798,886,12,16,4
1792,887,3,4,1
1793,887,10,10,0
1797,887,2,2,0
1792,888,6,7,1
1795,888,1,2,1
1796,888,3,3,0
1797,888,8,8,0
1794,889,16,16,0
1796,889,22,22,0
1798,889,19,20,1
1792,890,6,6,0
1797,890,8,22,14
1799,890,5,6,1
1792,891,4,4,0
1793,891,1,1,0
1796,891,29,108,79
1797,891,21,72,51
1798,891,99,99,0
1797,892,132,246,114
1798,892,91,91,0
1799,892,22,22,0
1793,893,15,15,0
1797,893,31,139,108
1798,893,96,102,6
1793,894,4,4,0
1797,894,29,65,36
1793,895,1,6,5
1794,895,2,2,0
1796,895,2,3,1
1798,895,11,11,0
1797,896,4,4,0
1799,896,2,2,0
1793,897,1,1,0
1794,897,12,12,0
1797,897,13,16,3
1798,897,7,7,0
1793,898,10,12,2
1797,898,2,83,81
1798,898,51,70,19
1799,898,25,26,1
1793,899,1,1,0
1797,899,98,207,109
1798,899,130,193,63
1799,899,128,128,0
1792,900,5,5,0
1796,900,8,92,84
1797,900,68,177,109
1798,900,142,152,10
1799,900,99,99,0
1797,901,43,43,0
1798,901,11,16,5
1797,902,12,12,0
1792,903,2,3,1
1794,903,6,6,0
1792,904,1,1,0
1793,904,3,4,1
1796,904,5,5,0
1802,904,9,9,0
1803,904,4,4,0
1805,904,2,2,0
1806,904,5,5,0
1794,905,7,7,0
1798,905,30,85,55
1799,905,75,75,0
1800,905,18,18,0
1806,905,4,4,0
1798,906,57,134,77
1799,906,97,107,10
1800,906,64,64,0
1801,906,8,8,0
1803,906,9,9,0
1804,906,8,8,0
1807,906,6,6,0
1792,907,5,5,0
1794,907,12,12,0
1798,907,87,185,98
1799,907,154,154,0
1800,907,66,66,0
1801,907,14,14,0
1803,907,12,12,0
1804,907,9,9,0
1807,907,4,4,0
1798,908,77,83,6
1799,908,55,55,0
1800,908,16,16,0
1803,908,2,2,0
1806,908,5,5,0
1807,908,1,1,0
1792,909,22,22,0
1794,909,5,5,0
1795,909,5,5,0
1802,909,6,6,0
1803,909,3,3,0
1805,909,2,2,0
1806,909,8,8,0
1798,910,8,8,0
1800,910,3,3,0
1801,910,5,5,0
1802,910,13,13,0
1803,910,7,7,0
1805,910,2,2,0
1806,910,6,6,0
1793,911,13,14,1
1794,911,11,11,0
1797,911,1,1,0
1800,911,2,2,0
1803,911,1,1,0
1806,911,8,8,0
1794,912,7,7,0
1798,912,35,82,47
1799,912,75,79,4
1800,912,9,9,0
1802,912,4,4,0
1803,912,5,5,0
1805,912,5,5,0
1792,913,16,16,0
1799,913,78,152,74
1800,913,90,90,0
1801,913,24,24,0
1802,913,1,1,0
1807,913,14,14,0
1794,914,13,13,0
1795,914,1,8,7
1798,914,7,131,124
1799,914,203,224,21
1800,914,90,90,0
1801,914,12,12,0
1804,914,3,3,0
1805,914,2,2,0
1807,914,7,7,0
1795,915,8,11,3
1799,915,48,48,0
1800,915,34,34,0
1803,915,5,5,0
1804,915,10,10,0
1805,915,9,9,0
1796,916,4,4,0
1797,916,4,4,0
1800,916,11,11,0
1802,916,5,5,0
1805,916,3,3,0
1793,917,11,11,0
1794,917,5,5,0
1797,917,1,2,1
1798,917,8,8,0
1799,917,24,24,0
1802,917,12,12,0
1805,917,4,4,0
1806,917,3,3,0
1807,917,1,1,0
1792,918,1,1,0
1796,918,21,23,2
1800,918,6,6,0
1802,918,4,4,0
1803,918,3,3,0
1805,918,8,8,0
1793,919,5,5,0
1799,919,117,131,14
1800,919,62,62,0
1801,919,8,8,0
1805,919,5,5,0
1807,919,2,2,0
1792,920,4,4,0
1795,920,5,5,0
1799,920,111,181,70
1800,920,131,131,0
1801,920,69,75,6
1804,920,7,7,0
1806,920,1,3,2
1792,921,2,8,6
1799,921,21,128,107
1800,921,146,146,0
1801,921,87,88,1
1802,921,10,10,0
1804,921,1,1,0
1806,921,6,10,4
1807,921,3,3,0
1792,922,2,2,0
1799,922,7,53,46
1800,922,72,75,3
1801,922,43,45,2
1804,922,6,6,0
1799,923,2,2,0
1803,923,4,5,1
1804,923,8,8,0
1793,924,2,3,1
1796,924,4,4,0
1797,924,4,4,0
1801,924,2,4,2
1806,924,7,7,0
1807,924,7,9,2
1792,925,2,2,0
1793,925,1,1,0
1794,925,1,1,0
1799,925,9,9,0
1800,925,4,4,0
1801,925,12,12,0
1803,925,2,4,2
1804,925,1,1,0
1806,925,7,7,0
1799,926,34,55,21
1800,926,36,54,18
1801,926,39,42,3
1802,926,6,6,0
1803,926,2,2,0
1804,926,2,4,2
1806,926,5,5,0
1792,927,5,5,0
1794,927,3,3,0
1795,927,6,6,0
1799,927,13,105,92
1800,927,107,154,47
1801,927,90,108,18
1802,927,27,27,0
1806,927,13,15,2
1792,928,7,7,0
1799,928,22,89,67
1800,928,53,76,23
1801,928,80,80,0
1802,928,30,30,0
1805,928,2,2,0
1806,928,6,9,3
1795,929,6,6,0
1796,929,3,3,0
1799,929,8,38,30
1800,929,19,32,13
1801,929,44,44,0
1802,929,10,10,0
1804,929,1,1,0
1794,930,1,3,2
1795,930,5,5,0
1796,930,4,4,0
1800,930,1,1,0
1801,930,17,17,0
1804,930,6,6,0
1807,930,1,1,0
1792,931,2,2,0
1797,931,6,6,0
1798,931,2,2,0
1801,931,8,8,0
1804,931,5,5,0
1807,931,12,12,0
1792,932,2,2,0
1797,932,8,8,0
1798,932,6,6,0
1801,932,9,9,0
1804,932,1,1,0
1807,932,3,3,0
1795,933,1,1,0
1796,933,1,1,0
1801,933,39,40,1
1802,933,15,15,0
1804,933,5,5,0
1795,934,5,5,0
1800,934,46,90,44
1801,934,95,101,6
1802,934,50,50,0
1803,934,4,9,5
1804,934,1,3,2
1805,934,5,5,0
1806,934,10,11,1
1792,935,8,9,1
1795,935,3,4,1
1800,935,91,150,59
1801,935,139,149,10
1802,935,71,71,0
1806,935,13,13,0
1800,936,64,74,10
1801,936,59,59,0
1802,936,9,9,0
1803,936,2,2,0
1804,936,13,13,0
1805,936,2,2,0
1801,937,14,14,0
1807,937,9,9,0
1801,938,9,9,0
1804,938,5,5,0
1806,938,1,1,0
1807,938,2,2,0
1801,939,13,13,0
1804,939,8,8,0
1805,939,3,3,0
1806,939,2,2,0
1801,940,27,27,0
1802,940,2,2,0
1806,940,4,5,1
1800,941,12,63,51
1801,941,87,100,13
1802,941,74,74,0
1803,941,28,33,5
1804,941,5,5,0
1806,941,5,6,1
1807,941,2,5,3
1800,942,27,89,62
1801,942,115,130,15
1802,942,102,102,0
1803,942,47,51,4
1804,942,10,13,3
1806,942,5,6,1
1807,942,1,1,0
1801,943,61,67,6
1802,943,43,43,0
1803,943,11,11,0
1806,943,5,7,2
1802,944,3,5,2
1805,944,1,1,0
1806,944,16,16,0
1800,945,3,10,7
1802,945,6,6,0
1803,945,7,7,0
1805,945,4,8,4
1807,945,7,7,0
1803,946,6,6,0
1806,946,13,14,1
1800,947,3,11,8
1802,947,30,33,3
1804,947,4,4,0
1805,947,4,4,0
1801,948,38,83,45
1802,948,35,44,9
1803,948,89,89,0
1806,948,5,7,2
1802,949,171,180,9
1803,949,56,56,0
1804,949,34,37,3
1806,949,2,3,1
1807,949,2,2,0
1801,950,37,86,49
1802,950,57,61,4
1803,950,95,95,0
1807,950,1,1,0
1802,951,13,13,0
1804,951,5,9,4
1806,951,5,5,0
1800,952,2,2,0
1804,952,3,8,5
1805,952,14,14,0
1806,953,5,5,0
1807,953,4,4,0
1801,954,17,19,2
1802,954,5,5,0
1803,954,15,15,0
1804,954,2,3,1
1806,954,2,9,7
1802,955,32,59,27
1803,955,70,79,9
1804,955,33,44,11
1806,955,9,9,0
1801,956,15,82,67
1802,956,102,102,0
1803,956,125,125,0
1804,956,75,75,0
1806,956,5,12,7
1802,957,58,82,24
1803,957,95,95,0
1804,957,51,55,4
1806,957,5,5,0
1802,958,29,29,0
1803,958,30,30,0
1804,958,13,14,1
1805,959,7,7,0
1807,959,2,2,0
1801,960,4,7,3
1803,960,9,9,0
1805,960,8,8,0
1800,961,7,7,0
1804,961,3,9,6
1802,962,18,35,17
1803,962,47,47,0
1804,962,62,62,0
1802,963,36,87,51
1803,963,119,127,8
1804,963,109,109,0
1805,963,18,18,0
1807,963,1,5,4
1802,964,32,73,41
1803,964,119,136,17
1804,964,90,95,5
1805,964,26,27,1
1807,964,7,7,0
1802,965,3,9,6
1803,965,60,62,2
1804,965,37,37,0
1805,965,19,19,0
1800,966,2,2,0
1803,966,1,1,0
1804,966,2,2,0
1805,966,2,2,0
1802,967,14,17,3
1806,967,5,6,1
1802,968,7,7,0
1803,968,16,16,0
1804,968,2,8,6
1807,968,10,12,2
1803,969,70,70,0
1804,969,64,64,0
1805,969,24,24,0
1803,970,132,136,4
1804,970,135,135,0
1805,970,68,73,5
1806,970,16,16,0
1803,971,132,132,0
1804,971,138,138,0
1805,971,71,79,8
1806,971,23,23,0
1803,972,59,59,0
1804,972,66,66,0
1805,972,26,29,3
1803,973,6,6,0
1804,973,2,10,8
1800,974,3,12,9
1801,974,4,4,0
1807,974,6,6,0
1805,975,1,1,0
1802,976,1,1,0
1803,976,39,55,16
1804,976,58,58,0
1805,976,46,46,0
1806,976,2,6,4
1803,977,32,80,48
1804,977,152,152,0
1805,977,106,106,0
1806,977,52,67,15
1803,978,2,73,71
1804,978,91,93,2
1805,978,131,131,0
1806,978,33,49,16
1804,979,64,64,0
1805,979,65,65,0
1806,979,32,46,14
1807,979,1,1,0
1804,980,12,15,3
1801,981,12,13,1
1803,981,28,28,0
1805,981,7,7,0
1807,981,16,16,0
1804,982,2,8,6
1806,982,6,11,5
1803,983,13,16,3
1804,983,27,27,0
1805,983,59,59,0
1806,983,21,25,4
1804,984,87,95,8
1805,984,117,119,2
1806,984,67,70,3
1807,984,1,1,0
1804,985,132,135,3
1805,985,150,150,0
1806,985,65,78,13
1803,986,6,40,34
1804,986,74,74,0
1805,986,74,74,0
1806,986,35,36,1
1803,987,2,2,0
1807,987,4,4,0
1805,988,2,2,0
1800,989,1,1,0
1807,990,5,5,0
1804,991,29,51,22
1805,991,79,79,0
1806,991,53,53,0
1807,991,5,7,2
1804,992,19,52,33
1805,992,129,141,12
1806,992,34,41,7
1807,992,55,55,0
1808,992,4,4,0
1809,992,4,4,0
1810,992,3,3,0
1811,992,2,2,0
1812,992,1,1,0
1804,993,45,64,19
1805,993,47,54,7
1806,993,38,38,0
1807,993,14,14,0
1808,993,4,4,0
1809,993,3,3,0
1810,993,3,3,0
1811,993,2,2,0
1812,993,1,1,0
1800,994,1,1,0
1804,994,24,25,1
1805,994,2,2,0
1806,994,10,10,0
1808,994,3,3,0
1809,994,3,3,0
1810,994,2,2,0
1811,994,1,1,0
1801,995,9,9,0
1803,995,7,7,0
1808,995,2,2,0
1809,995,2,2,0
1810,995,1,1,0
1811,995,1,1,0
1802,996,14,19,5
1806,996,1,1,0
1807,996,1,1,0
1808,996,1,1,0
1809,996,1,1,0
1800,997,8,8,0
1802,997,6,6,0
1805,997,4,22,18
1806,997,4,4,0
1805,998,54,62,8
1806,998,66,66,0
1807,998,36,37,1
1805,999,77,77,0
1806,999,165,172,7
1807,999,89,89,0
1800,1000,3,3,0
1805,1000,62,62,0
1806,1000,82,82,0
1807,1000,67,78,11
1808,1000,3,3,0
1810,1000,3,3,0
1811,1000,6,6,0
1813,1000,2,2,0
1814,1000,6,6,0
1805,1001,11,12,1
1806,1001,17,17,0
1807,1001,5,9,4
1808,1001,4,4,0
1810,1001,3,3,0
1811,1001,5,5,0
1814,1001,4,4,0
1800,1002,5,5,0
1801,1002,7,7,0
1802,1002,8,8,0
1803,1002,8,8,0
1804,1002,6,6,0
1805,1002,2,2,0
1808,1002,4,4,0
1810,1002,3,3,0
1811,1002,6,6,0
1814,1002,3,3,0
1802,1003,1,1,0
1808,1003,3,3,0
1810,1003,2,2,0
1811,1003,8,8,0
1814,1003,3,3,0
1807,1004,16,16,0
1808,1004,7,7,0
1811,1004,10,10,0
1812,1004,3,3,0
1814,1004,4,4,0
1800,1005,9,9,0
1805,1005,27,27,0
1806,1005,43,51,8
1807,1005,67,68,1
1808,1005,23,23,0
1811,1005,7,7,0
1812,1005,4,4,0
1813,1005,2,2,0
1814,1005,4,4,0
1805,1006,51,51,0
1806,1006,78,85,7
1807,1006,94,99,5
1808,1006,47,47,0
1809,1006,9,9,0
1811,1006,1,1,0
1813,1006,1,1,0
1814,1006,3,3,0
1805,1007,73,73,0
1806,1007,101,106,5
1807,1007,113,113,0
1808,1007,66,66,0
1809,1007,19,19,0
1814,1007,2,2,0
1800,1008,2,2,0
1804,1008,4,4,0
1805,1008,31,33,2
1806,1008,63,63,0
1807,1008,74,77,3
1808,1008,6,6,0
1810,1008,1,1,0
1811,1008,2,2,0
1813,1008,1,1,0
1814,1008,8,8,0
1801,1009,1,1,0
1802,1009,7,7,0
1804,1009,3,3,0
1805,1009,6,6,0
1806,1009,4,4,0
1808,1009,5,5,0
1810,1009,5,5,0
1811,1009,8,8,0
1814,1009,5,5,0
1802,1010,2,2,0
1810,1010,4,4,0
1811,1010,9,9,0
1814,1010,3,3,0
1801,1011,4,4,0
1806,1011,9,9,0
1807,1011,11,13,2
1811,1011,5,5,0
1814,1011,3,3,0
1801,1012,3,4,1
1805,1012,3,6,3
1806,1012,17,17,0
1807,1012,17,28,11
1808,1012,16,16,0
1811,1012,3,3,0
1814,1012,3,3,0
1815,1012,3,3,0
1806,1013,64,71,7
1807,1013,100,104,4
1808,1013,43,43,0
1809,1013,13,13,0
1810,1013,2,2,0
1811,1013,4,4,0
1814,1013,4,4,0
1815,1013,2,2,0
1806,1014,83,88,5
1807,1014,135,135,0
1808,1014,53,53,0
1809,1014,14,14,0
1811,1014,2,2,0
1813,1014,1,1,0
1814,1014,4,4,0
1806,1015,24,24,0
1807,1015,58,58,0
1808,1015,47,47,0
1809,1015,4,4,0
1812,1015,1,1,0
1813,1015,3,3,0
1814,1015,4,4,0
1801,1016,1,1,0
1802,1016,1,1,0
1813,1016,1,1,0
1814,1016,1,1,0
1803,1017,2,2,0
1804,1017,1,1,0
1808,1017,6,6,0
1809,1017,9,9,0
1810,1017,9,9,0
1811,1017,3,3,0
1803,1018,2,5,3
1804,1018,1,1,0
1806,1018,2,2,0
1807,1018,7,7,0
1810,1018,3,3,0
1811,1018,4,4,0
1815,1018,5,5,0
1801,1019,1,1,0
1806,1019,25,25,0
1807,1019,50,51,1
1808,1019,2,2,0
1811,1019,1,1,0
1812,1019,5,5,0
1813,1019,4,4,0
1814,1019,2,2,0
1815,1019,3,3,0
1801,1020,3,3,0
1806,1020,50,50,0
1807,1020,95,95,0
1808,1020,82,82,0
1809,1020,43,43,0
1810,1020,7,7,0
1812,1020,7,7,0
1813,1020,7,7,0
1801,1021,1,1,0
1806,1021,46,50,4
1807,1021,97,97,0
1808,1021,116,116,0
1809,1021,61,61,0
1810,1021,7,7,0
1813,1021,2,2,0
1800,1022,1,5,4
1806,1022,19,22,3
1807,1022,50,51,1
1808,1022,61,61,0
1809,1022,25,25,0
1815,1022,4,4,0
1800,1023,2,6,4
1803,1023,4,5,1
1804,1023,5,7,2
1811,1023,9,9,0
1812,1023,9,9,0
1815,1023,3,3,0
1802,1024,3,4,1
1805,1024,1,4,3
1806,1024,3,3,0
1809,1024,11,11,0
1811,1024,2,2,0
1812,1024,5,5,0
1809,1025,11,11,0
1811,1025,2,2,0
1812,1025,11,11,0
1814,1025,5,5,0
1815,1025,6,6,0
1800,1026,1,4,3
1806,1026,2,9,7
1807,1026,26,28,2
1808,1026,4,4,0
1809,1026,12,12,0
1800,1027,2,6,4
1806,1027,21,41,20
1807,1027,84,84,0
1808,1027,70,70,0
1809,1027,65,65,0
1810,1027,20,20,0
1811,1027,9,9,0
1812,1027,15,15,0
1813,1027,6,6,0
1814,1027,12,12,0
1815,1027,9,9,0
1800,1028,3,6,3
1806,1028,25,60,35
1807,1028,118,118,0
1808,1028,85,85,0
1809,1028,71,71,0
1810,1028,14,14,0
1800,1029,4,4,0
1801,1029,4,4,0
1806,1029,10,48,38
1807,1029,91,95,4
1808,1029,84,84,0
1809,1029,74,74,0
1810,1029,21,21,0
1811,1029,4,4,0
1812,1029,7,7,0
1814,1029,10,10,0
1815,1029,10,10,0
1801,1030,3,3,0
1806,1030,1,18,17
1807,1030,30,35,5
1808,1030,23,23,0
1809,1030,26,26,0
1805,1031,2,2,0
1809,1031,7,7,0
1812,1031,12,12,0
1813,1031,1,1,0
1814,1031,2,2,0
1805,1032,1,1,0
1809,1032,4,4,0
1810,1032,7,7,0
1811,1032,5,5,0
1801,1033,2,2,0
1807,1033,9,9,0
1813,1033,2,2,0
1814,1033,3,3,0
1815,1033,1,1,0
1800,1034,8,8,0
1807,1034,31,31,0
1808,1034,66,66,0
1809,1034,42,42,0
1810,1034,14,14,0
1812,1034,1,1,0
1813,1034,5,5,0
1814,1034,2,2,0
1800,1035,3,4,1
1807,1035,43,43,0
1808,1035,131,131,0
1809,1035,94,94,0
1810,1035,44,44,0
1811,1035,10,10,0
1807,1036,21,32,11
1808,1036,91,91,0
1809,1036,66,66,0
1810,1036,30,30,0
1811,1036,4,4,0
1814,1036,4,4,0
1815,1036,7,7,0
1803,1037,7,7,0
1807,1037,10,10,0
1808,1037,16,16,0
1809,1037,12,12,0
1810,1037,5,5,0
1813,1037,1,1,0
1814,1037,4,4,0
1815,1037,7,7,0
1802,1038,3,3,0
1811,1038,2,2,0
1812,1038,4,4,0
1813,1038,3,3,0
1805,1039,2,2,0
1806,1039,1,2,1
1808,1039,7,7,0
1809,1039,2,2,0
1812,1039,3,3,0
1813,1039,3,3,0
1803,1040,2,2,0
1804,1040,1,5,4
1808,1040,4,4,0
1809,1040,1,1,0
1812,1040,6,6,0
1813,1040,2,2,0
1815,1040,5,5,0
1800,1041,4,4,0
1807,1041,6,6,0
1808,1041,61,61,0
1809,1041,69,69,0
1810,1041,43,43,0
1811,1041,5,5,0
1813,1041,3,3,0
1801,1042,1,1,0
1807,1042,9,21,12
1808,1042,107,107,0
1809,1042,125,125,0
1810,1042,84,84,0
1811,1042,12,12,0
1813,1042,5,5,0
1814,1042,5,5,0
1807,1043,27,27,0
1808,1043,95,95,0
1809,1043,110,110,0
1810,1043,70,70,0
1811,1043,4,4,0
1813,1043,5,5,0
1814,1043,6,6,0
1807,1044,18,18,0
1808,1044,48,48,0
1809,1044,51,51,0
1810,1044,24,24,0
1813,1044,4,4,0
1814,1044,1,1,0
1815,1044,1,1,0
1802,1045,3,3,0
1803,1045,5,5,0
1808,1045,10,10,0
1809,1045,7,7,0
1812,1045,6,6,0
1813,1045,3,3,0
1815,1045,3,3,0
1800,1046,6,6,0
1807,1046,1,1,0
1812,1046,6,6,0
1813,1046,1,1,0
1815,1046,3,3,0
1800,1047,5,5,0
1804,1047,2,3,1
1805,1047,2,2,0
1806,1047,3,3,0
1807,1047,7,7,0
1809,1047,8,8,0
1810,1047,6,6,0
1812,1047,1,1,0
1815,1047,3,3,0
1808,1048,4,4,0
1809,1048,9,9,0
1810,1048,11,11,0
1811,1048,7,7,0
1815,1048,1,1,0
1808,1049,55,55,0
1809,1049,69,69,0
1810,1049,63,63,0
1811,1049,30,30,0
1812,1049,5,5,0
1813,1049,2,2,0
1814,1049,2,2,0
1808,1050,74,74,0
1809,1050,96,96,0
1810,1050,86,86,0
1811,1050,37,37,0
1812,1050,3,3,0
1813,1050,5,5,0
1814,1050,7,7,0
1808,1051,37,37,0
1809,1051,51,51,0
1810,1051,46,46,0
1811,1051,16,16,0
1814,1051,6,6,0
1815,1051,3,3,0
1808,1052,2,2,0
1815,1052,6,6,0
1808,1053,2,2,0
1811,1053,4,4,0
1812,1053,6,6,0
1815,1053,3,3,0
1808,1054,3,3,0
1809,1054,2,2,0
1810,1054,4,4,0
1811,1054,7,7,0
1812,1054,3,3,0
1815,1054,1,1,0
1809,1055,6,6,0
1810,1055,12,12,0
1814,1055,6,6,0
1815,1055,4,4,0
1808,1056,2,2,0
1809,1056,53,53,0
1810,1056,73,73,0
1811,1056,35,35,0
1814,1056,4,4,0
1808,1057,25,25,0
1809,1057,86,86,0
1810,1057,116,116,0
1811,1057,71,71,0
1812,1057,7,7,0
1815,1057,9,9,0
1808,1058,11,11,0
1809,1058,43,43,0
1810,1058,61,61,0
1811,1058,41,41,0
1812,1058,10,10,0
1815,1058,4,4,0
1812,1059,4,4,0
1813,1059,6,6,0
1814,1059,3,3,0
1808,1060,8,8,0
1809,1060,5,5,0
1810,1060,2,2,0
1815,1060,5,5,0
1813,1061,3,3,0
1814,1061,2,2,0
1809,1062,14,14,0
1810,1062,25,25,0
1811,1062,21,21,0
1812,1062,16,16,0
1813,1062,12,12,0
1814,1062,3,3,0
1808,1063,25,25,0
1809,1063,87,87,0
1810,1063,127,127,0
1811,1063,96,96,0
1812,1063,33,33,0
1815,1063,3,3,0
1808,1064,63,63,0
1809,1064,107,107,0
1810,1064,118,118,0
1811,1064,153,153,0
1812,1064,92,92,0
1814,1064,2,2,0
1815,1064,13,13,0
1808,1065,73,73,0
1809,1065,140,140,0
1810,1065,158,158,0
1811,1065,169,169,0
1812,1065,100,100,0
1813,1065,5,5,0
1814,1065,3,3,0
1808,1066,22,22,0
1809,1066,91,91,0
1810,1066,101,101,0
1811,1066,92,92,0
1812,1066,43,43,0
1814,1066,15,15,0
1809,1067,15,15,0
1810,1067,13,13,0
1811,1067,5,5,0
1814,1067,16,16,0
1815,1067,2,2,0
1809,1068,1,1,0
1812,1068,3,3,0
1814,1068,2,2,0
1808,1069,12,12,0
1812,1069,5,5,0
1813,1069,3,3,0
1809,1070,4,4,0
1810,1070,16,16,0
1811,1070,10,10,0
1815,1070,14,14,0
1809,1071,37,37,0
1810,1071,80,80,0
1811,1071,64,64,0
1812,1071,27,27,0
1813,1071,6,6,0
1809,1072,27,27,0
1810,1072,68,68,0
1811,1072,68,68,0
1812,1072,26,26,0
1813,1072,1,1,0
1809,1073,4,4,0
1810,1073,30,30,0
1811,1073,33,33,0
1812,1073,7,7,0
1810,1074,2,2,0
1811,1074,7,7,0
1814,1074,6,6,0
1808,1075,12,14,2
1811,1075,2,2,0
1814,1075,7,7,0
1815,1075,1,1,0
1808,1076,3,6,3
1810,1076,1,2,1
1811,1076,10,10,0
1810,1077,16,17,1
1811,1077,32,32,0
1812,1077,14,14,0
1810,1078,34,35,1
1811,1078,56,56,0
1812,1078,36,36,0
1813,1078,11,11,0
1814,1078,4,4,0
1815,1078,1,1,0
1809,1079,5,8,3
1810,1079,41,42,1
1811,1079,66,66,0
1812,1079,45,45,0
1813,1079,14,14,0
1809,1080,6,7,1
1810,1080,15,18,3
1811,1080,20,23,3
1812,1080,20,21,1
1813,1080,15,15,0
1814,1080,6,6,0
1815,1081,2,2,0
1810,1082,1,3,2
1811,1082,3,4,1
1812,1082,1,2,1
1815,1082,2,2,0
1810,1083,4,5,1
1811,1083,8,8,0
1812,1083,5,6,1
1814,1083,1,1,0
1815,1083,5,5,0
1811,1084,4,4,0
1812,1084,1,2,1
1815,1084,7,7,0
1810,1085,25,25,0
1811,1085,47,47,0
1812,1085,44,45,1
1813,1085,18,21,3
1814,1085,2,3,1
1809,1086,2,8,6
1810,1086,42,42,0
1811,1086,74,74,0
1812,1086,71,72,1
1813,1086,34,38,4
1814,1086,5,7,2
1810,1087,20,20,0
1811,1087,39,39,0
1812,1087,36,37,1
1813,1087,12,16,4
1814,1087,2,4,2
1815,1087,7,7,0
1810,1088,2,2,0
1813,1088,2,2,0
1814,1088,1,3,2
1809,1089,1,3,2
1810,1089,4,7,3
1811,1089,3,5,2
1815,1089,1,1,0
1809,1090,1,1,0
1810,1090,2,3,1
1815,1090,1,1,0
1808,1091,5,5,0
1811,1091,4,4,0
1812,1091,6,7,1
1810,1092,3,3,0
1811,1092,30,30,0
1812,1092,41,42,1
1813,1092,26,26,0
1814,1092,4,4,0
1810,1093,17,18,1
1811,1093,57,60,3
1812,1093,70,74,4
1813,1093,45,45,0
1814,1093,10,10,0
1810,1094,16,16,0
1811,1094,51,55,4
1812,1094,54,61,7
1813,1094,28,28,0
1814,1094,3,3,0
1810,1095,2,2,0
1811,1095,27,28,1
1812,1095,18,25,7
1815,1095,9,11,2
1809,1096,3,3,0
1812,1096,4,5,1
1815,1096,6,7,1
1808,1097,2,2,0
1809,1097,6,6,0
1812,1097,1,2,1
1815,1097,5,10,5
1808,1098,4,4,0
1809,1098,5,5,0
1812,1098,7,9,2
1813,1098,3,3,0
1811,1099,10,11,1
1812,1099,31,34,3
1813,1099,26,26,0
1814,1099,2,2,0
1810,1100,2,2,0
1811,1100,30,30,0
1812,1100,61,64,3
1813,1100,50,53,3
1814,1100,13,13,0
1810,1101,7,7,0
1811,1101,36,36,0
1812,1101,68,71,3
1813,1101,56,59,3
1814,1101,18,18,0
1810,1102,2,2,0
1811,1102,18,18,0
1812,1102,40,41,1
1813,1102,33,33,0
1814,1102,8,8,0
1815,1102,2,2,0
1812,1103,6,6,0
1813,1103,1,1,0
1815,1103,2,6,4
1810,1104,2,6,4
1811,1104,1,3,2
1812,1104,4,4,0
1813,1104,7,7,0
1814,1104,4,5,1
1808,1105,6,6,0
1809,1105,5,5,0
1812,1105,1,1,0
1813,1105,7,7,0
1814,1105,5,5,0
1812,1106,12,12,0
1813,1106,19,20,1
1814,1106,8,8,0
1811,1107,17,17,0
1812,1107,41,41,0
1813,1107,46,48,2
1814,1107,25,25,0
1810,1108,4,8,4
1811,1108,26,26,0
1812,1108,51,51,0
1813,1108,58,59,1
1814,1108,37,38,1
1815,1108,10,10,0
1811,1109,6,6,0
1812,1109,22,22,0
1813,1109,33,33,0
1814,1109,21,23,2
1815,1109,4,6,2
1813,1110,5,5,0
1814,1110,3,3,0
1809,1111,1,1,0
1813,1111,3,3,0
1814,1111,1,1,0
1808,1112,4,4,0
1812,1112,4,5,1
1813,1112,2,2,0
1808,1113,2,4,2
1812,1113,9,11,2
1813,1113,15,15,0
1814,1113,8,8,0
1811,1114,6,6,0
1812,1114,24,25,1
1813,1114,38,39,1
1814,1114,27,27,0
1815,1114,2,3,1
1811,1115,10,10,0
1812,1115,36,36,0
1813,1115,56,58,2
1814,1115,40,43,3
1815,1115,5,9,4
1811,1116,8,8,0
1812,1116,31,32,1
1813,1116,48,52,4
1814,1116,34,37,3
1815,1116,2,4,2
1810,1117,3,3,0
1811,1117,4,4,0
1812,1117,11,16,5
1813,1117,22,26,4
1814,1117,15,15,0
1809,1118,1,1,0
1810,1118,2,2,0
1811,1118,1,3,2
1812,1118,1,5,4
1813,1118,4,4,0
1814,1118,1,1,0
1811,1119,2,6,4
1812,1119,2,2,0
1808,1120,4,4,0
1813,1120,8,8,0
1814,1120,2,2,0
1809,1121,2,2,0
1811,1121,1,1,0
1812,1121,20,20,0
1813,1121,34,35,1
1814,1121,26,27,1
1815,1121,6,9,3
1811,1122,6,6,0
1812,1122,39,39,0
1813,1122,69,71,2
1814,1122,64,64,0
1815,1122,38,38,0
1812,1123,30,32,2
1813,1123,63,64,1
1814,1123,59,59,0
1815,1123,31,31,0
1812,1124,4,4,0
1813,1124,21,21,0
1814,1124,15,15,0
1809,1125,1,1,0
1810,1125,1,1,0
1813,1125,2,2,0
1814,1125,1,1,0
1812,1126,4,6,2
1813,1126,2,2,0
1814,1126,3,3,0
1815,1126,9,9,0
1808,1127,4,9,5
1811,1127,6,6,0
1812,1127,4,5,1
1812,1128,4,4,0
1813,1128,24,24,0
1814,1128,26,26,0
1815,1128,12,12,0
1816,1128,1,1,0
1817,1128,1,1,0
1818,1128,1,1,0
1811,1129,1,2,1
1812,1129,27,28,1
1813,1129,54,56,2
1814,1129,60,60,0
1815,1129,47,47,0
1816,1129,1,1,0
1817,1129,1,1,0
1818,1129,1,1,0
1811,1130,2,2,0
1812,1130,27,27,0
1813,1130,48,51,3
1814,1130,49,50,1
1815,1130,34,34,0
1816,1130,1,1,0
1817,1130,1,1,0
1818,1130,1,1,0
1812,1131,7,7,0
1813,1131,18,18,0
1814,1131,12,14,2
1816,1131,1,1,0
1817,1131,1,1,0
1818,1131,1,1,0
1813,1132,3,3,0
1814,1132,3,4,1
1816,1132,1,1,0
1817,1132,1,1,0
1818,1132,1,1,0
1814,1133,1,1,0
1815,1133,2,5,3
1816,1133,1,1,0
1817,1133,1,1,0
1818,1133,1,1,0
1816,1134,1,1,0
1817,1134,1,1,0
1818,1134,1,1,0
1811,1135,2,2,0
1812,1135,4,4,0
1813,1135,2,2,0
1814,1135,1,1,0
1815,1135,1,1,0
1816,1135,1,1,0
1817,1135,1,1,0
1818,1135,1,1,0
1810,1136,1,1,0
1813,1136,22,27,5
1814,1136,43,43,0
1815,1136,29,29,0
1816,1136,9,9,0
1817,1136,4,4,0
1811,1137,2,2,0
1812,1137,9,9,0
1813,1137,40,40,0
1814,1137,61,61,0
1815,1137,50,50,0
1816,1137,6,6,0
1817,1137,3,3,0
1812,1138,1,1,0
1813,1138,24,24,0
1814,1138,39,40,1
1815,1138,24,29,5
1816,1138,2,2,0
1820,1138,1,1,0
1821,1138,2,2,0
1810,1139,1,1,0
1814,1139,7,7,0
1820,1139,3,3,0
1821,1139,3,3,0
1822,1139,1,1,0
1814,1140,4,4,0
1820,1140,3,3,0
1821,1140,3,3,0
1822,1140,1,1,0
1811,1141,6,6,0
1814,1141,4,6,2
1816,1141,2,2,0
1820,1141,1,1,0
1821,1141,2,2,0
1811,1142,5,5,0
1814,1142,7,14,7
1815,1142,8,13,5
1816,1142,6,6,0
1817,1142,3,3,0
1811,1143,1,6,5
1812,1143,1,2,1
1813,1143,10,15,5
1814,1143,35,38,3
1815,1143,44,44,0
1816,1143,9,9,0
1817,1143,4,4,0
1812,1144,9,9,0
1813,1144,25,27,2
1814,1144,48,48,0
1815,1144,62,63,1
1816,1144,42,42,0
1817,1144,13,13,0
1819,1144,2,2,0
1820,1144,4,4,0
1823,1144,6,6,0
1813,1145,9,14,5
1814,1145,32,32,0
1815,1145,44,44,0
1816,1145,21,21,0
1817,1145,4,4,0
1823,1145,5,5,0
1814,1146,14,15,1
1815,1146,23,23,0
1816,1146,3,3,0
1817,1146,1,1,0
1822,1146,1,1,0
1823,1146,3,3,0
1810,1147,2,2,0
1811,1147,1,1,0
1814,1147,5,5,0
1815,1147,6,9,3
1817,1147,5,5,0
1818,1147,7,7,0
1819,1147,1,1,0
1821,1147,2,2,0
1822,1147,2,2,0
1811,1148,4,4,0
1817,1148,4,4,0
1818,1148,7,7,0
1819,1148,2,2,0
1821,1148,2,2,0
1822,1148,2,2,0
1811,1149,2,2,0
1812,1149,1,1,0
1814,1149,1,1,0
1811,1150,1,1,0
1812,1150,5,5,0
1813,1150,14,14,0
1814,1150,25,25,0
1815,1150,25,34,9
1816,1150,12,12,0
1820,1150,2,2,0
1823,1150,2,2,0
1811,1151,1,1,0
1812,1151,6,12,6
1813,1151,26,31,5
1814,1151,53,53,0
1815,1151,66,68,2
1816,1151,31,31,0
1817,1151,6,6,0
1819,1151,4,4,0
1820,1151,7,7,0
1823,1151,2,2,0
1813,1152,9,11,2
1814,1152,44,44,0
1815,1152,77,77,0
1816,1152,22,22,0
1817,1152,9,9,0
1820,1152,2,2,0
1811,1153,8,8,0
1812,1153,6,6,0
1814,1153,4,6,2
1815,1153,9,15,6
1816,1153,9,9,0
1820,1153,3,3,0
1823,1153,3,3,0
1808,1154,5,5,0
1819,1154,1,1,0
1820,1154,3,3,0
1823,1154,4,4,0
1808,1155,7,7,0
1815,1155,4,6,2
1819,1155,2,2,0
1820,1155,1,1,0
1823,1155,1,1,0
1810,1156,6,6,0
1811,1156,9,10,1
1816,1156,6,6,0
1819,1156,2,2,0
1820,1156,1,1,0
1810,1157,2,6,4
1811,1157,5,5,0
1814,1157,20,20,0
1815,1157,39,44,5
1816,1157,19,19,0
1817,1157,6,6,0
1820,1157,2,2,0
1822,1157,1,1,0
1823,1157,3,3,0
1814,1158,43,47,4
1815,1158,80,83,3
1816,1158,40,40,0
1817,1158,19,19,0
1820,1158,1,1,0
1821,1158,2,2,0
1822,1158,1,1,0
1823,1158,1,1,0
1814,1159,31,33,2
1815,1159,59,59,0
1816,1159,59,59,0
1817,1159,31,31,0
1818,1159,4,4,0
1811,1160,3,4,1
1813,1160,6,6,0
1814,1160,11,11,0
1815,1160,8,14,6
1816,1160,1,1,0
1817,1160,2,2,0
1818,1160,1,1,0
1820,1160,1,1,0
1821,1160,3,3,0
1822,1160,1,1,0
1816,1161,3,3,0
1817,1161,5,5,0
1818,1161,4,4,0
1823,1161,1,1,0
1808,1162,4,4,0
1814,1162,2,2,0
1815,1162,2,2,0
1817,1162,2,2,0
1818,1162,6,6,0
1819,1162,6,6,0
1823,1162,6,6,0
1811,1163,6,6,0
1812,1163,3,6,3
1813,1163,1,2,1
1814,1163,2,2,0
1815,1163,6,6,0
1819,1163,5,5,0
1820,1163,6,6,0
1821,1163,2,2,0
1823,1163,2,2,0
1810,1164,2,6,4
1811,1164,7,7,0
1814,1164,3,3,0
1815,1164,18,22,4
1816,1164,26,26,0
1817,1164,7,7,0
1811,1165,1,4,3
1814,1165,31,31,0
1815,1165,64,68,4
1816,1165,74,74,0
1817,1165,37,37,0
1818,1165,3,3,0
1823,1165,2,2,0
1812,1166,1,2,1
1813,1166,8,8,0
1814,1166,42,42,0
1815,1166,79,80,1
1816,1166,68,68,0
1817,1166,34,34,0
1818,1166,5,5,0
1819,1166,1,1,0
1820,1166,5,5,0
1821,1166,2,2,0
1822,1166,2,2,0
1823,1166,8,8,0
1811,1167,4,4,0
1814,1167,13,14,1
1815,1167,34,41,7
1816,1167,19,19,0
1820,1167,5,5,0
1810,1168,2,3,1
1814,1168,1,1,0
1815,1168,4,6,2
1816,1168,1,1,0
1820,1168,3,3,0
1821,1168,1,1,0
1823,1168,2,2,0
1811,1169,1,1,0
1816,1169,6,6,0
1823,1169,2,2,0
1808,1170,1,1,0
1811,1170,1,2,1
1816,1170,5,5,0
1819,1170,2,2,0
1820,1170,1,1,0
1808,1171,3,3,0
1816,1171,18,18,0
1817,1171,5,5,0
1819,1171,1,1,0
1820,1171,6,6,0
1821,1171,3,3,0
1814,1172,16,16,0
1815,1172,30,38,8
1816,1172,62,62,0
1817,1172,32,32,0
1818,1172,2,2,0
1820,1172,2,2,0
1821,1172,4,4,0
1813,1173,2,2,0
1814,1173,29,29,0
1815,1173,59,60,1
1816,1173,95,95,0
1817,1173,54,54,0
1818,1173,10,10,0
1823,1173,1,1,0
1814,1174,18,18,0
1815,1174,43,43,0
1816,1174,63,63,0
1817,1174,36,36,0
1818,1174,8,8,0
1823,1174,3,3,0
1811,1175,2,5,3
1812,1175,2,2,0
1815,1175,3,11,8
1816,1175,3,3,0
1819,1175,5,5,0
1820,1175,6,6,0
1821,1175,1,1,0
1823,1175,2,2,0
1809,1176,7,12,5
1810,1176,6,6,0
1813,1176,7,7,0
1814,1176,3,3,0
1816,1176,1,1,0
1817,1176,2,2,0
1818,1176,4,4,0
1819,1176,4,4,0
1820,1176,3,3,0
1813,1177,2,5,3
1821,1177,2,2,0
1822,1177,1,1,0
1808,1178,1,1,0
1812,1178,6,6,0
1815,1178,8,11,3
1816,1178,15,15,0
1817,1178,6,6,0
1821,1178,3,3,0
1822,1178,3,3,0
1812,1179,7,7,0
1814,1179,4,6,2
1815,1179,37,37,0
1816,1179,53,53,0
1817,1179,33,33,0
1818,1179,10,10,0
1821,1179,3,3,0
1822,1179,2,2,0
1812,1180,4,7,3
1814,1180,16,16,0
1815,1180,62,62,0
1816,1180,74,74,0
1817,1180,50,50,0
1818,1180,19,19,0
1814,1181,17,17,0
1815,1181,60,60,0
1816,1181,57,57,0
1817,1181,38,38,0
1818,1181,14,14,0
1812,1182,2,4,2
1814,1182,5,6,1
1815,1182,27,31,4
1816,1182,20,20,0
1817,1182,13,13,0
1818,1182,4,4,0
1808,1183,1,1,0
1812,1183,2,4,2
1815,1183,2,2,0
1819,1183,2,2,0
1820,1183,2,2,0
1821,1183,1,1,0
1811,1184,2,2,0
1818,1184,2,2,0
1819,1184,4,4,0
1820,1184,4,4,0
1821,1184,2,2,0
1822,1184,1,1,0
1808,1185,5,5,0
1811,1185,2,2,0
1815,1185,2,5,3
1821,1185,3,3,0
1822,1185,2,2,0
1823,1185,1,1,0
1808,1186,4,4,0
1814,1186,4,9,5
1815,1186,22,22,0
1816,1186,49,49,0
1817,1186,33,33,0
1818,1186,13,13,0
1819,1186,1,1,0
1821,1186,1,1,0
1814,1187,10,13,3
1815,1187,30,30,0
1816,1187,103,103,0
1817,1187,73,73,0
1818,1187,33,33,0
1819,1187,5,5,0
1822,1187,1,1,0
1823,1187,1,1,0
1815,1188,20,20,0
1816,1188,79,79,0
1817,1188,53,53,0
1818,1188,20,20,0
1822,1188,3,3,0
1823,1188,3,3,0
1815,1189,3,4,1
1816,1189,30,30,0
1817,1189,19,19,0
1818,1189,6,6,0
1819,1189,1,1,0
1820,1189,2,2,0
1821,1189,3,3,0
1808,1190,7,7,0
1811,1190,3,3,0
1816,1190,9,9,0
1817,1190,7,7,0
1818,1190,5,5,0
1819,1190,5,5,0
1820,1190,5,5,0
1821,1190,3,3,0
1808,1191,8,8,0
1815,1191,5,5,0
1816,1191,1,1,0
1821,1191,1,1,0
1822,1191,5,5,0
1823,1191,7,7,0
1817,1192,19,19,0
1818,1192,15,15,0
1821,1192,4,4,0
1808,1193,2,2,0
1812,1193,2,2,0
1814,1193,2,2,0
1815,1193,9,9,0
1816,1193,25,25,0
1817,1193,37,37,0
1818,1193,20,20,0
1821,1193,2,2,0
1822,1193,1,1,0
1823,1193,5,5,0
1814,1194,8,10,2
1815,1194,19,23,4
1816,1194,78,78,0
1817,1194,75,75,0
1818,1194,41,41,0
1819,1194,4,4,0
1821,1194,1,1,0
1823,1194,1,1,0
1814,1195,3,9,6
1815,1195,24,25,1
1816,1195,83,83,0
1817,1195,75,75,0
1818,1195,39,39,0
1819,1195,5,5,0
1820,1195,2,2,0
1821,1195,2,2,0
1815,1196,15,15,0
1816,1196,29,29,0
1817,1196,29,29,0
1818,1196,8,8,0
1820,1196,2,2,0
1821,1196,5,5,0
1823,1196,3,3,0
1811,1197,1,5,4
1815,1197,6,6,0
1817,1197,6,6,0
1820,1197,5,5,0
1821,1197,4,4,0
1823,1197,3,3,0
1808,1198,4,4,0
1811,1198,2,2,0
1812,1198,2,2,0
1815,1198,2,3,1
1816,1198,2,2,0
1817,1198,11,11,0
1818,1198,7,7,0
1819,1198,3,3,0
1820,1198,8,8,0
1823,1198,2,2,0
1808,1199,6,8,2
1812,1199,2,2,0
1814,1199,1,1,0
1815,1199,5,5,0
1817,1199,6,6,0
1818,1199,3,3,0
1820,1199,4,4,0
1823,1199,9,9,0
1811,1200,9,9,0
1815,1200,8,8,0
1816,1200,13,13,0
1817,1200,24,24,0
1818,1200,13,13,0
1820,1200,1,1,0
1823,1200,2,2,0
1814,1201,10,10,0
1815,1201,31,31,0
1816,1201,42,42,0
1817,1201,59,59,0
1818,1201,39,39,0
1819,1201,2,2,0
1821,1201,6,6,0
1822,1201,2,2,0
1814,1202,11,14,3
1815,1202,27,33,6
1816,1202,55,55,0
1817,1202,77,77,0
1818,1202,51,51,0
1819,1202,1,1,0
1821,1202,10,10,0
1822,1202,7,7,0
1815,1203,2,9,7
1816,1203,30,30,0
1817,1203,49,49,0
1818,1203,31,31,0
1821,1203,6,6,0
1822,1203,3,3,0
1812,1204,3,3,0
1817,1204,7,7,0
1818,1204,2,2,0
1820,1204,2,2,0
1823,1204,2,2,0
1808,1205,3,3,0
1815,1205,3,3,0
1819,1205,1,1,0
1820,1205,8,8,0
1823,1205,3,3,0
1808,1206,4,4,0
1813,1206,1,3,2
1815,1206,6,6,0
1816,1206,1,1,0
1817,1206,12,12,0
1818,1206,7,7,0
1820,1206,5,5,0
1810,1207,1,1,0
1813,1207,3,3,0
1816,1207,13,13,0
1817,1207,32,32,0
1818,1207,20,20,0
1821,1207,4,4,0
1822,1207,1,1,0
1816,1208,41,41,0
1817,1208,74,74,0
1818,1208,60,60,0
1819,1208,9,9,0
1821,1208,1,1,0
1822,1208,3,3,0
1816,1209,48,48,0
1817,1209,73,73,0
1818,1209,57,57,0
1819,1209,15,15,0
1821,1209,1,1,0
1816,1210,24,24,0
1817,1210,39,39,0
1818,1210,28,28,0
1819,1210,6,6,0
1820,1210,3,3,0
1821,1210,3,3,0
1823,1210,2,2,0
1817,1211,9,9,0
1818,1211,2,2,0
1820,1211,5,5,0
1821,1211,3,3,0
1823,1211,6,6,0
1816,1212,2,2,0
1817,1212,8,8,0
1818,1212,1,1,0
1820,1212,9,9,0
1821,1212,3,3,0
1823,1212,2,2,0
1817,1213,5,5,0
1818,1213,1,1,0
1820,1213,6,6,0
1821,1213,3,3,0
1823,1213,2,2,0
1817,1214,11,11,0
1818,1214,8,8,0
1820,1214,2,2,0
1821,1214,4,4,0
1823,1214,2,2,0
1816,1215,17,17,0
1817,1215,39,39,0
1818,1215,32,32,0
1819,1215,8,8,0
1820,1215,4,4,0
1821,1215,4,4,0
1816,1216,50,50,0
1817,1216,67,67,0
1818,1216,61,61,0
1819,1216,26,26,0
1822,1216,2,2,0
1816,1217,20,20,0
1817,1217,31,31,0
1818,1217,31,31,0
1819,1217,13,13,0
1822,1217,1,1,0
1816,1218,2,2,0
1817,1218,4,4,0
1818,1218,5,5,0
1819,1218,4,4,0
1820,1218,2,2,0
1821,1218,1,1,0
1816,1219,7,7,0
1819,1219,4,4,0
1820,1219,7,7,0
1821,1219,2,2,0
1816,1220,6,6,0
1819,1220,1,1,0
1820,1220,3,3,0
1823,1220,3,3,0
1818,1221,1,1,0
1822,1221,2,2,0
1823,1221,7,7,0
1817,1222,20,20,0
1818,1222,29,29,0
1819,1222,13,13,0
1822,1222,2,2,0
1823,1222,4,4,0
1816,1223,19,19,0
1817,1223,50,50,0
1818,1223,61,61,0
1819,1223,33,33,0
1820,1223,4,4,0
1817,1224,25,25,0
1818,1224,33,33,0
1819,1224,12,12,0
1822,1224,4,4,0
1816,1225,3,3,0
1817,1225,14,14,0
1818,1225,15,15,0
1819,1225,3,3,0
1821,1225,3,3,0
1822,1225,5,5,0
1816,1226,5,5,0
1817,1226,2,2,0
1820,1226,1,1,0
1821,1226,4,4,0
1822,1226,4,4,0
1823,1226,2,2,0
1816,1227,5,5,0
1819,1227,3,3,0
1820,1227,5,5,0
1821,1227,2,2,0
1823,1227,4,4,0
1816,1228,2,2,0
1817,1228,5,5,0
1818,1228,12,12,0
1819,1228,16,16,0
1820,1228,9,9,0
1823,1228,4,4,0
1816,1229,2,2,0
1817,1229,16,16,0
1818,1229,28,28,0
1819,1229,24,24,0
1820,1229,8,8,0
1823,1229,3,3,0
1816,1230,5,5,0
1817,1230,26,26,0
1818,1230,36,36,0
1819,1230,21,21,0
1820,1230,4,4,0
1822,1230,2,2,0
1823,1230,1,1,0
1816,1231,8,8,0
1817,1231,31,31,0
1818,1231,36,36,0
1819,1231,15,15,0
1821,1231,5,5,0
1822,1231,7,7,0
1816,1232,8,8,0
1817,1232,10,10,0
1818,1232,11,11,0
1819,1232,7,7,0
1823,1232,6,6,0
1817,1233,1,1,0
1818,1233,5,5,0
1819,1233,7,7,0
1820,1233,6,6,0
1821,1233,2,2,0
1819,1234,1,1,0
1820,1234,3,3,0
1821,1234,4,4,0
1822,1234,1,1,0
1816,1235,1,1,0
1817,1235,6,6,0
1818,1235,6,6,0
1822,1235,1,1,0
1823,1235,2,2,0
1816,1236,4,4,0
1817,1236,22,22,0
1818,1236,31,31,0
1819,1236,19,19,0
1820,1236,1,1,0
1823,1236,3,3,0
1817,1237,31,31,0
1818,1237,53,53,0
1819,1237,41,41,0
1820,1237,16,16,0
1821,1237,3,3,0
1822,1237,1,1,0
1817,1238,27,27,0
1818,1238,46,46,0
1819,1238,34,34,0
1820,1238,13,13,0
1821,1238,5,5,0
1822,1238,2,2,0
1817,1239,18,18,0
1818,1239,27,27,0
1819,1239,11,11,0
1822,1239,3,3,0
1816,1240,3,3,0
1818,1240,4,4,0
1819,1240,8,8,0
1822,1240,5,5,0
1816,1241,4,4,0
1819,1241,3,3,0
1821,1241,1,1,0
1822,1241,6,6,0
1816,1242,5,5,0
1819,1242,4,4,0
1821,1242,1,1,0
1822,1242,6,6,0
1816,1243,4,4,0
1817,1243,2,2,0
1818,1243,14,14,0
1819,1243,16,16,0
1820,1243,1,1,0
1822,1243,5,5,0
1816,1244,2,2,0
1817,1244,10,10,0
1818,1244,30,30,0
1819,1244,31,31,0
1820,1244,6,6,0
1822,1244,4,4,0
1823,1244,2,2,0
1816,1245,1,1,0
1817,1245,11,11,0
1818,1245,32,32,0
1819,1245,33,33,0
1820,1245,7,7,0
1822,1245,4,4,0
1823,1245,3,3,0
1816,1246,2,2,0
1817,1246,2,2,0
1818,1246,17,17,0
1819,1246,19,19,0
1820,1246,2,2,0
1822,1246,4,4,0
1816,1247,2,2,0
1819,1247,4,4,0
1821,1247,1,1,0
1822,1247,5,5,0
1816,1248,2,2,0
1817,1248,3,3,0
1818,1248,5,5,0
1819,1248,6,6,0
1820,1248,5,5,0
1821,1248,3,3,0
1816,1249,1,1,0
1817,1249,2,2,0
1818,1249,1,1,0
1822,1249,3,3,0
1823,1249,6,6,0
1817,1250,5,5,0
1818,1250,11,11,0
1819,1250,9,9,0
1820,1250,2,2,0
1822,1250,1,1,0
1823,1250,6,6,0
1817,1251,12,12,0
1818,1251,27,27,0
1819,1251,28,28,0
1820,1251,16,16,0
1821,1251,3,3,0
1817,1252,12,12,0
1818,1252,27,27,0
1819,1252,28,28,0
1820,1252,16,16,0
1821,1252,3,3,0
1817,1253,5,5,0
1818,1253,11,11,0
1819,1253,9,9,0
1820,1253,2,2,0
1822,1253,1,1,0
1823,1253,6,6,0
1816,1254,1,1,0
1817,1254,2,2,0
1818,1254,1,1,0
1822,1254,3,3,0
1823,1254,6,6,0
1816,1255,2,2,0
1817,1255,3,3,0
1818,1255,5,5,0
1819,1255,6,6,0
1820,1255,5,5,0
1821,1255,2,2,0
1816,1256,1,1,0
1817,1256,3,3,0
1818,1256,5,5,0
1819,1256,4,4,0
1820,1256,1,1,0
1823,1256,1,1,0
1817,1257,4,4,0
1818,1257,9,9,0
1819,1257,11,11,0
1820,1257,8,8,0
1821,1257,4,4,0
1822,1257,1,1,0
1817,1258,5,5,0
1818,1258,13,13,0
1819,1258,17,17,0
1820,1258,15,15,0
1821,1258,8,8,0
1822,1258,2,2,0
1817,1259,4,4,0
1818,1259,12,12,0
1819,1259,16,16,0
1820,1259,13,13,0
1821,1259,7,7,0
1822,1259,1,1,0
1817,1260,3,3,0
1818,1260,7,7,0
1819,1260,8,8,0
1820,1260,5,5,0
1821,1260,2,2,0
1817,1261,2,2,0
1818,1261,3,3,0
1819,1261,1,1,0
1823,1261,1,1,0
1817,1262,1,1,0
1818,1262,2,2,0
1819,1262,1,1,0
1817,1263,1,1,0
1818,1263,3,3,0
1819,1263,3,3,0
1818,1264,1,1,0
1819,1264,3,3,0
1820,1264,3,3,0
1821,1264,1,1,0
1816,1265,1,1,0
1817,1265,4,4,0
1818,1265,8,8,0
1819,1265,11,11,0
1820,1265,11,11,0
1821,1265,8,8,0
1822,1265,4,4,0
1823,1265,1,1,0
1817,1266,4,4,0
1818,1266,9,9,0
1819,1266,13,13,0
1820,1266,13,13,0
1821,1266,9,9,0
1822,1266,4,4,0
1818,1267,3,3,0
1819,1267,6,6,0
1820,1267,6,6,0
1821,1267,3,3,0
1816,1269,2,2,0
1817,1269,1,1,0
1822,1269,1,1,0
1823,1269,2,2,0
1816,1270,1,1,0
1817,1270,1,1,0
1818,1270,1,1,0
1821,1270,1,1,0
1822,1270,1,1,0
1823,1270,1,1,0
1819,1271,1,1,0
1820,1271,1,1,0
209,2240,2,6,4
210,2240,7,10,3
211,2240,4,6,2
215,2240,4,4,0
1080,2240,6,6,0
1081,2240,4,4,0
1086,2240,1,1,0
1087,2240,3,3,0
209,2241,3,6,3
210,2241,6,9,3
211,2241,4,6,2
215,2241,4,4,0
209,2242,2,5,3
210,2242,5,7,2
211,2242,4,5,1
215,2242,3,3,0
209,2243,2,4,2
210,2243,4,5,1
211,2243,2,3,1
215,2243,2,2,0
209,2244,1,2,1
210,2244,3,3,0
211,2244,2,2,0
215,2244,1,1,0
1080,2244,7,7,0
1081,2244,5,5,0
1082,2244,2,2,0
1087,2244,1,1,0
208,2245,1,1,0
209,2245,1,1,0
210,2245,1,1,0
211,2245,1,1,0
212,2245,1,1,0
213,2245,1,1,0
214,2245,1,1,0
215,2245,1,1,0
1080,2245,12,12,0
1081,2245,9,9,0
1082,2245,4,4,0
1087,2245,2,2,0
208,2246,1,1,0
212,2246,1,1,0
213,2246,2,2,0
214,2246,1,1,0
1080,2246,6,6,0
1081,2246,5,5,0
1082,2246,3,3,0
208,2247,1,1,0
212,2247,1,1,0
213,2247,2,2,0
214,2247,1,1,0
1082,2247,1,1,0
1083,2247,1,1,0
