X,Y,Subtracted,Original 1,Original 2
209,2244,1,1,0
336,544,2,3,1
337,544,1,1,0
338,544,1,2,1
339,544,1,4,3
336,546,1,5,4
337,546,1,6,5
338,546,1,5,4
337,547,1,6,5
341,548,1,3,2
342,548,1,6,5
343,548,1,2,1
342,549,1,5,4
341,550,1,5,4
342,550,1,3,2
341,551,1,6,5
342,551,1,7,6
1784,832,2,2,0
1785,832,3,3,0
1790,832,1,3,2
1793,832,1,3,2
1794,832,2,5,3
1786,833,1,1,0
1787,833,5,5,0
1788,833,7,7,0
1789,833,4,4,0
1794,833,1,5,4
1795,833,2,6,4
1796,833,2,4,2
387,834,1,1,0
388,834,1,1,0
1784,834,2,4,2
1791,834,7,8,1
1796,834,2,4,2
387,835,1,1,0
388,835,1,1,0
1784,835,8,8,0
1790,835,9,25,16
1791,835,16,64,48
1796,835,1,3,2
1799,835,2,4,2
386,836,1,1,0
387,836,2,2,0
388,836,2,2,0
389,836,1,1,0
1787,836,1,1,0
1789,836,5,6,1
1790,836,3,55,52
1791,836,1,109,108
1786,837,1,5,4
1787,837,1,5,4
1790,837,4,31,27
1791,837,5,69,64
1792,837,1,77,76
385,838,1,1,0
390,838,1,1,0
1784,838,1,1,0
1785,838,5,5,0
1791,838,6,6,0
1792,838,3,18,15
1793,838,2,6,4
1799,838,1,3,2
1785,839,1,2,1
1786,839,2,2,0
1788,839,3,3,0
1789,839,5,8,3
1793,839,1,1,0
1795,841,3,3,0
1796,841,5,8,3
1797,841,6,7,1
1787,842,4,5,1
1790,842,10,20,10
1792,842,3,77,74
1793,842,1,46,45
1784,843,3,3,0
1787,843,4,4,0
1790,843,13,37,24
1784,844,5,8,3
1787,844,2,2,0
1790,844,9,10,1
1787,845,6,6,0
1792,845,1,1,0
1793,845,1,1,0
1784,847,7,9,2
1785,847,7,7,0
1794,847,3,6,3
1795,847,2,6,4
1785,848,2,2,0
1786,848,3,3,0
1790,848,2,2,0
1791,848,5,5,0
1793,848,3,12,9
1794,848,6,9,3
1786,849,1,1,0
1787,849,1,1,0
1791,849,2,7,5
1793,849,1,33,32
1794,849,3,18,15
1799,849,2,3,1
1789,850,1,2,1
1792,850,1,65,64
1797,850,1,1,0
1786,851,1,1,0
1787,851,1,1,0
1791,851,1,7,6
1792,851,2,56,54
1797,851,1,1,0
1784,852,2,2,0
1785,852,3,3,0
1786,852,2,3,1
1787,852,1,2,1
1790,852,1,1,0
1791,852,4,4,0
1792,852,2,4,2
1797,852,2,4,2
1784,853,3,3,0
1785,853,3,4,1
1786,853,2,4,2
1791,853,2,2,0
1797,853,1,4,3
1784,854,1,2,1
1785,854,2,3,1
1786,854,3,3,0
1787,854,2,2,0
1790,854,1,1,0
1791,854,4,4,0
1793,854,1,12,11
1794,854,3,8,5
1795,854,1,4,3
1785,855,1,1,0
1786,855,2,2,0
1787,855,1,1,0
1793,855,3,5,2
1794,855,2,2,0
1799,855,5,8,3
1794,856,3,51,48
1798,856,4,8,4
1792,857,9,55,46
1795,857,7,42,35
1796,857,6,6,0
1797,857,1,1,0
1798,857,3,3,0
1794,858,10,52,42
1795,858,15,28,13
1796,858,1,3,2
1798,858,1,1,0
1794,859,2,2,0
1795,859,1,1,0
1799,859,4,4,0
1792,860,5,5,0
1795,860,2,3,1
1796,860,3,5,2
1797,860,2,2,0
1796,861,2,2,0
1797,861,2,3,1
1794,862,16,18,2
1795,862,8,8,0
1799,862,1,3,2
1792,863,20,37,17
1793,863,3,65,62
1794,863,1,74,73
1795,863,2,44,42
1797,863,1,1,0
1798,863,4,4,0
1799,863,3,4,1
1793,864,14,111,97
1794,864,9,118,109
1798,864,5,5,0
1793,866,4,5,1
1799,866,2,2,0
1792,867,4,4,0
1795,867,1,2,1
1799,867,4,8,4
1795,868,10,10,0
1796,868,14,14,0
1792,869,6,6,0
1793,869,2,2,0
1796,869,2,2,0
1792,870,4,7,3
1799,870,4,4,0
1795,871,2,149,147
1796,871,3,51,48
1793,872,4,26,22
1795,872,29,97,68
1797,872,5,5,0
1792,873,3,11,8
1794,873,5,5,0
1796,873,5,6,1
1798,873,10,12,2
1793,874,3,3,0
1795,874,2,3,1
1797,874,8,10,2
1793,875,16,17,1
1795,875,2,12,10
1797,875,9,9,0
1799,875,10,11,1
1792,876,2,3,1
1794,876,10,14,4
1796,876,17,20,3
1792,877,6,7,1
1793,877,3,23,20
1794,877,8,75,67
1796,877,8,61,53
1792,878,5,5,0
1793,878,4,36,32
1795,878,12,149,137
1797,878,4,12,8
1792,879,10,14,4
1794,879,20,53,33
1796,879,13,68,55
1798,879,11,11,0
1792,880,2,2,0
1794,880,1,1,0
1795,880,8,8,0
1796,880,7,7,0
1799,880,3,3,0
1793,881,3,3,0
1794,881,5,5,0
1793,882,5,12,7
1794,882,5,10,5
1797,882,2,2,0
1798,882,7,8,1
1795,883,3,3,0
1796,883,7,7,0
1795,884,2,83,81
1796,884,8,96,88
1793,885,5,10,5
1794,885,3,65,62
1797,885,7,93,86
1798,885,7,24,17
1794,886,7,28,21
1797,886,2,38,36
1792,887,7,9,2
1799,887,9,11,2
1793,888,1,6,5
1794,888,1,1,0
1796,888,4,4,0
1797,888,6,6,0
1798,888,2,2,0
1792,889,7,7,0
1792,890,2,5,3
1795,890,8,53,45
1796,890,19,24,5
1797,890,17,33,16
1798,890,2,7,5
1797,891,2,110,108
1798,891,2,43,41
1794,892,1,19,18
1795,892,1,119,118
1794,893,25,45,20
1795,893,31,137,106
1796,893,22,129,107
1797,893,6,118,112
1792,894,8,11,3
1796,895,7,7,0
1797,895,4,4,0
1792,896,1,1,0
1796,896,3,4,1
1797,896,5,5,0
1793,897,2,2,0
1794,897,5,5,0
1799,897,2,2,0
1792,898,2,2,0
1797,898,7,92,85
1798,898,6,46,40
1792,899,3,3,0
1796,899,5,164,159
1797,899,17,164,147
1798,899,9,80,71
1794,900,11,11,0
1795,900,5,45,40
1798,900,4,36,32
1792,902,7,7,0
1796,902,2,2,0
1797,902,6,6,0
1798,902,2,2,0
1792,904,1,1,0
1796,904,4,4,0
1797,904,3,3,0
1792,905,6,6,0
1796,905,5,54,49
1797,905,2,86,84
1792,906,2,5,3
1795,906,2,10,8
1796,906,2,76,74
1799,906,2,23,21
1795,907,4,11,7
1799,907,5,8,3
1794,908,3,4,1
1795,908,5,7,2
1799,908,1,1,0
1795,909,3,3,0
1799,909,5,8,3
1792,910,2,4,2
1796,910,2,3,1
1799,910,4,6,2
1794,912,8,8,0
1799,912,5,44,39
1800,912,3,3,0
1801,912,2,2,0
1792,913,10,10,0
1797,913,15,143,128
1798,913,9,147,138
1800,913,2,2,0
1801,913,2,2,0
1793,914,2,2,0
1797,914,5,85,80
1798,914,10,92,82
1800,914,2,2,0
1801,914,2,2,0
1794,915,11,11,0
1798,915,3,3,0
1800,915,2,2,0
1801,915,2,2,0
1792,916,4,5,1
1795,916,7,11,4
1797,916,1,3,2
1798,916,7,7,0
1799,916,1,2,1
1800,916,2,2,0
1801,916,2,2,0
1792,917,9,9,0
1795,917,6,8,2
1796,917,4,4,0
1800,917,2,2,0
1801,917,2,2,0
1794,918,3,3,0
1800,918,2,2,0
1801,918,2,2,0
1793,919,3,3,0
1794,919,10,10,0
1795,919,4,6,2
1797,919,7,71,64
1798,919,13,94,81
1800,919,2,2,0
1801,919,2,2,0
1792,920,5,5,0
1798,920,3,92,89
1799,920,5,98,93
1801,920,1,12,11
1803,920,6,9,3
1804,920,3,3,0
1796,921,1,20,19
1797,921,5,79,74
1798,921,8,95,87
1799,921,10,101,91
1792,922,7,9,2
1794,922,7,7,0
1800,922,1,8,7
1795,923,3,6,3
1800,923,1,1,0
1802,923,5,5,0
1803,923,1,3,2
1795,924,1,14,13
1796,924,2,5,3
1797,924,4,4,0
1798,924,5,12,7
1806,924,3,9,6
1792,925,5,5,0
1793,925,9,9,0
1800,925,2,6,4
1806,925,2,7,5
1797,926,5,22,17
1798,926,9,69,60
1799,926,10,53,43
1800,926,11,25,14
1803,926,2,2,0
1793,927,6,15,9
1806,927,1,1,0
1807,927,2,2,0
1797,928,2,20,18
1798,928,3,66,63
1799,928,3,107,104
1802,928,4,4,0
1803,928,4,4,0
1804,928,4,4,0
1794,929,1,4,3
1795,929,1,7,6
1796,929,1,2,1
1798,929,2,2,0
1799,929,2,13,11
1804,929,1,1,0
1795,930,1,4,3
1796,930,1,4,3
1800,930,3,5,2
1803,930,1,4,3
1807,930,2,2,0
1800,931,5,6,1
1801,931,3,3,0
1802,931,3,4,1
1807,931,1,1,0
1804,932,1,1,0
1807,932,2,5,3
1804,933,2,2,0
1792,934,1,3,2
1804,934,2,4,2
1805,934,1,1,0
1800,935,5,54,49
1796,936,1,4,3
1801,936,1,1,0
1802,936,2,2,0
1792,937,2,2,0
1793,937,2,2,0
1796,937,1,5,4
1797,937,2,2,0
1799,937,3,10,7
1801,937,5,6,1
1802,937,4,6,2
1792,938,3,3,0
1799,938,4,4,0
1795,939,1,2,1
1796,939,2,7,5
1804,939,2,5,3
1805,939,3,5,2
1793,940,3,3,0
1794,940,2,2,0
1795,940,2,2,0
1796,940,2,2,0
1798,940,3,10,7
1799,940,3,50,47
1804,940,4,4,0
1805,940,2,6,4
1806,940,1,2,1
1798,941,5,37,32
1799,941,12,97,85
1807,941,1,1,0
1799,942,6,91,85
1800,942,3,81,78
1807,942,4,4,0
1793,943,1,1,0
1794,943,1,1,0
1795,943,7,7,0
1796,943,5,5,0
1800,943,6,15,9
1803,943,1,1,0
1804,943,1,5,4
1807,943,5,5,0
1793,944,2,2,0
1796,944,7,8,1
1807,944,1,1,0
1793,945,5,7,2
1796,945,5,7,2
1797,945,1,6,5
1800,945,5,5,0
1801,945,5,5,0
1802,945,3,3,0
1806,945,2,2,0
1807,945,6,6,0
1793,946,6,11,5
1796,946,2,2,0
1797,946,1,9,8
1793,947,6,8,2
1799,947,6,12,6
1800,947,2,28,26
1801,947,3,18,15
1802,947,4,6,2
1793,948,1,1,0
1799,948,5,51,46
1800,948,3,85,82
1801,948,4,56,52
1802,948,4,20,16
1803,948,1,1,0
1806,948,1,1,0
1796,949,3,6,3
1799,949,4,70,66
1793,950,1,1,0
1796,950,5,8,3
1799,950,2,40,38
1800,950,11,73,62
1801,950,12,51,39
1802,950,12,21,9
1803,950,1,1,0
1806,950,2,2,0
1807,950,3,3,0
1793,951,4,7,3
1796,951,3,3,0
1800,952,5,5,0
1802,952,1,2,1
1807,952,4,4,0
1802,953,6,6,0
1805,953,3,3,0
1807,953,1,1,0
1802,954,11,11,0
1805,954,7,7,0
1807,954,2,5,3
1802,955,12,35,23
1805,955,5,5,0
1807,955,3,7,4
1804,956,3,3,0
1805,956,4,5,1
1800,957,10,26,16
1803,957,1,1,0
1804,957,6,6,0
1805,957,1,7,6
1802,958,1,1,0
1805,958,1,3,2
1807,958,2,2,0
1800,959,2,9,7
1801,959,2,2,0
1802,959,5,5,0
1804,960,1,7,6
1805,960,10,10,0
1806,960,6,6,0
1800,961,16,16,0
1801,961,6,20,14
1800,962,25,51,26
1807,962,1,1,0
1800,963,14,67,53
1807,963,2,2,0
1800,964,11,38,27
1801,964,6,49,43
1800,965,3,3,0
1801,965,7,7,0
1802,965,5,5,0
1803,966,3,3,0
1804,966,2,3,1
1807,966,4,4,0
1800,967,5,5,0
1803,967,12,12,0
1804,967,6,6,0
1807,967,9,9,0
1800,968,4,4,0
1805,968,4,4,0
1807,968,1,1,0
1800,969,6,43,37
1802,969,6,54,48
1800,970,3,67,64
1802,970,15,91,76
1803,970,2,54,52
1807,970,4,4,0
1800,971,1,40,39
1802,971,12,65,53
1803,971,3,41,38
1807,971,2,7,5
1802,972,3,10,7
1804,973,2,3,1
1805,973,8,8,0
1800,974,1,6,5
1805,974,6,6,0
1800,975,1,1,0
1802,975,3,3,0
1803,975,1,1,0
1807,975,1,1,0
1802,976,6,58,52
1804,976,8,8,0
1800,977,13,39,26
1801,977,29,96,67
1802,977,9,134,125
1803,977,36,104,68
1805,977,1,1,0
1807,977,2,5,3
1802,978,22,71,49
1804,978,13,13,0
1801,979,1,1,0
1805,979,3,3,0
1806,979,4,9,5
1807,979,9,9,0
1801,980,6,6,0
1803,980,6,10,4
1800,981,1,2,1
1801,982,1,1,0
1805,982,12,12,0
1806,982,3,12,9
1807,982,10,10,0
1802,983,11,54,43
1802,984,1,95,94
1803,984,8,94,86
1802,986,11,53,42
1803,986,19,50,31
1804,986,9,14,5
1806,986,1,1,0
1802,987,2,2,0
1803,987,4,4,0
1800,988,7,11,4
1806,988,5,8,3
1800,989,12,12,0
1803,989,7,7,0
1805,989,1,1,0
1806,989,5,5,0
1802,990,2,20,18
1803,990,8,31,23
1802,991,2,57,55
1803,991,1,66,65
1800,992,2,2,0
1801,992,8,18,10
1802,992,7,70,63
1802,993,3,25,22
1807,993,2,2,0
1806,994,4,4,0
1807,994,2,5,3
1806,995,1,8,7
1802,996,2,5,3
1806,997,3,4,1
1807,997,1,1,0
1806,998,1,9,8
1807,998,2,2,0
1800,999,4,5,1
1801,999,3,3,0
1801,1000,1,1,0
1804,1000,2,45,43
1800,1001,1,4,3
1801,1001,1,1,0
1800,1002,1,4,3
1801,1002,4,4,0
1805,1002,5,9,4
1804,1003,6,9,3
1805,1003,5,8,3
1804,1004,3,14,11
1807,1004,4,5,1
1807,1005,2,7,5
1801,1006,3,7,4
1801,1007,6,6,0
1802,1007,2,29,27
1801,1008,3,7,4
1804,1008,6,8,2
1805,1008,3,8,5
1807,1008,1,1,0
1801,1009,1,1,0
1804,1009,2,2,0
1800,1010,3,3,0
1801,1010,10,13,3
1802,1010,1,8,7
1804,1010,3,7,4
1807,1010,3,10,7
1801,1011,1,1,0
1801,1013,4,9,5
1804,1013,4,84,80
1805,1013,3,67,64
1807,1013,9,15,6
1802,1014,1,2,1
1804,1014,6,58,52
1805,1014,3,41,38
1807,1014,3,3,0
1804,1015,5,25,20
1804,1016,5,6,1
1805,1016,1,2,1
1800,1017,3,3,0
1801,1017,3,10,7
1805,1017,1,1,0
1807,1017,5,7,2
1800,1018,2,2,0
1801,1018,4,7,3
1807,1018,3,3,0
1800,1021,5,5,0
1806,1021,4,38,34
1807,1021,2,2,0
1806,1022,3,13,10
1802,1023,1,3,2
1804,1023,4,4,0
1800,1024,2,2,0
1803,1024,4,4,0
1804,1024,4,6,2
1805,1024,2,2,0
1800,1025,8,8,0
1804,1025,1,1,0
1805,1025,2,2,0
1804,1026,7,15,8
1805,1026,11,26,15
1806,1026,5,14,9
1802,1027,6,6,0
1803,1027,9,21,12
1804,1027,1,52,51
1806,1027,8,46,38
1807,1027,4,4,0
1802,1028,7,7,0
1803,1028,8,25,17
1806,1028,3,58,55
1807,1028,11,11,0
1800,1029,1,6,5
1800,1030,3,3,0
1805,1030,3,3,0
1801,1031,2,2,0
1802,1031,8,9,1
1803,1031,8,12,4
1804,1031,2,4,2
1807,1031,11,11,0
1801,1032,3,3,0
1802,1032,5,6,1
1805,1032,1,1,0
1806,1032,1,3,2
1801,1033,3,6,3
1802,1033,2,2,0
1805,1033,10,15,5
1806,1033,9,9,0
1801,1034,3,4,1
1805,1034,7,54,47
1806,1034,9,46,37
1807,1034,3,16,13
1801,1035,4,4,0
1801,1036,6,8,2
1802,1036,3,4,1
1801,1037,4,5,1
1802,1037,2,4,2
1805,1037,1,7,6
1806,1037,1,4,3
1803,1038,2,2,0
1804,1038,2,2,0
1805,1038,1,1,0
1806,1038,3,3,0
1807,1038,4,4,0
1803,1039,1,4,3
1804,1039,2,3,1
1800,1040,11,11,0
1804,1040,10,10,0
1805,1040,5,19,14
1807,1040,3,3,0
1800,1041,1,1,0
1802,1041,2,2,0
1804,1041,6,28,22
1805,1041,18,67,49
1806,1041,6,51,45
1807,1041,14,35,21
1802,1042,7,7,0
1805,1042,12,103,91
1801,1043,1,1,0
1802,1043,8,8,0
1805,1043,5,85,80
1802,1044,5,5,0
1805,1044,11,36,25
1806,1044,1,26,25
1807,1044,8,21,13
1800,1045,3,5,2
1802,1045,3,5,2
1805,1045,2,2,0
1807,1045,8,8,0
1800,1046,2,2,0
1802,1046,5,8,3
1802,1047,9,11,2
1805,1047,6,7,1
1807,1047,2,2,0
1800,1048,10,10,0
1802,1048,2,2,0
1806,1048,9,37,28
1807,1048,17,20,3
1810,1048,1,1,0
1810,1049,1,1,0
1800,1050,1,1,0
1802,1050,1,1,0
1803,1050,5,5,0
1806,1050,9,66,57
1807,1050,11,57,46
1810,1050,1,1,0
1800,1051,2,5,3
1802,1051,1,1,0
1805,1051,2,15,13
1806,1051,13,26,13
1807,1051,11,14,3
1810,1051,1,1,0
1803,1052,2,4,2
1806,1052,8,11,3
1810,1052,1,1,0
1800,1053,2,2,0
1802,1053,4,4,0
1803,1053,8,8,0
1805,1053,2,2,0
1806,1053,7,7,0
1810,1053,1,1,0
1802,1054,2,3,1
1810,1054,1,1,0
1803,1055,4,4,0
1805,1055,4,5,1
1806,1055,6,19,13
1810,1055,1,1,0
1801,1056,10,10,0
1804,1056,12,12,0
1806,1056,16,61,45
1807,1056,1,59,58
1808,1056,12,12,0
1811,1056,5,5,0
1812,1056,4,4,0
1815,1056,9,9,0
1801,1057,5,5,0
1802,1057,2,2,0
1804,1057,3,29,26
1807,1057,5,86,81
1808,1057,12,26,14
1811,1057,3,5,2
1812,1057,5,6,1
1815,1057,2,2,0
1801,1058,7,8,1
1804,1058,15,15,0
1805,1058,7,28,21
1806,1058,23,60,37
1807,1058,22,43,21
1808,1058,7,11,4
1809,1058,3,3,0
1800,1059,5,5,0
1801,1059,4,4,0
1813,1059,1,1,0
1807,1060,8,8,0
1809,1060,4,5,1
1810,1060,1,8,7
1803,1061,4,12,8
1805,1061,3,3,0
1807,1061,13,14,1
1814,1061,2,2,0
1800,1062,6,6,0
1801,1062,2,2,0
1805,1062,12,31,19
1808,1062,2,15,13
1813,1062,2,2,0
1814,1062,3,3,0
1815,1062,1,8,7
1802,1063,6,6,0
1805,1063,21,87,66
1807,1063,2,73,71
1808,1063,8,64,56
1809,1063,2,23,21
1812,1063,3,8,5
1813,1063,1,1,0
1808,1064,11,83,72
1809,1064,2,17,15
1811,1064,5,6,1
1812,1064,6,7,1
1815,1064,2,3,1
1800,1065,2,8,6
1801,1065,2,5,3
1802,1065,1,1,0
1803,1065,2,7,5
1805,1065,2,69,67
1806,1065,2,47,45
1807,1065,2,110,108
1808,1065,5,64,59
1811,1065,1,5,4
1812,1065,1,4,3
1800,1066,2,2,0
1801,1066,2,3,1
1803,1066,1,1,0
1805,1066,1,35,34
1806,1066,1,6,5
1807,1066,2,54,52
1808,1066,7,35,28
1809,1066,1,5,4
1811,1066,2,2,0
1808,1067,7,9,2
1813,1067,3,3,0
1814,1067,2,8,6
1813,1068,1,4,3
1801,1069,2,8,6
1802,1069,2,2,0
1807,1069,2,8,6
1810,1069,1,5,4
1813,1069,4,4,0
1814,1069,2,9,7
1801,1070,2,5,3
1804,1070,2,2,0
1806,1070,2,9,7
1807,1070,2,22,20
1808,1070,3,10,7
1809,1070,2,2,0
1810,1070,4,4,0
1811,1070,1,4,3
1813,1070,2,2,0
1814,1070,7,7,0
1809,1071,2,4,2
1810,1071,1,4,3
1813,1071,1,1,0
1814,1071,4,5,1
1801,1072,3,3,0
1802,1072,2,2,0
1812,1072,2,2,0
1813,1072,2,6,4
1801,1073,3,3,0
1804,1073,3,5,2
1805,1073,1,1,0
1812,1073,1,1,0
1813,1073,1,3,2
1814,1073,1,2,1
1801,1074,4,5,1
1804,1074,5,5,0
1805,1074,5,5,0
1808,1074,5,5,0
1809,1074,3,3,0
1810,1074,1,1,0
1815,1074,2,2,0
1801,1075,6,8,2
1804,1075,2,2,0
1805,1075,4,4,0
1815,1075,2,2,0
1801,1076,9,9,0
1802,1076,2,4,2
1807,1076,15,16,1
1811,1076,2,4,2
1812,1076,2,4,2
1801,1077,6,6,0
1802,1077,2,3,1
1807,1077,20,42,22
1811,1077,2,3,1
1812,1077,3,6,3
1804,1078,3,3,0
1807,1078,12,58,46
1811,1078,1,1,0
1812,1078,1,5,4
1804,1079,8,8,0
1807,1079,1,62,61
1808,1079,4,61,57
1809,1079,4,27,23
1815,1079,3,5,2
1800,1080,2,2,0
1801,1080,1,2,1
1803,1080,2,2,0
1804,1080,5,5,0
1805,1080,5,7,2
1809,1080,1,2,1
1810,1080,1,1,0
1815,1080,3,3,0
1800,1081,1,1,0
1805,1081,1,1,0
1810,1081,5,5,0
1811,1081,4,4,0
1812,1081,1,2,1
1800,1082,1,1,0
1807,1082,1,1,0
1811,1082,2,4,2
1812,1082,4,4,0
1813,1082,3,3,0
1814,1082,1,1,0
1802,1083,3,4,1
1803,1083,4,9,5
1804,1083,1,5,4
1813,1083,3,3,0
1814,1083,3,3,0
1808,1084,1,11,10
1809,1084,3,5,2
1813,1084,3,3,0
1814,1084,4,4,0
1800,1085,1,5,4
1806,1085,3,21,18
1807,1085,5,48,43
1808,1085,1,29,28
1809,1085,8,19,11
1810,1085,7,7,0
1813,1085,3,3,0
1814,1085,3,3,0
1815,1085,1,1,0
1800,1086,7,8,1
1801,1086,1,1,0
1806,1086,5,27,22
1807,1086,2,59,57
1809,1086,1,18,17
1810,1086,7,7,0
1811,1086,1,2,1
1813,1086,3,3,0
1813,1087,1,3,2
1802,1088,2,2,0
1803,1088,1,1,0
1808,1088,4,5,1
1811,1088,4,6,2
1812,1088,3,6,3
1800,1089,3,4,1
1801,1089,1,1,0
1805,1089,1,1,0
1806,1089,3,3,0
1807,1089,3,3,0
1808,1089,5,7,2
1811,1089,3,3,0
1800,1090,9,9,0
1801,1090,1,1,0
1805,1090,4,4,0
1806,1090,3,3,0
1807,1090,1,1,0
1811,1090,1,1,0
1815,1090,1,4,3
1800,1091,1,2,1
1803,1091,1,1,0
1804,1091,3,3,0
1812,1091,1,7,6
1813,1091,1,5,4
1803,1092,4,4,0
1807,1092,1,22,21
1809,1092,1,17,16
1800,1093,2,3,1
1806,1093,5,19,14
1807,1093,22,46,24
1808,1093,5,74,69
1809,1093,7,41,34
1810,1093,6,8,2
1800,1094,5,5,0
1803,1094,2,2,0
1806,1094,3,10,7
1807,1094,18,33,15
1808,1094,2,49,47
1809,1094,7,28,21
1810,1094,6,7,1
1800,1095,2,2,0
1803,1095,6,8,2
1804,1095,6,6,0
1815,1095,1,3,2
1800,1096,4,4,0
1801,1096,3,3,0
1802,1096,2,2,0
1806,1096,2,4,2
1807,1096,8,8,0
1808,1096,3,4,1
1809,1096,2,2,0
1810,1096,1,1,0
1811,1096,2,2,0
1812,1096,3,3,0
1813,1096,3,3,0
1802,1097,2,2,0
1803,1097,1,1,0
1812,1097,1,1,0
1803,1098,1,2,1
1808,1098,1,1,0
1809,1098,2,2,0
1815,1098,1,2,1
1808,1099,5,21,16
1809,1099,4,13,9
1810,1099,2,4,2
1813,1099,1,2,1
1814,1099,1,2,1
1805,1100,4,4,0
1813,1100,2,7,5
1814,1100,3,4,1
1805,1101,3,4,1
1806,1101,3,11,8
1807,1101,2,17,15
1812,1101,2,3,1
1813,1101,2,7,5
1814,1101,2,4,2
1801,1102,1,1,0
1802,1102,2,2,0
1803,1102,2,2,0
1804,1102,1,1,0
1805,1102,1,2,1
1806,1102,3,6,3
1807,1102,6,10,4
1808,1102,2,19,17
1809,1102,6,14,8
1810,1102,7,7,0
1811,1102,2,2,0
1815,1102,1,1,0
1802,1103,4,4,0
1803,1103,4,4,0
1807,1103,1,1,0
1810,1103,3,7,4
1811,1103,1,5,4
1815,1103,4,4,0
1804,1104,1,1,0
1805,1104,2,2,0
1806,1104,2,3,1
1807,1104,3,4,1
1808,1104,1,2,1
1811,1104,8,11,3
1812,1104,2,4,2
1814,1104,7,7,0
1804,1105,1,1,0
1805,1105,1,2,1
1806,1105,1,3,2
1807,1105,1,4,3
1809,1105,6,6,0
1812,1105,1,1,0
1814,1105,4,5,1
1800,1106,1,1,0
1801,1106,1,1,0
1809,1106,21,28,7
1812,1106,1,1,0
1800,1107,1,1,0
1801,1107,1,1,0
1809,1107,30,55,25
1812,1107,6,6,0
1800,1108,1,1,0
1801,1108,1,1,0
1809,1108,30,61,31
1810,1108,1,20,19
1812,1108,6,7,1
1813,1108,1,1,0
1800,1109,1,1,0
1801,1109,1,1,0
1809,1109,21,39,18
1812,1109,5,5,0
1804,1110,1,1,0
1805,1110,1,2,1
1806,1110,1,3,2
1807,1110,1,4,3
1809,1110,8,12,4
1811,1110,1,2,1
1812,1110,3,3,0
1814,1110,5,5,0
1804,1111,1,1,0
1805,1111,2,2,0
1806,1111,2,3,1
1807,1111,3,4,1
1811,1111,7,9,2
1812,1111,2,3,1
1814,1111,8,8,0
1800,1112,1,3,2
1811,1112,2,2,0
1812,1112,2,2,0
1800,1113,1,1,0
1815,1113,4,6,2
1808,1114,1,36,35
1811,1114,2,3,1
1815,1114,3,3,0
1808,1115,2,55,53
1811,1115,3,12,9
1808,1116,2,23,21
1811,1116,3,3,0
1815,1116,1,1,0
1808,1117,2,2,0
1808,1118,4,5,1
1811,1118,3,4,1
1812,1118,2,2,0
1800,1119,3,3,0
1801,1119,2,2,0
1811,1119,2,2,0
1812,1119,2,2,0
1815,1119,1,1,0
1810,1120,3,3,0
1813,1120,3,3,0
1810,1121,1,20,19
1813,1121,3,3,0
1808,1122,8,37,29
1811,1122,3,5,2
1812,1122,2,2,0
1813,1122,1,2,1
1815,1122,1,1,0
1808,1123,15,25,10
1810,1123,6,20,14
1815,1123,3,3,0
1808,1124,3,3,0
1809,1124,5,14,9
1810,1124,6,6,0
1809,1125,1,6,5
1810,1125,2,2,0
1810,1126,2,2,0
1815,1126,2,2,0
1810,1127,1,1,0
1812,1127,3,4,1
1815,1127,2,4,2
1812,1128,5,5,0
1815,1128,3,4,1
1813,1129,1,4,3
1809,1130,3,41,38
1810,1130,9,38,29
1813,1130,2,5,3
1814,1130,2,2,0
1809,1131,2,23,21
1810,1131,5,19,14
1813,1131,2,4,2
1812,1132,7,7,0
1815,1132,1,4,3
1808,1133,8,8,0
1812,1133,12,14,2
1815,1133,1,5,4
1808,1134,5,7,2
1809,1134,1,9,8
1810,1134,1,1,0
1812,1134,5,10,5
1813,1134,2,3,1
1809,1135,10,16,6
1810,1135,12,12,0
1813,1135,3,4,1
1809,1136,4,45,41
1810,1136,21,54,33
1811,1136,15,15,0
1808,1137,20,29,9
1809,1137,2,57,55
1811,1137,8,30,22
1812,1137,7,7,0
1813,1137,11,11,0
1814,1137,13,13,0
1814,1139,1,1,0
1808,1140,14,14,0
1811,1140,3,8,5
1812,1140,5,9,4
1813,1140,7,7,0
1814,1140,2,2,0
1810,1142,16,16,0
1811,1142,6,6,0
1814,1142,8,8,0
1815,1142,6,6,0
1814,1143,3,3,0
1808,1144,6,20,14
1808,1145,4,11,7
1811,1145,1,17,16
1811,1146,6,7,1
1812,1146,3,3,0
1808,1147,2,3,1
1811,1147,2,2,0
1812,1147,4,4,0
1808,1148,4,9,5
1811,1148,4,4,0
1812,1148,4,7,3
1815,1148,5,7,2
1811,1149,3,3,0
1815,1149,5,6,1
1811,1150,4,11,7
1811,1151,6,30,24
1812,1151,7,8,1
1809,1152,5,12,7
1810,1152,11,19,8
1811,1152,3,12,9
1814,1152,3,3,0
1815,1152,2,3,1
1809,1153,4,4,0
1810,1153,8,9,1
1811,1153,2,4,2
1814,1153,2,3,1
1809,1154,1,1,0
1810,1154,1,1,0
1812,1154,1,1,0
1813,1154,4,6,2
1814,1154,3,4,1
1808,1155,1,4,3
1809,1155,1,5,4
1810,1155,1,2,1
1812,1155,2,2,0
1813,1155,4,7,3
1814,1155,2,4,2
1811,1156,1,1,0
1812,1156,2,2,0
1813,1156,4,6,2
1814,1156,1,3,2
1811,1157,4,7,3
1812,1157,1,1,0
1815,1157,2,2,0
1810,1158,3,34,31
1811,1158,7,24,17
1812,1158,3,4,1
1815,1158,6,7,1
1810,1159,5,56,51
1811,1159,9,41,32
1812,1159,2,10,8
1815,1159,8,8,0
1808,1160,2,5,3
1809,1160,4,8,4
1810,1160,3,9,6
1814,1160,2,6,4
1815,1160,8,13,5
1809,1161,1,1,0
1810,1161,2,3,1
1810,1164,1,13,12
1811,1164,2,10,8
1808,1165,1,1,0
1809,1165,1,18,17
1812,1165,3,18,15
1813,1165,1,1,0
1808,1166,5,7,2
1809,1166,1,21,20
1813,1166,2,8,6
1814,1166,1,1,0
1808,1167,4,4,0
1810,1168,2,7,5
1811,1168,5,7,2
1812,1168,3,3,0
1813,1168,1,1,0
1808,1169,1,1,0
1808,1170,1,13,12
1815,1170,1,1,0
1811,1171,3,8,5
1812,1171,3,4,1
1810,1172,1,39,38
1811,1172,4,38,34
1812,1172,4,15,11
1808,1173,3,9,6
1809,1173,2,40,38
1815,1173,2,13,11
1808,1174,1,1,0
1809,1174,5,18,13
1810,1174,1,32,31
1809,1175,2,2,0
1810,1175,3,3,0
1811,1175,4,4,0
1812,1175,4,4,0
1813,1175,3,3,0
1811,1176,4,6,2
1814,1176,3,4,1
1808,1177,5,10,5
1814,1177,7,9,2
1808,1178,9,10,1
1814,1178,3,3,0
1808,1179,2,2,0
1811,1179,6,40,34
1812,1179,1,25,24
1813,1179,2,2,0
1810,1180,8,39,31
1811,1180,13,63,50
1812,1180,1,39,38
1810,1181,12,32,20
1811,1181,14,44,30
1810,1182,5,10,5
1811,1182,6,11,5
1808,1183,3,3,0
1814,1183,4,10,6
1808,1185,3,5,2
1810,1185,4,4,0
1811,1185,4,7,3
1808,1186,3,3,0
1810,1186,4,19,15
1811,1186,3,32,29
1812,1186,2,14,12
1808,1189,3,3,0
1810,1189,4,19,15
1811,1189,3,32,29
1812,1189,2,14,12
1808,1190,3,5,2
1810,1190,4,4,0
1811,1190,4,7,3
1809,1192,8,8,0
1810,1192,10,10,0
1814,1192,3,5,2
1815,1192,1,2,1
1812,1193,3,17,14
1808,1194,7,7,0
1811,1194,2,55,53
1812,1194,18,49,31
1815,1194,1,4,3
1808,1195,8,8,0
1812,1195,17,48,31
1815,1195,2,6,4
1812,1196,3,15,12
1809,1197,2,2,0
1810,1197,1,1,0
1809,1198,5,5,0
1810,1198,3,4,1
1812,1199,4,4,0
1808,1200,4,12,8
1811,1200,15,39,24
1813,1200,15,15,0
1814,1200,7,7,0
1808,1201,4,4,0
1811,1201,23,75,52
1813,1201,4,17,13
1811,1202,28,92,64
1815,1202,3,3,0
1810,1203,3,17,14
1811,1203,17,60,43
1812,1203,1,15,14
1815,1203,7,7,0
1809,1204,2,2,0
1810,1204,3,3,0
1813,1204,1,3,2
1814,1204,1,1,0
1815,1204,2,4,2
1809,1205,4,4,0
1813,1205,7,9,2
1814,1205,4,4,0
1809,1206,3,3,0
1812,1206,8,8,0
1815,1206,3,3,0
1808,1207,8,9,1
1809,1207,1,2,1
1812,1207,13,13,0
1815,1207,12,12,0
1810,1208,2,7,5
1811,1208,12,36,24
1812,1208,12,36,24
1813,1208,2,7,5
1808,1210,1,1,0
1815,1210,1,1,0
1809,1211,2,4,2
1810,1211,2,2,0
1813,1211,2,2,0
1814,1211,2,4,2
1810,1212,4,8,4
1811,1212,5,5,0
1812,1212,5,5,0
1813,1212,4,8,4
1809,1213,3,4,1
1810,1213,4,5,1
1813,1213,4,5,1
1814,1213,3,4,1
1808,1214,2,8,6
1809,1214,3,3,0
1814,1214,3,3,0
1815,1214,2,8,6
1808,1216,2,4,2
1812,1216,1,55,54
1813,1216,3,16,13
1815,1216,4,7,3
1815,1219,1,1,0
1808,1220,1,4,3
1809,1220,4,5,1
1810,1220,2,2,0
1814,1220,2,7,5
1815,1220,5,7,2
1815,1221,2,3,1
1815,1222,1,1,0
1809,1223,3,3,0
1810,1223,7,11,4
1811,1223,4,30,26
1815,1223,5,11,6
1809,1224,4,4,0
1810,1224,7,9,2
1813,1224,2,9,7
1814,1224,4,4,0
1809,1225,3,3,0
1810,1225,5,5,0
1811,1225,2,7,5
1813,1225,5,5,0
1814,1225,3,3,0
1809,1226,1,1,0
1810,1226,1,1,0
1811,1226,2,2,0
1812,1226,2,2,0
1808,1227,4,4,0
1815,1227,4,4,0
1808,1228,5,5,0
1815,1228,5,5,0
1808,1229,2,5,3
1810,1229,1,1,0
1811,1229,10,11,1
1812,1229,7,11,4
1815,1229,3,5,2
1810,1230,5,6,1
1811,1230,7,20,13
1812,1230,4,20,16
1808,1231,1,5,4
1809,1231,1,1,0
1814,1231,1,1,0
1815,1231,2,5,3
1808,1232,2,2,0
1811,1232,4,5,1
1812,1232,8,8,0
1813,1232,1,3,2
1808,1233,6,6,0
1812,1233,4,7,3
1813,1233,3,4,1
1814,1233,3,3,0
1815,1233,6,6,0
1808,1234,4,7,3
1811,1234,2,2,0
1812,1234,5,5,0
1813,1234,2,2,0
1814,1234,2,2,0
1815,1234,6,6,0
1811,1235,4,4,0
1812,1235,6,6,0
1813,1235,2,2,0
1810,1236,1,2,1
1808,1237,1,1,0
1809,1237,1,1,0
1815,1237,1,1,0
1809,1238,1,1,0
1810,1238,3,8,5
1810,1239,1,1,0
1811,1239,5,11,6
1812,1239,1,14,13
1813,1239,3,7,4
1815,1249,1,1,0
1812,1250,1,4,3
1813,1250,1,3,2
1814,1250,2,3,1
1815,1250,2,2,0
1808,1251,1,1,0
1809,1251,1,2,1
1810,1251,1,3,2
1811,1251,1,4,3
1812,1251,2,5,3
1813,1251,2,4,2
1814,1251,3,4,1
1815,1251,3,3,0
1808,1252,1,1,0
1809,1252,1,2,1
1810,1252,1,3,2
1811,1252,1,4,3
1812,1252,2,5,3
1813,1252,2,4,2
1814,1252,3,4,1
1815,1252,3,3,0
1812,1253,1,4,3
1813,1253,1,3,2
1814,1253,2,3,1
1815,1253,2,2,0
1815,1254,1,1,0
1812,1256,1,1,0
1813,1256,2,2,0
1812,1257,2,3,1
1813,1257,2,4,2
1812,1258,2,7,5
1813,1258,2,6,4
1812,1259,2,9,7
1813,1259,3,8,5
1812,1260,2,9,7
1813,1260,3,8,5
1812,1261,2,7,5
1813,1261,2,6,4
1812,1262,2,3,1
1813,1262,2,4,2
1812,1263,1,1,0
1813,1263,2,2,0
208,2240,4,4,0
209,2240,4,4,0
210,2240,3,3,0
211,2240,2,2,0
212,2240,1,1,0
208,2241,4,4,0
209,2241,3,3,0
210,2241,3,3,0
211,2241,2,2,0
212,2241,1,1,0
208,2242,3,3,0
209,2242,3,3,0
210,2242,2,2,0
211,2242,1,1,0
208,2243,2,2,0
209,2243,2,2,0
210,2243,1,1,0
211,2243,1,1,0
208,2244,1,1,0
