X,Y,Subtracted,Original 1,Original 2
215,2247,1,1,0
3082,516,1,1,0
3085,516,1,1,0
3082,517,1,1,0
3083,517,1,1,0
3084,517,1,1,0
3085,517,1,1,0
3082,518,1,1,0
3083,518,1,1,0
3084,518,1,1,0
3085,518,1,1,0
3082,519,1,1,0
3083,519,1,1,0
3084,519,1,1,0
3085,519,1,1,0
1785,832,1,1,0
1794,832,2,5,3
1799,832,1,1,0
1787,833,4,4,0
1788,833,5,5,0
1789,833,2,3,1
1793,833,3,3,0
1794,833,5,6,1
1795,833,4,5,1
1796,833,1,1,0
1799,833,4,4,0
1784,834,1,3,2
1799,834,2,9,7
1784,835,7,7,0
1790,835,1,19,18
1791,835,4,55,51
1787,836,4,4,0
1789,836,1,4,3
1793,837,2,37,35
1794,837,3,3,0
1785,838,4,4,0
1791,838,4,4,0
1792,838,1,14,13
1793,838,3,5,2
1797,838,1,3,2
1798,838,2,4,2
1799,838,4,4,0
1788,839,1,1,0
1794,839,2,7,5
1795,839,1,4,3
1793,840,5,10,5
1795,840,3,6,3
1798,840,5,7,2
1795,841,5,5,0
1796,841,7,10,3
1798,841,4,4,0
1793,842,7,51,44
1798,842,8,8,0
1793,843,6,94,88
1798,843,6,11,5
1792,844,5,67,62
1793,844,11,53,42
1795,844,3,6,3
1796,844,3,4,1
1798,844,8,8,0
1793,845,6,6,0
1795,845,1,1,0
1796,845,1,1,0
1798,845,7,7,0
1793,846,4,5,1
1798,846,4,8,4
1793,847,9,10,1
1795,847,7,11,4
1796,847,7,7,0
1798,847,6,6,0
1784,848,2,2,0
1789,848,1,1,0
1790,848,2,2,0
1791,848,1,3,2
1799,848,5,8,3
1788,849,1,1,0
1789,849,1,2,1
1794,849,1,22,21
1788,850,1,1,0
1794,850,2,42,40
1795,850,3,3,0
1794,851,2,29,27
1795,851,1,1,0
1796,851,1,1,0
1799,851,1,4,3
1784,852,2,2,0
1785,852,1,1,0
1799,852,5,7,2
1784,853,3,3,0
1785,853,2,2,0
1799,853,6,11,5
1784,854,1,1,0
1794,854,1,3,2
1799,854,3,9,6
1794,855,2,6,4
1794,856,4,62,58
1795,856,1,23,22
1792,857,5,46,41
1796,857,5,7,2
1797,857,1,1,0
1798,857,4,4,0
1793,858,3,43,40
1794,858,6,49,43
1795,858,5,27,22
1796,858,1,2,1
1798,858,2,2,0
1799,858,6,6,0
1794,859,4,4,0
1795,859,1,1,0
1799,859,7,7,0
1792,860,11,12,1
1796,860,4,4,0
1797,860,2,2,0
1797,861,3,3,0
1794,862,6,18,12
1795,862,3,7,4
1792,863,4,55,51
1796,863,6,17,11
1797,863,5,5,0
1798,863,3,3,0
1792,864,6,67,61
1794,864,3,109,106
1796,864,16,16,0
1797,864,3,3,0
1798,864,2,3,1
1793,865,1,54,53
1794,865,19,80,61
1795,865,4,49,45
1799,865,15,15,0
1793,866,1,4,3
1794,866,5,15,10
1795,866,11,11,0
1797,866,1,1,0
1792,867,10,10,0
1796,867,8,8,0
1797,867,13,13,0
1792,868,4,4,0
1794,868,4,4,0
1799,868,8,8,0
1794,869,23,23,0
1799,869,3,3,0
1794,870,4,88,84
1796,870,8,32,24
1797,870,8,8,0
1792,871,5,14,9
1797,871,3,3,0
1799,871,9,9,0
1794,872,9,69,60
1796,872,6,8,2
1798,872,6,6,0
1795,873,2,3,1
1798,873,1,10,9
1798,874,5,5,0
1793,875,9,9,0
1799,875,2,2,0
1796,876,13,13,0
1793,877,13,14,1
1795,877,13,86,73
1797,877,16,16,0
1799,877,4,4,0
1795,878,8,141,133
1796,878,12,87,75
1797,878,4,13,9
1799,878,4,6,2
1792,879,6,10,4
1795,879,24,88,64
1797,879,4,4,0
1795,880,5,5,0
1796,880,6,9,3
1797,880,3,6,3
1792,881,5,5,0
1793,881,4,4,0
1798,881,2,2,0
1799,881,7,7,0
1794,882,5,16,11
1795,882,11,17,6
1796,882,11,11,0
1797,882,3,3,0
1792,883,4,4,0
1799,883,5,5,0
1792,884,5,10,5
1793,884,1,1,0
1798,884,1,8,7
1799,884,5,7,2
1794,885,2,71,69
1795,885,8,167,159
1796,885,8,179,171
1797,885,2,94,92
1792,886,3,3,0
1798,886,2,2,0
1796,888,3,3,0
1799,888,6,6,0
1795,889,6,6,0
1796,889,1,1,0
1795,890,27,49,22
1796,890,11,39,28
1797,890,24,29,5
1798,890,3,20,17
1795,891,2,115,113
1797,891,3,95,92
1799,891,7,7,0
1792,893,4,17,13
1794,893,21,41,20
1795,893,2,86,84
1796,893,11,94,83
1795,894,3,6,3
1796,894,1,12,11
1792,895,5,5,0
1793,895,3,6,3
1799,895,13,13,0
1792,896,3,3,0
1796,896,4,4,0
1797,896,5,6,1
1794,897,4,4,0
1795,897,3,3,0
1799,897,9,11,2
1792,898,1,1,0
1794,898,2,15,13
1795,898,5,64,59
1796,898,7,111,104
1797,898,9,113,104
1798,898,7,63,56
1799,898,4,11,7
1792,899,8,8,0
1795,899,3,95,92
1796,899,13,176,163
1797,899,15,177,162
1798,899,6,88,82
1794,900,4,4,0
1795,900,7,39,32
1799,901,2,2,0
1792,902,6,6,0
1796,902,5,5,0
1797,902,7,7,0
1798,902,7,7,0
1794,903,6,6,0
1795,903,5,5,0
1795,904,9,11,2
1796,904,2,4,2
1799,904,7,7,0
1792,905,2,7,5
1795,905,5,10,5
1796,905,7,54,47
1797,905,2,81,79
1799,905,2,28,26
1792,906,7,8,1
1793,906,1,1,0
1796,906,6,72,66
1797,906,13,126,113
1798,906,4,96,92
1793,907,3,3,0
1797,907,10,70,60
1798,907,2,51,49
1793,908,1,1,0
1794,908,1,2,1
1797,908,4,5,1
1798,908,1,1,0
1792,909,1,7,6
1799,909,1,4,3
1792,910,4,8,4
1795,910,2,2,0
1796,910,2,7,5
1798,910,1,4,3
1799,910,7,10,3
1799,911,1,1,0
1793,912,5,6,1
1798,912,12,82,70
1800,912,10,10,0
1801,912,6,6,0
1802,912,1,1,0
1804,912,1,1,0
1805,912,2,3,1
1806,912,2,4,2
1807,912,2,4,2
1798,913,14,151,137
1800,913,9,9,0
1801,913,5,5,0
1802,913,1,1,0
1804,913,1,1,0
1805,913,1,2,1
1793,914,2,5,3
1798,914,15,98,83
1800,914,5,5,0
1801,914,3,3,0
1804,914,1,1,0
1793,915,1,4,3
1798,915,11,11,0
1804,915,2,2,0
1805,915,2,2,0
1792,916,3,10,7
1795,916,4,4,0
1798,916,7,7,0
1804,916,3,3,0
1805,916,4,4,0
1806,916,2,2,0
1792,917,4,5,1
1795,917,8,11,3
1796,917,1,1,0
1804,917,2,2,0
1805,917,4,4,0
1806,917,3,3,0
1807,917,2,2,0
1795,918,4,4,0
1798,918,3,7,4
1800,918,6,8,2
1801,918,3,4,1
1804,918,1,1,0
1805,918,2,2,0
1806,918,2,2,0
1807,918,1,1,0
1792,919,1,1,0
1796,919,4,26,22
1800,919,12,14,2
1801,919,7,9,2
1802,919,2,3,1
1794,920,14,18,4
1796,920,1,3,2
1804,920,3,3,0
1794,921,13,13,0
1796,921,11,12,1
1797,921,6,73,67
1798,921,16,85,69
1792,922,4,11,7
1794,922,8,8,0
1803,922,1,2,1
1794,923,3,3,0
1798,923,1,1,0
1802,923,4,10,6
1803,923,3,8,5
1795,924,1,9,8
1798,924,5,10,5
1799,924,1,1,0
1802,924,5,10,5
1803,924,2,8,6
1792,925,1,3,2
1793,925,4,4,0
1806,925,1,7,6
1795,926,2,2,0
1797,926,18,24,6
1798,926,11,72,61
1799,926,20,62,42
1800,926,4,27,23
1806,926,2,4,2
1807,926,1,1,0
1793,927,7,11,4
1797,927,1,42,41
1800,927,7,53,46
1801,927,2,10,8
1804,927,2,4,2
1806,927,2,2,0
1797,928,6,14,8
1802,928,7,7,0
1803,928,2,2,0
1805,928,1,1,0
1792,929,3,7,4
1796,929,2,5,3
1797,929,2,9,7
1792,930,2,2,0
1801,930,3,3,0
1802,930,4,4,0
1803,930,2,3,1
1794,931,3,5,2
1795,931,1,4,3
1799,931,5,21,16
1802,931,3,3,0
1803,931,5,5,0
1804,931,3,3,0
1795,932,2,2,0
1799,932,1,1,0
1806,932,2,2,0
1807,932,9,9,0
1794,933,2,2,0
1795,933,2,3,1
1797,933,1,2,1
1798,933,7,32,25
1799,933,12,66,54
1807,933,2,2,0
1793,934,2,2,0
1794,934,2,9,7
1799,934,3,124,121
1803,934,3,3,0
1804,934,5,5,0
1792,935,3,9,6
1807,935,4,4,0
1793,936,3,3,0
1794,936,4,5,1
1797,936,3,3,0
1802,936,3,3,0
1804,936,1,1,0
1797,937,4,4,0
1798,937,8,8,0
1799,937,1,9,8
1792,938,2,5,3
1792,939,2,2,0
1793,939,1,1,0
1794,939,2,2,0
1800,939,1,7,6
1794,940,2,4,2
1795,940,5,5,0
1798,940,8,18,10
1799,940,9,41,32
1799,941,1,86,85
1806,941,1,1,0
1807,941,3,3,0
1800,942,3,77,74
1804,942,1,1,0
1807,942,5,6,1
1792,943,1,2,1
1795,943,5,7,2
1798,943,4,4,0
1799,943,17,28,11
1800,943,13,13,0
1803,943,1,3,2
1804,943,1,7,6
1804,944,2,2,0
1805,944,2,2,0
1806,944,1,1,0
1792,945,1,1,0
1795,945,1,1,0
1798,945,3,3,0
1800,945,13,13,0
1801,945,8,12,4
1802,945,2,10,8
1806,946,3,3,0
1807,946,9,9,0
1792,947,1,1,0
1798,947,3,3,0
1800,947,16,67,51
1801,947,15,52,37
1802,947,12,31,19
1803,947,7,15,8
1793,948,5,5,0
1794,948,7,7,0
1795,948,1,5,4
1798,948,17,24,7
1805,948,1,1,0
1806,948,3,3,0
1794,949,1,1,0
1798,949,14,28,14
1800,949,21,141,120
1801,949,16,100,84
1802,949,7,46,39
1795,950,1,1,0
1806,950,6,6,0
1807,950,8,8,0
1792,951,7,7,0
1795,951,9,9,0
1796,951,9,9,0
1802,951,2,2,0
1803,951,4,4,0
1804,951,3,3,0
1805,951,1,1,0
1797,952,1,1,0
1799,952,2,2,0
1800,952,2,2,0
1803,952,3,4,1
1800,953,3,3,0
1803,953,4,4,0
1804,953,5,8,3
1807,953,4,4,0
1792,954,1,1,0
1807,954,2,4,2
1794,955,1,1,0
1798,956,1,12,11
1799,956,2,27,25
1800,956,1,71,70
1807,956,5,6,1
1798,957,1,1,0
1799,957,3,11,8
1800,957,3,25,22
1799,958,1,1,0
1792,959,3,6,3
1795,959,1,3,2
1800,959,2,8,6
1803,959,2,2,0
1804,959,2,2,0
1807,959,3,3,0
1804,960,2,4,2
1805,960,3,10,7
1806,960,2,2,0
1800,962,4,55,51
1801,962,1,82,81
1800,963,4,68,64
1801,963,2,100,98
1803,963,1,33,32
1804,963,3,4,1
1805,965,1,6,5
1806,965,1,1,0
1800,966,3,3,0
1801,966,1,7,6
1804,966,2,8,6
1805,966,4,6,2
1807,966,1,1,0
1801,968,15,25,10
1806,968,13,16,3
1800,969,9,47,38
1801,969,7,79,72
1804,969,4,4,0
1806,969,7,11,4
1800,970,15,69,54
1803,970,2,51,49
1804,970,12,12,0
1806,970,3,8,5
1800,971,8,31,23
1801,971,4,61,57
1803,971,2,30,28
1804,971,3,3,0
1806,971,3,7,4
1801,972,11,15,4
1806,972,6,6,0
1801,973,5,5,0
1806,973,4,4,0
1801,974,6,6,0
1803,974,2,3,1
1806,974,3,3,0
1803,975,3,3,0
1804,975,5,5,0
1800,976,1,3,2
1805,976,10,10,0
1802,977,7,130,123
1807,977,8,8,0
1802,978,16,75,59
1803,978,4,63,59
1807,978,10,10,0
1805,979,11,16,5
1802,980,2,2,0
1805,980,5,5,0
1802,981,1,1,0
1803,981,2,13,11
1807,981,8,10,2
1805,982,1,6,5
1807,982,7,14,7
1804,983,5,24,19
1805,983,9,9,0
1802,984,3,105,102
1803,984,1,99,98
1802,985,4,94,90
1803,985,7,85,78
1804,985,3,45,42
1800,986,2,2,0
1801,986,12,25,13
1802,986,18,42,24
1803,986,20,37,17
1804,986,16,18,2
1805,986,4,4,0
1802,989,1,1,0
1803,989,6,6,0
1804,989,6,6,0
1805,989,1,1,0
1807,989,3,3,0
1804,990,2,18,16
1805,990,1,2,1
1800,991,11,11,0
1801,991,8,29,21
1805,991,3,9,6
1807,991,3,4,1
1803,992,8,112,104
1800,993,6,6,0
1807,993,7,9,2
1800,994,2,2,0
1806,994,2,6,4
1802,995,3,3,0
1803,995,6,6,0
1805,995,1,6,5
1800,996,9,10,1
1800,997,2,6,4
1802,998,9,39,30
1803,998,11,87,76
1805,998,3,32,29
1806,998,1,1,0
1800,999,2,2,0
1801,999,4,7,3
1802,999,5,49,44
1806,999,9,16,7
1802,1000,4,19,15
1805,1000,4,15,11
1800,1001,7,7,0
1807,1001,7,7,0
1803,1003,8,8,0
1805,1003,1,7,6
1801,1004,7,7,0
1807,1004,5,5,0
1801,1005,1,13,12
1801,1006,1,11,10
1802,1006,8,30,22
1803,1006,12,107,95
1804,1006,12,77,65
1805,1006,8,59,51
1803,1007,1,95,94
1807,1007,1,6,5
1802,1008,7,7,0
1803,1008,17,24,7
1807,1008,8,8,0
1800,1009,10,10,0
1802,1010,2,8,6
1803,1010,9,9,0
1804,1010,13,13,0
1805,1010,14,17,3
1800,1011,2,2,0
1801,1011,3,4,1
1807,1011,4,4,0
1807,1012,7,7,0
1802,1013,5,15,10
1803,1013,15,76,61
1804,1013,48,131,83
1805,1013,39,91,52
1801,1014,6,6,0
1804,1014,9,66,57
1805,1014,13,52,39
1801,1015,19,19,0
1802,1015,1,1,0
1804,1015,10,16,6
1805,1015,2,11,9
1807,1015,2,2,0
1804,1016,1,2,1
1805,1016,2,2,0
1806,1016,2,2,0
1800,1017,3,3,0
1801,1017,4,4,0
1802,1017,4,4,0
1807,1017,5,5,0
1803,1019,10,10,0
1804,1019,7,30,23
1800,1020,8,8,0
1803,1020,7,34,27
1804,1020,11,75,64
1803,1022,6,16,10
1804,1022,7,34,27
1805,1022,7,35,28
1806,1022,7,17,10
1801,1023,3,3,0
1802,1023,5,5,0
1803,1023,2,2,0
1807,1023,1,3,2
1800,1024,1,3,2
1804,1024,3,3,0
1805,1024,3,4,1
1806,1025,3,3,0
1807,1025,3,3,0
1806,1026,4,20,16
1803,1027,2,5,3
1804,1028,3,61,58
1805,1028,2,96,94
1800,1029,3,3,0
1804,1029,1,23,22
1805,1029,7,46,39
1806,1029,5,34,29
1807,1029,1,4,3
1806,1030,4,4,0
1807,1030,2,2,0
1802,1031,3,5,2
1803,1031,3,4,1
1805,1032,6,7,1
1806,1032,1,4,3
1804,1033,7,11,4
1805,1033,8,25,17
1806,1033,1,13,12
1803,1034,4,4,0
1804,1034,9,37,28
1805,1034,9,68,59
1806,1034,1,53,52
1803,1035,4,5,1
1804,1035,7,42,35
1805,1035,7,81,74
1806,1035,3,72,69
1804,1036,1,14,13
1805,1036,3,42,39
1806,1036,4,37,33
1807,1036,3,10,7
1801,1037,1,4,3
1806,1037,3,8,5
1807,1038,2,6,4
1803,1040,1,1,0
1804,1040,11,11,0
1802,1041,2,4,2
1805,1041,1,69,68
1802,1042,4,4,0
1805,1042,22,118,96
1806,1042,19,99,80
1802,1043,4,4,0
1805,1043,20,99,79
1806,1043,21,84,63
1807,1043,3,50,47
1800,1044,1,4,3
1802,1044,2,6,4
1800,1045,4,5,1
1807,1045,5,5,0
1800,1046,2,2,0
1803,1046,2,2,0
1807,1046,14,14,0
1800,1047,7,7,0
1802,1049,6,7,1
1803,1049,9,12,3
1805,1049,5,60,55
1806,1049,15,85,70
1807,1049,11,77,66
1800,1051,12,12,0
1801,1051,4,5,1
1802,1051,4,4,0
1806,1051,3,13,10
1802,1052,2,6,4
1803,1052,7,7,0
1805,1052,2,6,4
1806,1052,11,13,2
1807,1052,3,3,0
1803,1053,2,4,2
1800,1054,11,11,0
1801,1054,3,3,0
1802,1054,9,9,0
1803,1054,9,9,0
1806,1054,7,10,3
1807,1054,1,8,7
1806,1055,8,33,25
1807,1055,6,41,35
1800,1056,9,12,3
1803,1056,3,13,10
1805,1056,24,24,0
1812,1056,2,5,3
1805,1057,3,60,57
1806,1057,1,116,115
1807,1057,12,54,42
1811,1057,1,3,2
1812,1057,1,7,6
1801,1058,1,1,0
1805,1058,7,25,18
1808,1058,2,13,11
1809,1058,2,3,1
1812,1058,2,2,0
1800,1059,12,17,5
1806,1059,1,2,1
1813,1059,3,6,3
1814,1059,3,5,2
1802,1060,13,13,0
1803,1060,3,5,2
1806,1060,8,10,2
1807,1060,4,4,0
1810,1060,1,10,9
1811,1060,1,4,3
1802,1061,5,5,0
1809,1061,1,1,0
1810,1061,2,4,2
1800,1062,13,14,1
1804,1062,10,10,0
1805,1062,6,12,6
1808,1062,4,15,11
1802,1063,14,16,2
1804,1063,15,17,2
1806,1063,8,80,72
1815,1063,2,2,0
1800,1064,2,2,0
1803,1064,3,6,3
1804,1064,5,5,0
1806,1064,15,88,73
1809,1064,3,14,11
1811,1064,2,2,0
1815,1064,2,2,0
1802,1065,2,3,1
1806,1065,7,54,47
1802,1066,5,5,0
1803,1066,1,2,1
1806,1066,12,18,6
1811,1066,1,2,1
1802,1067,2,2,0
1803,1067,1,1,0
1806,1067,2,2,0
1810,1067,2,2,0
1811,1067,3,3,0
1813,1067,3,3,0
1800,1068,2,2,0
1804,1068,4,4,0
1806,1068,1,1,0
1813,1068,2,2,0
1814,1068,1,7,6
1800,1069,4,4,0
1804,1069,9,9,0
1806,1069,8,8,0
1810,1069,1,5,4
1811,1069,1,5,4
1804,1070,9,11,2
1806,1070,17,26,9
1808,1070,8,15,7
1809,1070,1,1,0
1810,1070,3,3,0
1811,1070,6,6,0
1802,1071,4,4,0
1804,1071,4,14,10
1806,1071,14,44,30
1810,1071,2,2,0
1811,1071,4,7,3
1815,1071,2,2,0
1800,1072,1,1,0
1809,1072,5,5,0
1813,1072,3,5,2
1814,1072,2,2,0
1800,1073,2,2,0
1805,1073,1,1,0
1806,1073,9,9,0
1807,1073,7,21,14
1813,1073,2,3,1
1800,1074,3,3,0
1803,1074,1,1,0
1806,1074,2,2,0
1807,1074,6,9,3
1800,1075,4,4,0
1803,1075,1,1,0
1800,1076,3,3,0
1803,1076,2,2,0
1804,1076,2,2,0
1806,1076,1,1,0
1807,1076,4,7,3
1808,1076,7,8,1
1811,1076,1,2,1
1803,1077,2,2,0
1806,1077,3,10,7
1808,1077,12,27,15
1809,1077,6,10,4
1811,1077,1,1,0
1812,1077,1,2,1
1815,1077,2,3,1
1802,1078,1,1,0
1806,1078,3,21,18
1808,1078,11,49,38
1809,1078,3,20,17
1815,1078,4,4,0
1802,1079,2,2,0
1805,1079,3,3,0
1806,1079,25,29,4
1807,1079,2,56,54
1808,1079,7,62,55
1815,1079,4,4,0
1802,1080,8,8,0
1803,1080,5,5,0
1806,1080,5,8,3
1807,1080,17,17,0
1811,1080,1,1,0
1812,1080,2,2,0
1813,1080,3,3,0
1800,1081,5,5,0
1801,1081,4,4,0
1802,1081,1,1,0
1807,1081,1,1,0
1808,1081,3,5,2
1814,1081,2,2,0
1815,1081,2,2,0
1800,1082,7,7,0
1805,1082,3,4,1
1806,1082,1,1,0
1808,1082,3,5,2
1809,1082,1,1,0
1814,1082,1,1,0
1803,1083,2,4,2
1804,1083,9,9,0
1805,1083,5,5,0
1811,1083,3,3,0
1812,1083,4,6,2
1813,1083,2,2,0
1803,1084,1,2,1
1811,1084,2,2,0
1812,1084,4,5,1
1813,1084,1,1,0
1806,1085,1,20,19
1807,1085,4,48,44
1808,1085,3,45,42
1809,1085,1,21,20
1815,1085,6,8,2
1804,1086,2,2,0
1805,1086,4,4,0
1806,1086,8,30,22
1807,1086,11,62,51
1808,1086,3,45,42
1815,1086,5,6,1
1800,1087,2,3,1
1803,1087,4,6,2
1811,1087,4,4,0
1812,1087,5,10,5
1805,1088,1,4,3
1806,1088,3,6,3
1807,1088,3,6,3
1809,1088,1,1,0
1810,1088,2,2,0
1813,1088,2,2,0
1809,1089,1,3,2
1810,1089,2,3,1
1814,1089,2,2,0
1802,1090,1,1,0
1814,1090,2,2,0
1807,1091,2,2,0
1813,1091,2,5,3
1805,1092,1,1,0
1806,1092,3,8,5
1807,1092,4,14,10
1812,1092,1,7,6
1800,1093,2,2,0
1801,1093,3,3,0
1802,1093,1,2,1
1812,1093,1,1,0
1815,1093,3,4,1
1801,1094,2,2,0
1802,1094,1,3,2
1808,1094,1,47,46
1812,1094,1,1,0
1815,1094,4,7,3
1806,1095,2,2,0
1807,1095,4,10,6
1808,1095,2,4,2
1811,1095,3,10,7
1812,1095,4,8,4
1815,1095,4,4,0
1800,1096,1,1,0
1804,1096,1,1,0
1805,1096,2,2,0
1806,1096,2,3,1
1810,1096,1,4,3
1811,1096,3,4,1
1812,1096,1,1,0
1800,1097,1,1,0
1801,1097,1,1,0
1804,1097,1,1,0
1805,1097,2,2,0
1806,1097,3,3,0
1807,1097,4,4,0
1811,1097,1,3,2
1800,1098,1,1,0
1801,1098,1,1,0
1804,1098,1,1,0
1805,1098,2,2,0
1806,1098,3,3,0
1807,1098,4,4,0
1815,1098,1,3,2
1800,1099,1,1,0
1801,1099,1,1,0
1804,1099,1,1,0
1805,1099,1,2,1
1808,1099,2,20,18
1809,1099,1,13,12
1814,1099,1,2,1
1815,1099,2,2,0
1804,1100,1,1,0
1808,1100,3,44,41
1809,1100,1,25,24
1814,1100,1,4,3
1804,1101,1,1,0
1808,1101,1,45,44
1800,1102,1,1,0
1801,1102,1,1,0
1811,1102,1,1,0
1812,1102,1,2,1
1800,1103,1,1,0
1801,1103,1,1,0
1805,1103,2,2,0
1806,1103,3,3,0
1807,1103,4,4,0
1810,1103,1,4,3
1811,1103,2,3,1
1806,1104,2,2,0
1807,1104,3,3,0
1808,1104,6,7,1
1809,1104,5,7,2
1810,1104,2,5,3
1811,1104,1,1,0
1808,1106,1,20,19
1809,1106,1,13,12
1813,1106,2,3,1
1814,1106,1,1,0
1808,1107,2,64,62
1809,1107,2,44,42
1810,1107,1,18,17
1813,1107,1,1,0
1814,1107,2,3,1
1815,1107,3,3,0
1808,1108,5,67,62
1809,1108,4,46,42
1810,1108,2,19,17
1811,1108,1,2,1
1808,1109,6,25,19
1809,1109,5,17,12
1810,1109,3,7,4
1811,1109,1,1,0
1806,1111,2,2,0
1807,1111,2,2,0
1808,1111,2,3,1
1809,1111,1,3,2
1814,1111,3,3,0
1815,1111,4,7,3
1809,1112,4,7,3
1812,1112,2,2,0
1813,1112,3,3,0
1809,1113,11,16,5
1810,1113,4,5,1
1813,1113,2,2,0
1812,1114,1,1,0
1813,1114,2,2,0
1815,1114,2,4,2
1812,1115,5,5,0
1813,1115,3,3,0
1815,1115,2,2,0
1808,1116,1,18,17
1809,1116,15,27,12
1810,1116,10,16,6
1811,1116,2,2,0
1812,1116,6,6,0
1813,1116,4,4,0
1809,1117,6,6,0
1810,1117,1,1,0
1812,1117,2,3,1
1813,1117,1,4,3
1813,1118,1,3,2
1809,1119,11,11,0
1810,1119,4,4,0
1812,1119,3,3,0
1813,1119,3,3,0
1809,1120,1,9,8
1812,1120,4,4,0
1809,1121,9,41,32
1811,1121,3,3,0
1814,1121,4,4,0
1809,1122,17,61,44
1810,1122,9,38,29
1814,1122,8,8,0
1809,1123,15,45,30
1810,1123,2,21,19
1814,1123,6,6,0
1808,1124,6,6,0
1809,1124,5,15,10
1812,1124,7,9,2
1815,1124,1,1,0
1808,1125,3,3,0
1811,1125,2,2,0
1812,1125,11,16,5
1809,1126,3,9,6
1812,1126,5,11,6
1809,1127,9,16,7
1814,1127,5,5,0
1808,1128,4,4,0
1812,1128,3,3,0
1814,1129,1,1,0
1815,1129,3,3,0
1809,1130,4,45,41
1810,1130,7,41,34
1814,1130,1,1,0
1809,1131,8,23,15
1810,1131,8,20,12
1808,1132,1,1,0
1812,1132,6,7,1
1813,1132,1,1,0
1815,1132,9,9,0
1808,1133,6,6,0
1812,1133,6,11,5
1815,1133,3,8,5
1809,1134,1,3,2
1809,1135,5,15,10
1810,1135,8,11,3
1813,1135,2,2,0
1815,1135,5,5,0
1814,1136,2,6,4
1812,1138,1,1,0
1812,1139,2,2,0
1813,1139,3,5,2
1814,1139,3,4,1
1815,1139,1,1,0
1808,1141,1,1,0
1809,1141,1,3,2
1810,1141,1,4,3
1809,1142,5,10,5
1810,1142,5,15,10
1811,1142,5,5,0
1814,1142,2,3,1
1815,1142,1,1,0
1808,1143,2,15,13
1809,1143,1,36,35
1810,1143,1,41,40
1808,1144,6,25,19
1813,1144,4,5,1
1808,1145,2,11,9
1809,1145,5,31,26
1810,1145,4,35,31
1812,1145,1,2,1
1813,1145,6,7,1
1814,1145,4,8,4
1809,1146,6,8,2
1810,1146,11,14,3
1811,1146,7,8,1
1814,1146,1,1,0
1813,1148,1,5,4
1814,1148,1,3,2
1809,1149,1,1,0
1813,1149,3,3,0
1814,1149,3,3,0
1809,1150,3,16,13
1810,1150,4,27,23
1814,1150,2,2,0
1809,1151,1,43,42
1810,1151,10,64,54
1811,1151,4,36,32
1814,1151,1,7,6
1815,1151,3,3,0
1809,1152,9,16,7
1810,1152,3,23,20
1812,1152,6,6,0
1813,1152,3,3,0
1814,1152,1,5,4
1815,1152,5,6,1
1809,1153,4,4,0
1809,1154,2,2,0
1813,1154,3,3,0
1809,1155,5,5,0
1810,1155,1,1,0
1812,1155,2,2,0
1813,1155,4,9,5
1814,1155,1,9,8
1815,1155,2,2,0
1809,1156,3,3,0
1810,1156,2,2,0
1813,1156,3,3,0
1809,1157,7,10,3
1809,1158,7,24,17
1815,1158,1,3,2
1809,1159,11,29,18
1810,1159,1,53,52
1815,1159,3,3,0
1809,1160,5,5,0
1809,1161,4,4,0
1812,1161,2,2,0
1813,1161,3,3,0
1815,1161,4,4,0
1809,1162,1,1,0
1812,1162,1,1,0
1813,1162,4,4,0
1815,1162,2,2,0
1809,1164,6,6,0
1812,1164,1,3,2
1809,1165,1,14,13
1812,1165,2,11,9
1815,1165,1,1,0
1809,1166,3,14,11
1812,1166,3,13,10
1813,1166,2,2,0
1815,1166,1,1,0
1808,1167,2,3,1
1809,1167,9,9,0
1810,1167,1,14,13
1812,1167,4,9,5
1813,1167,1,3,2
1808,1168,4,4,0
1809,1168,4,4,0
1810,1168,1,4,3
1812,1168,5,5,0
1813,1168,5,5,0
1815,1168,1,1,0
1808,1169,4,7,3
1809,1169,2,2,0
1813,1169,1,1,0
1808,1170,8,9,1
1809,1170,6,6,0
1810,1170,4,4,0
1812,1170,4,4,0
1813,1170,5,5,0
1815,1170,4,4,0
1812,1172,3,19,16
1813,1172,1,1,0
1815,1172,2,2,0
1808,1173,4,16,12
1809,1173,10,40,30
1810,1173,3,63,60
1811,1173,1,60,59
1812,1173,14,35,21
1813,1173,13,13,0
1814,1173,7,7,0
1815,1173,12,12,0
1815,1175,1,5,4
1808,1176,2,5,3
1815,1176,2,2,0
1810,1177,5,6,1
1811,1177,3,5,2
1814,1177,2,9,7
1809,1178,1,1,0
1810,1178,9,13,4
1814,1178,5,5,0
1809,1179,1,1,0
1815,1179,2,2,0
1808,1180,5,14,9
1811,1180,5,66,61
1812,1180,6,47,41
1815,1180,9,11,2
1808,1181,8,10,2
1811,1181,25,58,33
1812,1181,23,41,18
1815,1181,1,5,4
1808,1182,3,3,0
1810,1182,3,4,1
1811,1182,19,24,5
1812,1182,12,12,0
1808,1183,4,7,3
1809,1183,1,2,1
1814,1183,2,9,7
1808,1185,1,1,0
1809,1185,1,1,0
1810,1185,2,2,0
1811,1185,1,1,0
1815,1185,1,1,0
1808,1188,1,1,0
1809,1188,3,8,5
1810,1188,4,33,29
1811,1188,4,56,52
1812,1188,4,45,41
1813,1188,4,12,8
1815,1188,3,4,1
1808,1189,1,1,0
1809,1189,2,3,1
1810,1189,2,14,12
1811,1189,3,24,21
1812,1189,2,16,14
1815,1189,3,4,1
1809,1192,6,8,2
1810,1192,11,13,2
1813,1192,1,1,0
1814,1192,4,4,0
1810,1193,4,15,11
1811,1193,5,29,24
1812,1193,6,23,17
1813,1193,4,4,0
1808,1194,5,5,0
1811,1194,15,61,46
1812,1194,15,56,41
1815,1194,9,9,0
1808,1195,7,7,0
1811,1195,13,56,43
1812,1195,14,53,39
1815,1195,8,9,1
1811,1196,4,18,14
1812,1196,4,16,12
1809,1197,4,4,0
1810,1197,2,2,0
1813,1197,1,1,0
1814,1197,2,2,0
1809,1198,6,8,2
1810,1198,5,5,0
1813,1198,3,5,2
1814,1198,3,6,3
1808,1199,1,1,0
1809,1199,1,1,0
1810,1199,2,2,0
1811,1199,3,3,0
1812,1199,3,4,1
1813,1199,2,4,2
1808,1200,12,12,0
1813,1200,5,5,0
1815,1200,1,5,4
1809,1201,1,1,0
1809,1202,1,5,4
1811,1202,5,67,62
1809,1203,3,3,0
1810,1203,4,19,15
1811,1203,12,46,34
1815,1203,1,2,1
1811,1204,13,18,5
1813,1204,4,4,0
1814,1204,1,1,0
1811,1205,8,10,2
1813,1205,10,10,0
1814,1205,4,4,0
1808,1206,1,2,1
1811,1206,6,12,6
1813,1206,13,13,0
1814,1206,4,4,0
1808,1207,3,4,1
1809,1207,2,2,0
1811,1207,9,12,3
1813,1207,9,9,0
1814,1207,4,4,0
1813,1208,4,8,4
1808,1209,2,2,0
1809,1209,2,2,0
1814,1209,5,5,0
1815,1209,1,1,0
1808,1210,2,2,0
1809,1210,1,1,0
1813,1210,2,14,12
1814,1210,4,4,0
1815,1210,1,1,0
1810,1212,2,4,2
1811,1212,8,9,1
1812,1212,10,11,1
1813,1212,6,9,3
1808,1213,5,5,0
1811,1213,3,7,4
1812,1213,6,10,4
1813,1213,3,5,2
1814,1213,2,2,0
1815,1213,3,4,1
1808,1214,7,10,3
1811,1214,5,5,0
1812,1214,7,7,0
1815,1214,3,9,6
1810,1215,3,8,5
1811,1215,16,39,23
1812,1215,19,42,23
1813,1215,6,13,7
1809,1216,1,1,0
1810,1216,6,24,18
1809,1217,2,2,0
1814,1217,3,3,0
1813,1218,7,8,1
1814,1218,4,4,0
1813,1219,7,7,0
1814,1219,2,2,0
1810,1220,1,6,5
1813,1220,1,6,5
1809,1221,1,2,1
1810,1221,1,1,0
1811,1221,1,1,0
1808,1222,2,2,0
1812,1222,3,15,12
1813,1222,5,6,1
1808,1223,6,6,0
1812,1223,8,48,40
1813,1223,12,28,16
1814,1223,7,7,0
1808,1224,4,6,2
1815,1224,1,2,1
1808,1225,1,4,3
1809,1226,2,2,0
1813,1226,1,4,3
1814,1226,1,3,2
1809,1227,2,2,0
1813,1227,3,5,2
1814,1227,3,5,2
1809,1228,1,1,0
1810,1228,1,1,0
1813,1228,3,6,3
1814,1228,3,5,2
1810,1229,1,2,1
1811,1229,3,11,8
1812,1229,3,14,11
1813,1229,2,8,6
1814,1229,1,3,2
1808,1230,3,4,1
1811,1230,11,25,14
1812,1230,11,28,17
1813,1230,1,10,9
1815,1230,6,6,0
1808,1231,6,6,0
1811,1231,15,34,19
1812,1231,16,37,21
1815,1231,9,9,0
1811,1232,5,5,0
1812,1232,7,9,2
1813,1232,3,9,6
1810,1233,2,5,3
1815,1233,2,2,0
1809,1234,2,2,0
1810,1234,6,6,0
1815,1234,3,3,0
1810,1235,2,2,0
1811,1235,3,3,0
1812,1236,3,16,13
1813,1236,10,16,6
1814,1236,5,7,2
1808,1237,3,4,1
1809,1237,1,1,0
1813,1237,12,28,16
1814,1237,12,15,3
1815,1237,1,1,0
1808,1238,2,3,1
1809,1238,2,2,0
1813,1238,9,21,12
1814,1238,12,12,0
1815,1238,2,2,0
1810,1239,3,3,0
1813,1239,7,7,0
1814,1239,3,3,0
1815,1240,2,3,1
1814,1241,1,2,1
1815,1241,2,3,1
1808,1242,1,1,0
1809,1242,1,1,0
1813,1242,1,1,0
1814,1242,3,3,0
1815,1242,4,4,0
1809,1243,1,1,0
1810,1243,1,4,3
1811,1243,1,5,4
1812,1243,2,6,4
1813,1243,2,5,3
1814,1243,3,3,0
1815,1243,2,2,0
1810,1244,1,8,7
1811,1244,2,13,11
1812,1244,2,13,11
1813,1244,3,10,7
1814,1244,2,4,2
1810,1245,1,9,8
1811,1245,2,14,12
1812,1245,2,14,12
1813,1245,2,10,8
1814,1245,1,4,3
1811,1246,1,7,6
1812,1246,2,8,6
1813,1246,1,6,5
1812,1247,1,1,0
1808,1256,3,3,0
1809,1256,3,3,0
1810,1256,3,3,0
1811,1256,3,3,0
1812,1256,3,3,0
1813,1256,3,3,0
1814,1256,2,3,1
1815,1256,2,3,1
1809,1258,1,1,0
1808,1259,2,2,0
1809,1259,4,4,0
1810,1259,3,8,5
1811,1259,3,11,8
1812,1259,3,11,8
1813,1259,2,8,6
1814,1259,2,4,2
1815,1259,2,2,0
1808,1260,2,2,0
1809,1260,4,4,0
1810,1260,3,8,5
1811,1260,3,11,8
1812,1260,3,11,8
1813,1260,2,8,6
1814,1260,2,4,2
1815,1260,2,2,0
1809,1261,1,1,0
1808,1263,3,3,0
1809,1263,3,3,0
1810,1263,3,3,0
1811,1263,3,3,0
1812,1263,3,3,0
1813,1263,3,3,0
1814,1263,2,3,1
1815,1263,2,3,1
3248,1585,1,1,0
3249,1585,1,1,0
3250,1585,1,1,0
3248,1586,1,1,0
3249,1586,1,1,0
3250,1586,1,1,0
3248,1587,1,1,0
3249,1587,1,1,0
3250,1587,1,1,0
3248,1591,1,1,0
3249,1591,1,1,0
3250,1591,1,1,0
2728,1728,1,1,0
2734,1728,1,1,0
2735,1728,1,2,1
2728,1729,1,1,0
2734,1729,1,1,0
2735,1729,1,1,0
2728,1730,1,2,1
2729,1730,1,1,0
2735,1730,1,1,0
1214,1920,2,2,0
1215,1920,2,2,0
1208,1921,3,3,0
1209,1921,2,2,0
1210,1921,1,1,0
1208,1922,5,5,0
1209,1922,4,4,0
1210,1922,2,2,0
1208,1923,4,4,0
1209,1923,3,3,0
1210,1923,1,1,0
1208,1924,1,1,0
1214,1924,1,1,0
1215,1924,2,2,0
1214,1925,2,2,0
1215,1925,3,3,0
1208,1926,2,2,0
1209,1926,1,1,0
1215,1926,1,1,0
1208,1927,5,5,0
1209,1927,4,4,0
1210,1927,2,2,0
1976,1976,2,2,0
1977,1976,2,2,0
1978,1976,1,1,0
1976,1977,2,2,0
1977,1977,1,1,0
1978,1977,1,1,0
1976,1978,1,1,0
1977,1978,1,1,0
1978,1978,1,1,0
1981,1981,1,1,0
1982,1981,1,1,0
1983,1981,1,1,0
1981,1982,1,1,0
1982,1982,1,1,0
1983,1982,2,2,0
1981,1983,1,1,0
1982,1983,2,2,0
1983,1983,2,2,0
208,2240,2,6,4
209,2240,1,5,4
210,2240,1,4,3
211,2240,1,3,2
212,2240,1,2,1
213,2240,1,1,0
208,2241,1,5,4
209,2241,2,5,3
210,2241,1,4,3
211,2241,1,3,2
212,2241,1,2,1
213,2241,1,1,0
208,2242,1,4,3
209,2242,1,4,3
210,2242,1,3,2
211,2242,2,3,1
212,2242,2,2,0
213,2242,1,1,0
208,2243,1,3,2
209,2243,1,3,2
210,2243,2,3,1
211,2243,1,2,1
212,2243,1,1,0
213,2243,1,1,0
208,2244,1,2,1
209,2244,1,2,1
210,2244,2,2,0
211,2244,1,1,0
212,2244,1,1,0
213,2244,1,1,0
214,2244,1,1,0
208,2245,1,1,0
209,2245,1,1,0
210,2245,1,1,0
211,2245,1,1,0
212,2245,1,1,0
213,2245,1,1,0
214,2245,1,1,0
215,2245,1,1,0
212,2246,1,1,0
213,2246,1,1,0
214,2246,1,1,0
215,2246,1,1,0
213,2247,1,1,0
214,2247,1,1,0
