X,Y,Subtracted,Original 1,Original 2
2735,1730,1,1,0
1793,832,1,2,1
1794,832,1,4,3
1798,832,1,4,3
1799,832,4,4,0
1794,833,1,4,3
1795,833,1,4,3
1799,833,2,2,0
387,834,1,1,0
388,834,1,1,0
1787,834,3,6,3
1788,834,2,4,2
1795,834,2,2,0
1796,834,2,3,1
1799,834,3,7,4
387,835,1,1,0
388,835,1,1,0
1790,835,3,19,16
1791,835,3,54,51
1795,835,1,1,0
1796,835,3,7,4
1799,835,3,6,3
386,836,1,1,0
387,836,2,2,0
388,836,2,2,0
389,836,1,1,0
1789,836,3,6,3
1790,836,8,49,41
1791,836,10,99,89
1794,836,1,4,3
1795,836,4,4,0
1796,836,3,10,7
1797,836,1,1,0
1790,837,7,27,20
1791,837,11,62,51
1796,837,1,2,1
385,838,1,1,0
390,838,1,1,0
1784,838,1,1,0
1791,838,2,2,0
1793,838,2,2,0
1793,839,4,5,1
1794,839,3,12,9
1795,839,1,7,6
1784,840,10,10,0
1786,840,1,1,0
1787,840,2,2,0
1798,840,1,1,0
1799,840,5,5,0
1791,841,8,8,0
1787,842,2,2,0
1788,842,4,4,0
1791,842,1,56,55
1797,842,2,8,6
1785,843,7,12,5
1788,843,8,8,0
1791,843,1,89,88
1797,843,2,2,0
1798,843,4,5,1
1799,843,2,2,0
1785,844,7,7,0
1790,844,1,1,0
1791,844,33,64,31
1785,845,2,2,0
1791,845,16,16,0
1792,845,3,3,0
1787,846,7,7,0
1788,846,5,10,5
1798,846,5,6,1
1799,846,6,11,5
1790,847,4,4,0
1794,847,1,2,1
1795,847,2,3,1
1784,848,3,4,1
1797,848,4,4,0
1799,848,1,3,2
1789,849,1,2,1
1794,849,2,26,24
1797,849,5,5,0
1789,850,1,2,1
1794,850,7,45,38
1795,850,3,3,0
1797,850,4,4,0
1789,851,1,1,0
1792,851,6,23,17
1794,851,12,27,15
1799,851,2,2,0
1784,852,1,1,0
1792,852,6,6,0
1793,852,5,7,2
1799,852,5,6,1
1784,853,2,2,0
1792,853,1,1,0
1799,853,2,7,5
1796,854,2,8,6
1797,854,1,1,0
1799,854,5,7,2
1788,855,1,1,0
1793,855,1,18,17
1794,855,15,15,0
1797,855,2,2,0
1799,855,8,8,0
1792,856,23,35,12
1793,856,3,62,59
1795,856,3,23,20
1792,857,5,52,47
1793,857,5,90,85
1794,857,3,92,89
1797,857,2,3,1
1798,857,2,5,3
1793,858,6,47,41
1794,858,8,57,49
1797,858,2,2,0
1798,858,5,7,2
1794,859,4,5,1
1797,859,1,1,0
1798,859,3,5,2
1792,860,9,14,5
1795,860,1,1,0
1796,860,7,7,0
1797,860,1,4,3
1792,861,11,11,0
1795,861,2,2,0
1796,861,6,6,0
1793,863,1,99,98
1798,863,5,5,0
1792,864,5,49,44
1796,864,2,2,0
1793,865,11,79,68
1794,865,14,79,65
1795,865,9,63,54
1798,865,1,11,10
1799,865,11,17,6
1793,866,9,16,7
1795,866,5,10,5
1792,867,6,7,1
1793,867,1,3,2
1797,867,7,7,0
1798,867,1,7,6
1794,868,3,3,0
1796,868,4,4,0
1798,868,9,9,0
1799,868,7,8,1
1794,869,26,29,3
1796,869,15,15,0
1798,869,1,1,0
1792,870,5,5,0
1794,870,7,110,103
1796,870,14,64,50
1798,870,10,11,1
1793,871,5,114,109
1794,871,24,202,178
1796,871,1,81,80
1798,871,2,2,0
1799,871,5,5,0
1792,873,1,1,0
1795,873,1,10,9
1797,873,1,8,7
1798,873,2,4,2
1792,876,1,6,5
1793,876,1,3,2
1795,876,1,48,47
1797,876,1,19,18
1799,876,1,11,10
1792,879,1,7,6
1799,879,1,1,0
1795,880,19,19,0
1799,880,6,6,0
1792,881,8,8,0
1793,881,4,4,0
1797,881,5,8,3
1799,881,8,8,0
1795,882,2,2,0
1797,882,4,4,0
1793,883,5,5,0
1793,884,5,5,0
1794,884,4,31,27
1795,884,3,103,100
1797,884,10,48,38
1798,884,1,1,0
1799,884,9,11,2
1793,885,1,4,3
1795,885,14,187,173
1796,885,12,197,185
1797,885,31,129,98
1792,886,10,10,0
1797,886,12,46,34
1798,886,3,6,3
1795,887,10,10,0
1797,887,5,8,3
1799,887,2,2,0
1792,888,4,4,0
1793,888,3,3,0
1795,888,4,5,1
1795,889,7,15,8
1797,889,10,10,0
1793,890,3,3,0
1794,890,8,13,5
1795,890,11,57,46
1797,890,30,55,25
1798,890,13,13,0
1793,892,8,8,0
1795,892,18,104,86
1796,892,4,131,127
1797,892,10,128,118
1799,892,7,7,0
1795,893,15,53,38
1796,893,2,71,69
1792,894,1,3,2
1795,894,13,13,0
1796,894,7,11,4
1797,894,11,22,11
1793,895,3,3,0
1795,896,2,2,0
1797,896,4,4,0
1792,897,2,13,11
1795,897,2,2,0
1796,897,8,30,22
1797,897,8,44,36
1798,897,5,24,19
1792,898,1,6,5
1796,898,1,121,120
1797,898,3,133,130
1798,898,2,72,70
1799,898,1,3,2
1792,900,1,4,3
1794,900,1,4,3
1795,900,4,36,32
1796,900,6,68,62
1797,900,6,68,62
1798,900,3,33,30
1795,901,1,1,0
1796,901,4,4,0
1792,903,5,10,5
1799,903,4,4,0
1794,904,12,12,0
1796,904,1,7,6
1797,904,29,29,0
1799,904,1,10,9
1792,905,2,2,0
1794,905,15,15,0
1797,905,9,108,99
1794,906,4,4,0
1797,906,4,139,135
1799,906,10,61,51
1796,907,7,34,27
1797,907,16,81,65
1799,907,11,18,7
1792,908,9,9,0
1796,908,1,1,0
1797,908,9,10,1
1792,909,3,7,4
1794,909,7,7,0
1795,909,8,11,3
1799,909,5,5,0
1794,910,1,1,0
1795,910,5,10,5
1798,910,9,17,8
1799,910,1,1,0
1797,911,11,20,9
1798,911,8,31,23
1793,912,5,10,5
1796,912,11,18,7
1798,912,9,83,74
1799,912,8,59,51
1801,912,1,1,0
1806,912,2,2,0
1807,912,2,2,0
1793,913,1,4,3
1796,913,9,58,49
1797,913,13,136,123
1798,913,8,145,137
1793,914,11,11,0
1794,914,6,6,0
1796,914,6,19,13
1797,914,14,74,60
1798,914,19,85,66
1804,914,1,1,0
1805,914,1,1,0
1793,915,10,10,0
1794,915,7,10,3
1804,915,2,2,0
1805,915,3,3,0
1792,916,3,4,1
1804,916,3,3,0
1805,916,4,4,0
1806,916,2,2,0
1795,917,9,9,0
1796,917,5,6,1
1799,917,6,6,0
1805,917,2,3,1
1806,917,2,2,0
1793,918,2,4,2
1794,918,1,9,8
1795,918,1,1,0
1793,919,3,3,0
1796,919,7,34,27
1797,919,14,85,71
1798,919,9,89,80
1792,920,2,2,0
1794,920,8,9,1
1796,920,2,14,12
1797,920,10,73,63
1792,921,1,6,5
1794,921,6,6,0
1796,921,6,6,0
1797,921,18,49,31
1799,921,12,67,55
1794,922,1,1,0
1796,922,1,1,0
1797,922,18,21,3
1798,922,3,19,16
1799,922,19,31,12
1796,923,3,3,0
1797,923,2,2,0
1799,923,6,6,0
1796,924,3,3,0
1793,925,5,5,0
1795,925,2,2,0
1796,925,2,2,0
1798,925,1,12,11
1793,926,13,13,0
1796,926,5,5,0
1798,926,7,57,50
1793,927,18,18,0
1796,927,8,11,3
1798,927,4,98,94
1792,928,1,1,0
1797,928,8,20,12
1798,928,2,52,50
1800,928,11,21,10
1801,928,3,7,4
1807,928,1,1,0
1793,929,1,1,0
1794,929,4,4,0
1795,929,4,4,0
1800,929,6,13,7
1807,929,2,2,0
1792,930,1,3,2
1796,930,2,6,4
1797,930,3,4,1
1807,930,4,4,0
1792,931,3,3,0
1796,931,4,4,0
1797,931,5,5,0
1798,931,3,6,3
1807,931,3,5,2
1794,932,3,3,0
1795,932,5,7,2
1800,932,8,8,0
1801,932,1,1,0
1803,932,2,2,0
1804,932,2,2,0
1807,932,4,4,0
1794,933,1,1,0
1795,933,1,2,1
1798,933,1,24,23
1799,933,3,56,53
1803,933,1,1,0
1804,933,2,2,0
1807,933,2,2,0
1792,934,3,3,0
1797,934,11,11,0
1798,934,3,58,55
1795,935,4,4,0
1799,935,7,63,56
1800,935,9,63,54
1801,935,5,34,29
1802,935,5,6,1
1804,935,1,1,0
1795,936,4,4,0
1796,936,9,9,0
1799,936,10,11,1
1804,936,1,1,0
1805,936,4,5,1
1806,936,1,3,2
1793,937,5,6,1
1796,937,1,1,0
1797,937,1,4,3
1799,937,8,10,2
1800,937,1,2,1
1801,937,1,5,4
1802,937,1,6,5
1807,937,2,3,1
1793,938,9,9,0
1794,938,3,3,0
1797,938,5,5,0
1798,938,1,1,0
1802,938,5,5,0
1803,938,1,3,2
1807,938,6,7,1
1793,939,9,9,0
1794,939,3,8,5
1799,939,1,5,4
1807,939,4,4,0
1793,940,4,4,0
1795,940,1,7,6
1796,940,5,5,0
1800,940,3,61,58
1804,940,1,5,4
1805,940,2,9,7
1806,940,2,4,2
1792,941,5,5,0
1795,941,4,4,0
1796,941,6,6,0
1800,941,6,111,105
1804,941,1,2,1
1805,941,4,5,1
1792,942,1,2,1
1796,942,5,5,0
1797,942,1,1,0
1800,942,2,75,73
1793,943,4,4,0
1799,943,1,2,1
1803,943,2,5,3
1807,943,4,4,0
1793,944,6,8,2
1794,944,3,3,0
1796,944,4,4,0
1797,944,1,1,0
1800,944,9,9,0
1803,944,7,7,0
1804,944,8,8,0
1807,944,6,8,2
1794,946,1,3,2
1804,946,2,5,3
1805,946,7,10,3
1806,946,8,9,1
1807,946,2,2,0
1793,947,3,5,2
1794,947,1,1,0
1799,947,1,21,20
1805,947,1,1,0
1806,947,3,4,1
1800,948,3,105,102
1801,948,12,87,75
1802,948,11,48,37
1798,949,2,13,11
1799,949,6,73,67
1800,949,1,116,115
1801,949,5,90,85
1802,949,6,49,43
1803,949,4,14,10
1805,949,4,4,0
1806,949,7,7,0
1807,949,2,5,3
1796,950,1,3,2
1798,950,8,8,0
1799,950,13,39,26
1793,951,1,12,11
1794,951,1,7,6
1800,951,6,9,3
1803,951,1,1,0
1804,951,7,9,2
1793,952,2,2,0
1797,952,1,2,1
1798,952,4,4,0
1800,952,6,7,1
1801,952,2,2,0
1803,952,2,9,7
1806,952,3,6,3
1794,953,2,2,0
1795,953,3,3,0
1795,954,6,7,1
1796,954,2,2,0
1799,954,4,15,11
1802,954,2,18,16
1792,955,8,8,0
1798,955,1,13,12
1799,955,17,44,27
1801,955,1,94,93
1802,955,6,52,46
1807,955,5,5,0
1792,956,8,8,0
1798,956,1,13,12
1799,956,17,44,27
1802,956,3,60,57
1803,956,2,2,0
1807,956,9,12,3
1795,957,6,7,1
1796,957,2,2,0
1799,957,4,15,11
1807,957,3,7,4
1794,958,2,2,0
1795,958,3,3,0
1805,958,1,3,2
1793,959,2,2,0
1797,959,1,2,1
1798,959,4,4,0
1800,959,5,11,6
1804,959,1,1,0
1805,959,4,5,1
1801,960,4,7,3
1805,960,7,7,0
1803,961,1,1,0
1800,962,9,60,51
1803,962,8,31,23
1804,962,4,4,0
1807,962,6,6,0
1800,963,6,62,56
1803,963,2,35,33
1804,963,2,5,3
1807,963,6,6,0
1806,964,2,2,0
1801,965,6,7,1
1802,965,5,5,0
1805,965,5,5,0
1800,966,1,3,2
1801,966,5,10,5
1802,966,3,3,0
1803,966,1,1,0
1804,966,5,10,5
1805,966,5,5,0
1807,966,1,1,0
1804,967,4,6,2
1807,967,1,3,2
1800,968,4,4,0
1804,968,3,3,0
1805,968,3,3,0
1806,968,1,2,1
1803,969,2,46,44
1807,969,7,8,1
1801,970,1,104,103
1802,970,7,115,108
1803,970,8,61,53
1807,970,6,6,0
1800,971,19,33,14
1801,971,6,54,48
1803,971,5,28,23
1804,971,2,2,0
1800,972,6,6,0
1804,972,4,4,0
1805,972,1,1,0
1803,973,5,6,1
1807,973,10,10,0
1802,974,4,4,0
1803,974,6,6,0
1804,974,2,4,2
1806,974,1,1,0
1807,974,6,6,0
1800,976,1,1,0
1803,976,23,63,40
1805,976,5,12,7
1803,977,22,110,88
1805,977,4,4,0
1807,977,9,29,20
1801,978,8,52,44
1803,978,17,56,39
1805,978,1,1,0
1801,979,1,1,0
1803,979,1,1,0
1805,979,9,22,13
1805,980,12,12,0
1806,980,4,5,1
1807,980,2,7,5
1807,981,3,3,0
1800,982,1,1,0
1803,982,1,14,13
1804,982,3,14,11
1804,983,4,16,12
1807,983,6,6,0
1801,984,7,50,43
1807,984,1,1,0
1801,985,12,49,37
1802,985,2,69,67
1803,985,4,78,74
1801,986,1,18,17
1803,986,8,31,23
1804,986,6,16,10
1806,986,3,3,0
1807,986,1,3,2
1803,987,5,5,0
1804,987,8,8,0
1806,987,5,6,1
1800,988,7,7,0
1801,988,5,5,0
1803,988,2,2,0
1804,988,6,6,0
1800,989,4,6,2
1801,989,6,7,1
1803,989,2,2,0
1804,989,3,3,0
1806,989,3,4,1
1801,990,5,10,5
1806,990,6,6,0
1800,991,5,5,0
1801,991,17,33,16
1806,991,2,2,0
1801,992,13,15,2
1802,992,14,64,50
1805,992,1,8,7
1802,993,3,29,26
1800,994,1,2,1
1803,994,1,11,10
1800,995,3,8,5
1807,995,4,4,0
1802,996,2,2,0
1802,997,1,22,21
1805,997,2,7,5
1800,999,3,3,0
1803,999,9,113,104
1804,999,11,106,95
1800,1000,5,5,0
1802,1000,11,16,5
1805,1000,10,10,0
1807,1000,6,6,0
1801,1002,4,10,6
1802,1002,7,7,0
1805,1002,11,11,0
1806,1002,2,8,6
1801,1003,1,2,1
1805,1003,3,7,4
1801,1004,1,1,0
1800,1005,3,3,0
1801,1005,9,9,0
1803,1005,6,85,79
1804,1005,6,65,59
1800,1007,4,4,0
1801,1007,2,15,13
1803,1007,12,80,68
1804,1007,11,53,42
1807,1007,2,7,5
1800,1008,4,4,0
1801,1008,2,4,2
1802,1008,1,1,0
1806,1008,4,4,0
1803,1009,1,1,0
1800,1010,2,2,0
1802,1010,8,8,0
1803,1010,10,10,0
1804,1010,8,8,0
1806,1010,1,3,2
1807,1010,4,4,0
1800,1011,4,4,0
1805,1011,2,2,0
1800,1012,3,3,0
1805,1012,13,37,24
1806,1012,13,13,0
1801,1013,2,2,0
1802,1013,22,26,4
1803,1013,15,70,55
1804,1013,2,94,92
1805,1013,14,75,61
1806,1013,22,33,11
1807,1013,3,3,0
1802,1014,5,5,0
1803,1014,8,39,31
1800,1015,16,16,0
1806,1017,4,4,0
1807,1017,4,4,0
1805,1018,4,5,1
1806,1018,4,5,1
1807,1018,1,1,0
1800,1020,2,7,5
1800,1021,1,4,3
1803,1022,1,7,6
1805,1022,1,30,29
1806,1022,1,13,12
1801,1023,1,7,6
1802,1023,1,6,5
1802,1024,2,2,0
1803,1024,2,4,2
1805,1025,4,4,0
1806,1025,3,3,0
1804,1026,7,14,7
1805,1026,15,32,17
1806,1026,8,23,15
1801,1027,3,3,0
1802,1027,8,8,0
1803,1027,1,16,15
1806,1027,1,50,49
1807,1027,3,4,1
1801,1028,2,2,0
1802,1028,1,1,0
1800,1029,7,7,0
1804,1029,2,29,27
1805,1029,14,55,41
1806,1029,10,37,27
1800,1030,6,6,0
1804,1030,5,5,0
1805,1030,17,17,0
1806,1030,11,11,0
1802,1031,3,3,0
1800,1032,3,3,0
1801,1032,2,2,0
1805,1032,3,13,10
1800,1033,6,7,1
1801,1033,1,5,4
1804,1033,2,9,7
1805,1033,3,27,24
1804,1034,5,30,25
1805,1034,4,65,61
1801,1035,1,2,1
1803,1035,1,1,0
1804,1035,3,34,31
1805,1035,3,75,72
1801,1036,2,7,5
1801,1037,2,5,3
1806,1037,1,2,1
1807,1038,2,2,0
1803,1039,3,3,0
1804,1039,2,4,2
1800,1040,2,4,2
1801,1040,5,5,0
1805,1040,27,60,33
1803,1041,8,8,0
1805,1041,25,96,71
1807,1041,7,39,32
1803,1042,12,15,3
1805,1042,23,118,95
1807,1042,7,67,60
1803,1043,12,12,0
1805,1043,17,92,75
1807,1043,7,53,46
1803,1044,5,5,0
1804,1044,2,10,8
1805,1044,8,41,33
1806,1044,3,23,20
1807,1044,5,19,14
1801,1045,3,3,0
1803,1045,2,2,0
1806,1045,1,1,0
1801,1046,2,2,0
1803,1046,2,2,0
1800,1047,1,1,0
1801,1047,1,1,0
1803,1047,1,2,1
1804,1047,5,6,1
1806,1047,4,4,0
1801,1048,3,3,0
1806,1048,3,43,40
1807,1048,3,11,8
1808,1048,4,4,0
1809,1048,3,3,0
1810,1048,1,1,0
1801,1049,4,4,0
1802,1049,7,7,0
1803,1049,1,1,0
1804,1049,5,14,9
1805,1049,1,57,56
1808,1049,4,4,0
1809,1049,3,3,0
1810,1049,1,1,0
1802,1050,2,4,2
1805,1050,3,39,36
1806,1050,1,52,51
1808,1050,3,3,0
1809,1050,2,2,0
1810,1050,1,1,0
1805,1051,4,10,6
1806,1051,9,15,6
1808,1051,3,3,0
1809,1051,2,2,0
1810,1051,1,1,0
1802,1052,6,6,0
1803,1052,4,4,0
1805,1052,3,6,3
1808,1052,2,2,0
1809,1052,1,1,0
1802,1053,4,4,0
1806,1053,2,5,3
1808,1053,2,2,0
1809,1053,1,1,0
1815,1053,1,1,0
1800,1054,3,3,0
1806,1054,8,8,0
1807,1054,10,10,0
1808,1054,1,1,0
1814,1054,1,1,0
1815,1054,1,1,0
1802,1055,3,3,0
1803,1055,7,7,0
1804,1055,1,1,0
1805,1055,4,13,9
1808,1055,1,1,0
1814,1055,1,1,0
1815,1055,2,2,0
1801,1056,8,8,0
1802,1056,6,9,3
1805,1056,23,39,16
1806,1056,10,71,61
1812,1056,2,3,1
1815,1056,4,6,2
1802,1057,1,1,0
1806,1057,16,100,84
1807,1057,27,103,76
1809,1057,4,13,9
1812,1057,5,5,0
1800,1058,9,9,0
1808,1058,5,16,11
1809,1058,5,5,0
1812,1058,1,1,0
1813,1058,5,5,0
1800,1059,1,1,0
1803,1059,11,12,1
1804,1059,2,2,0
1805,1059,1,1,0
1806,1059,1,7,6
1807,1059,4,4,0
1813,1059,3,6,3
1802,1060,2,2,0
1803,1060,12,15,3
1804,1060,6,6,0
1806,1060,2,2,0
1809,1060,4,5,1
1800,1061,5,7,2
1810,1061,3,3,0
1800,1062,2,2,0
1804,1062,2,2,0
1805,1062,22,31,9
1806,1062,19,63,44
1807,1062,9,69,60
1812,1062,1,1,0
1815,1062,1,5,4
1802,1063,3,3,0
1803,1063,3,3,0
1804,1063,1,11,10
1807,1063,5,90,85
1812,1063,7,7,0
1804,1064,9,12,3
1806,1064,10,104,94
1812,1064,1,2,1
1815,1064,2,3,1
1806,1065,4,54,50
1809,1065,1,17,16
1811,1065,2,6,4
1811,1066,2,2,0
1802,1067,1,1,0
1803,1067,4,5,1
1804,1067,3,3,0
1800,1068,2,2,0
1802,1068,1,1,0
1803,1068,6,6,0
1807,1068,1,1,0
1810,1068,1,10,9
1811,1068,2,8,6
1814,1068,1,6,5
1807,1069,5,5,0
1810,1069,1,6,5
1811,1069,2,6,4
1814,1069,1,5,4
1807,1070,13,26,13
1811,1070,2,2,0
1815,1070,1,2,1
1803,1071,5,5,0
1805,1071,13,13,0
1807,1071,21,53,32
1809,1071,2,10,8
1810,1071,4,6,2
1811,1071,3,9,6
1803,1072,5,5,0
1804,1072,4,4,0
1806,1072,2,20,18
1807,1072,16,42,26
1800,1073,1,1,0
1803,1073,2,2,0
1809,1073,1,4,3
1810,1073,2,2,0
1815,1073,1,1,0
1802,1074,4,5,1
1803,1074,1,2,1
1808,1074,4,4,0
1809,1074,3,3,0
1810,1074,3,3,0
1815,1074,3,3,0
1801,1075,1,2,1
1802,1075,5,5,0
1805,1075,6,6,0
1806,1075,6,6,0
1810,1075,1,1,0
1815,1075,3,3,0
1801,1076,6,6,0
1802,1076,4,4,0
1811,1076,2,5,3
1800,1077,2,4,2
1801,1077,1,1,0
1806,1077,3,13,10
1807,1077,3,31,28
1811,1077,2,4,2
1803,1078,4,7,3
1804,1078,4,4,0
1805,1078,1,1,0
1806,1078,7,26,19
1807,1078,14,61,47
1811,1078,2,2,0
1803,1079,6,9,3
1808,1079,3,60,57
1809,1079,3,27,24
1810,1079,1,1,0
1815,1079,6,6,0
1802,1080,4,6,2
1803,1080,1,4,3
1812,1080,1,6,5
1813,1080,2,8,6
1814,1080,1,1,0
1806,1081,1,1,0
1807,1081,3,3,0
1808,1081,3,3,0
1809,1081,2,2,0
1800,1082,3,10,7
1801,1082,3,4,1
1809,1082,1,2,1
1810,1082,3,4,1
1811,1082,3,3,0
1814,1082,2,2,0
1815,1082,3,8,5
1800,1083,5,5,0
1801,1083,3,3,0
1802,1083,4,4,0
1803,1083,1,7,6
1811,1083,1,7,6
1812,1083,4,8,4
1813,1083,3,3,0
1814,1083,1,1,0
1815,1083,2,2,0
1806,1084,1,1,0
1807,1084,4,17,13
1808,1084,1,18,17
1809,1084,1,2,1
1806,1085,1,21,20
1807,1085,1,51,50
1800,1086,6,8,2
1801,1086,1,1,0
1803,1086,1,4,3
1812,1086,2,5,3
1813,1086,1,1,0
1814,1086,1,1,0
1815,1086,6,8,2
1804,1087,1,4,3
1806,1087,3,3,0
1807,1087,4,19,15
1811,1087,2,3,1
1812,1087,1,5,4
1813,1088,1,1,0
1815,1088,3,3,0
1803,1089,1,4,3
1804,1089,1,7,6
1808,1089,6,6,0
1809,1089,2,2,0
1810,1089,1,1,0
1811,1089,2,2,0
1803,1090,1,1,0
1804,1090,2,8,6
1805,1090,1,5,4
1806,1090,1,1,0
1815,1090,3,3,0
1808,1091,5,5,0
1811,1091,2,2,0
1812,1091,4,7,3
1813,1091,2,3,1
1808,1092,8,42,34
1809,1092,8,19,11
1812,1092,4,7,3
1813,1092,2,6,4
1802,1094,1,3,2
1803,1094,1,5,4
1808,1094,15,48,33
1809,1094,13,27,14
1810,1094,6,6,0
1800,1095,2,4,2
1803,1095,3,3,0
1804,1095,1,1,0
1815,1095,3,5,2
1803,1096,2,3,1
1804,1096,3,3,0
1805,1096,2,2,0
1809,1096,1,1,0
1810,1096,2,2,0
1811,1096,1,1,0
1815,1096,1,1,0
1803,1097,1,1,0
1804,1097,2,2,0
1805,1097,1,2,1
1806,1097,1,3,2
1811,1097,1,3,2
1813,1097,1,3,2
1814,1097,3,3,0
1815,1097,3,3,0
1805,1098,1,3,2
1806,1098,1,5,4
1807,1098,2,7,5
1808,1098,5,8,3
1809,1098,3,3,0
1806,1099,1,7,6
1807,1099,3,10,7
1808,1099,9,26,17
1809,1099,4,14,10
1806,1100,1,7,6
1807,1100,2,10,8
1812,1100,1,1,0
1813,1100,4,4,0
1814,1100,3,3,0
1815,1100,1,1,0
1813,1101,1,1,0
1814,1101,2,2,0
1815,1101,2,2,0
1802,1102,1,1,0
1803,1102,1,1,0
1804,1102,1,2,1
1808,1102,3,16,13
1809,1102,5,12,7
1810,1102,5,5,0
1802,1103,2,2,0
1803,1103,3,3,0
1804,1103,2,3,1
1810,1103,3,3,0
1811,1103,3,3,0
1814,1103,2,2,0
1815,1103,4,4,0
1800,1106,1,1,0
1806,1106,1,4,3
1807,1106,1,5,4
1800,1107,2,2,0
1805,1107,2,3,1
1806,1107,2,7,5
1807,1107,2,9,7
1800,1108,2,2,0
1805,1108,2,3,1
1806,1108,2,7,5
1807,1108,2,9,7
1800,1109,1,1,0
1806,1109,1,4,3
1807,1109,1,5,4
1809,1112,2,5,3
1810,1112,2,6,4
1811,1112,1,1,0
1813,1112,2,3,1
1814,1112,2,2,0
1808,1115,2,53,51
1809,1115,2,47,45
1810,1115,3,31,28
1811,1115,2,10,8
1808,1116,6,21,15
1809,1116,5,20,15
1810,1116,4,12,8
1809,1117,1,2,1
1813,1119,4,4,0
1814,1119,4,4,0
1809,1120,2,11,9
1810,1120,6,10,4
1809,1121,2,34,32
1810,1121,6,25,19
1811,1121,3,3,0
1809,1122,1,45,44
1810,1122,5,31,26
1811,1122,4,6,2
1815,1122,1,2,1
1810,1123,3,17,14
1810,1124,2,2,0
1812,1124,1,1,0
1812,1125,2,6,4
1813,1125,1,3,2
1812,1126,2,9,7
1813,1126,3,4,1
1812,1127,3,9,6
1813,1127,3,3,0
1813,1128,3,3,0
1814,1128,1,5,4
1808,1129,3,30,27
1809,1129,1,44,43
1812,1129,1,2,1
1808,1130,1,18,17
1809,1130,2,34,32
1810,1130,3,38,35
1811,1130,2,19,17
1815,1131,4,5,1
1809,1133,2,3,1
1812,1134,1,1,0
1813,1134,1,1,0
1808,1136,19,22,3
1809,1136,11,58,47
1810,1136,8,61,53
1811,1136,2,19,17
1813,1136,1,1,0
1814,1136,7,7,0
1810,1137,6,55,49
1811,1137,4,23,19
1814,1137,3,3,0
1810,1138,7,26,19
1811,1138,7,13,6
1814,1138,3,3,0
1815,1138,2,3,1
1810,1139,2,2,0
1811,1139,4,4,0
1813,1139,1,1,0
1814,1139,3,3,0
1815,1139,2,4,2
1808,1140,11,11,0
1811,1140,1,1,0
1813,1140,3,3,0
1808,1141,4,4,0
1813,1141,1,2,1
1814,1141,1,1,0
1811,1142,4,5,1
1814,1142,3,4,1
1808,1143,3,18,15
1810,1143,6,56,50
1811,1143,15,31,16
1812,1143,1,3,2
1814,1143,1,1,0
1808,1144,10,28,18
1809,1144,8,57,49
1811,1144,17,38,21
1813,1144,11,11,0
1811,1145,4,21,17
1813,1145,7,10,3
1811,1146,3,8,5
1813,1146,8,8,0
1815,1146,1,1,0
1808,1147,8,8,0
1809,1147,1,1,0
1811,1147,5,5,0
1812,1147,4,4,0
1813,1147,3,3,0
1815,1147,1,1,0
1808,1148,8,11,3
1812,1148,1,3,2
1812,1149,2,2,0
1810,1150,6,34,28
1812,1150,9,9,0
1814,1150,4,6,2
1810,1151,8,65,57
1812,1151,14,21,7
1814,1151,2,8,6
1808,1152,3,5,2
1809,1152,8,15,7
1810,1152,7,19,12
1811,1152,1,12,11
1809,1153,3,3,0
1810,1153,4,7,3
1813,1153,1,1,0
1814,1153,1,1,0
1813,1154,1,2,1
1809,1156,5,5,0
1810,1156,6,6,0
1811,1156,1,1,0
1813,1156,3,3,0
1814,1156,2,2,0
1810,1157,1,12,11
1813,1157,2,2,0
1814,1157,2,2,0
1808,1159,10,11,1
1809,1159,14,30,16
1810,1159,12,41,29
1811,1159,7,32,25
1812,1159,4,13,9
1813,1159,2,2,0
1814,1159,1,1,0
1808,1160,2,9,7
1811,1160,1,11,10
1812,1160,5,5,0
1813,1160,7,7,0
1810,1161,3,7,4
1810,1162,1,3,2
1814,1162,1,6,5
1815,1162,4,4,0
1813,1163,6,7,1
1808,1164,3,3,0
1812,1164,2,2,0
1808,1165,1,1,0
1809,1165,8,21,13
1810,1165,9,49,40
1811,1165,3,45,42
1815,1165,1,1,0
1809,1166,7,21,14
1810,1166,11,50,39
1811,1166,7,48,41
1815,1166,4,4,0
1810,1167,2,16,14
1811,1167,10,25,15
1812,1167,14,14,0
1813,1167,8,8,0
1814,1167,1,4,3
1809,1168,2,2,0
1810,1168,4,6,2
1811,1168,2,6,4
1814,1168,5,5,0
1815,1168,9,9,0
1808,1170,8,12,4
1809,1170,5,6,1
1810,1170,1,1,0
1811,1170,4,4,0
1812,1170,11,11,0
1813,1170,13,13,0
1814,1170,7,7,0
1813,1171,1,3,2
1809,1172,1,18,17
1808,1173,5,6,1
1809,1173,8,37,29
1810,1173,8,65,57
1811,1173,3,61,58
1814,1173,2,2,0
1815,1173,11,11,0
1812,1175,1,1,0
1813,1175,3,3,0
1814,1175,4,5,1
1813,1176,1,5,4
1814,1176,1,1,0
1808,1177,5,7,2
1809,1177,2,4,2
1808,1178,4,6,2
1809,1178,1,1,0
1810,1178,2,2,0
1811,1178,3,8,5
1812,1178,3,3,0
1812,1179,2,26,24
1812,1180,1,42,41
1813,1180,4,12,8
1815,1180,5,8,3
1808,1181,4,8,4
1813,1181,2,7,5
1814,1181,1,1,0
1815,1181,3,7,4
1808,1182,1,1,0
1809,1182,1,1,0
1812,1182,1,2,1
1812,1183,2,2,0
1813,1183,5,7,2
1814,1183,2,3,1
1808,1184,1,2,1
1809,1184,4,4,0
1808,1186,2,5,3
1809,1186,5,5,0
1812,1186,3,21,18
1813,1186,2,4,2
1815,1186,4,4,0
1809,1187,5,8,3
1812,1187,3,43,40
1813,1187,2,12,10
1815,1187,3,4,1
1809,1189,2,2,0
1812,1189,6,9,3
1815,1189,1,4,3
1808,1190,1,6,5
1809,1190,4,4,0
1810,1190,1,3,2
1812,1190,1,1,0
1813,1190,1,1,0
1815,1190,3,3,0
1812,1191,2,2,0
1810,1192,12,12,0
1814,1192,5,8,3
1810,1193,16,21,5
1812,1193,10,25,15
1814,1193,2,2,0
1808,1194,3,5,2
1810,1194,2,22,20
1808,1195,7,11,4
1808,1196,8,8,0
1814,1196,4,4,0
1815,1196,1,3,2
1810,1197,5,5,0
1813,1197,1,3,2
1814,1197,8,9,1
1810,1198,4,4,0
1814,1198,5,9,4
1814,1199,7,7,0
1808,1200,3,3,0
1815,1200,3,3,0
1811,1202,2,67,65
1812,1202,4,67,63
1813,1202,4,23,19
1808,1203,2,2,0
1810,1203,4,9,5
1811,1203,7,37,30
1812,1203,9,37,28
1813,1203,7,9,2
1813,1205,2,3,1
1814,1205,1,4,3
1809,1206,1,1,0
1810,1206,1,4,3
1811,1206,3,8,5
1812,1206,5,8,3
1813,1206,4,4,0
1814,1206,1,1,0
1812,1207,2,16,14
1811,1208,3,34,31
1812,1208,10,41,31
1813,1208,9,14,5
1808,1209,8,8,0
1809,1209,5,7,2
1811,1209,2,61,59
1812,1209,9,68,59
1813,1209,12,40,28
1814,1209,11,13,2
1815,1209,5,5,0
1813,1211,3,3,0
1814,1211,4,5,1
1810,1212,1,8,7
1811,1212,4,5,1
1812,1212,6,7,1
1813,1212,5,12,7
1814,1212,2,8,6
1808,1214,6,9,3
1809,1214,5,5,0
1810,1214,3,3,0
1811,1214,3,4,1
1812,1214,2,3,1
1813,1214,1,1,0
1814,1214,4,4,0
1815,1214,7,10,3
1810,1215,1,13,12
1811,1215,5,31,26
1812,1215,3,29,26
1810,1216,6,19,13
1811,1216,4,47,43
1814,1216,2,2,0
1815,1216,2,2,0
1815,1217,1,6,5
1811,1218,1,3,2
1812,1218,3,3,0
1813,1218,3,3,0
1814,1218,3,3,0
1813,1219,5,5,0
1814,1219,2,3,1
1808,1221,1,1,0
1814,1221,1,1,0
1815,1221,4,4,0
1808,1222,3,3,0
1810,1222,2,2,0
1811,1222,4,13,9
1815,1222,6,6,0
1810,1223,3,12,9
1815,1223,2,2,0
1809,1224,2,2,0
1810,1224,4,5,1
1811,1224,2,6,4
1809,1225,1,1,0
1810,1225,4,4,0
1811,1225,1,4,3
1810,1226,1,1,0
1811,1226,2,2,0
1808,1228,1,1,0
1812,1228,1,5,4
1813,1228,1,6,5
1814,1228,1,3,2
1808,1229,1,1,0
1812,1229,1,10,9
1813,1229,2,10,8
1814,1229,2,5,3
1808,1230,1,1,0
1812,1230,1,15,14
1813,1230,4,15,11
1814,1230,2,6,4
1812,1231,2,19,17
1813,1231,4,17,13
1814,1231,2,7,5
1809,1232,3,3,0
1810,1232,1,1,0
1813,1232,2,6,4
1809,1233,3,3,0
1810,1233,1,6,5
1813,1233,2,2,0
1814,1233,2,2,0
1809,1234,2,2,0
1814,1234,1,1,0
1815,1234,5,7,2
1809,1235,2,2,0
1814,1235,2,2,0
1815,1235,2,7,5
1809,1236,1,1,0
1813,1236,2,13,11
1814,1236,1,6,5
1809,1237,1,1,0
1810,1237,5,8,3
1813,1237,1,28,27
1810,1238,2,7,5
1813,1238,1,21,20
1814,1238,2,7,5
1813,1239,2,4,2
1814,1239,5,5,0
1815,1239,4,5,1
1814,1242,2,2,0
1815,1242,3,3,0
1808,1243,1,1,0
1809,1243,1,1,0
1810,1243,1,1,0
1812,1243,1,2,1
1813,1243,2,2,0
1814,1243,3,3,0
1815,1243,4,4,0
1809,1244,1,2,1
1810,1244,1,5,4
1812,1244,1,8,7
1813,1244,3,7,4
1814,1244,3,4,1
1815,1244,3,3,0
1813,1245,1,7,6
1814,1245,2,4,2
1815,1245,2,2,0
1815,1246,2,2,0
1815,1247,1,2,1
1808,1256,1,1,0
1814,1256,1,2,1
1815,1256,2,3,1
1810,1257,2,2,0
1811,1257,4,4,0
1812,1257,3,4,1
1813,1257,3,4,1
1814,1257,2,2,0
1815,1257,1,1,0
1809,1258,1,1,0
1810,1258,4,7,3
1811,1258,6,11,5
1812,1258,6,12,6
1813,1258,4,8,4
1814,1258,1,3,2
1814,1261,1,1,0
1815,1261,1,1,0
3248,1584,1,2,1
3249,1584,1,2,1
3250,1584,1,2,1
3251,1584,1,1,0
3248,1588,3,4,1
3249,1588,3,4,1
3250,1588,2,3,1
3251,1588,2,2,0
3252,1588,1,1,0
3248,1589,7,8,1
3249,1589,6,7,1
3250,1589,4,5,1
3251,1589,4,4,0
3252,1589,2,2,0
3248,1590,4,5,1
3249,1590,3,4,1
3250,1590,2,3,1
3251,1590,2,2,0
3252,1590,1,1,0
2728,1728,1,1,0
2734,1728,1,1,0
2735,1728,1,2,1
2728,1729,1,1,0
2734,1729,1,1,0
2735,1729,1,1,0
2728,1730,1,2,1
2729,1730,1,1,0
