X,Y,Subtracted,Original 1,Original 2
209,2244,1,1,0
1789,832,6,6,0
1790,832,1,4,3
1794,832,1,3,2
1797,832,1,1,0
1788,833,2,9,7
1789,833,3,7,4
1792,833,2,2,0
1793,833,2,3,1
1784,834,5,6,1
1792,834,7,8,1
1799,834,4,4,0
1784,835,4,10,6
1792,835,3,47,44
1793,835,1,13,12
1796,835,1,4,3
1784,836,1,1,0
1787,836,1,5,4
1792,836,6,92,86
1793,836,4,43,39
1794,836,1,3,2
1796,836,1,7,6
1787,837,3,9,6
1792,837,13,69,56
1793,837,7,30,23
1787,838,2,2,0
1792,838,6,11,5
1798,838,1,4,3
1799,838,2,2,0
1788,839,2,2,0
1789,839,4,11,7
1790,839,4,8,4
1795,839,3,6,3
1796,839,3,3,0
1797,839,4,4,0
1798,839,1,2,1
1785,840,6,6,0
1788,840,3,3,0
1789,840,1,10,9
1791,840,4,4,0
1794,840,9,9,0
1795,840,6,6,0
1785,841,2,2,0
1786,841,3,5,2
1788,841,4,8,4
1797,841,9,9,0
1798,841,2,2,0
1785,842,4,4,0
1786,842,3,3,0
1790,842,8,14,6
1792,842,12,84,72
1797,842,6,6,0
1798,842,2,4,2
1784,843,7,7,0
1790,843,13,30,17
1794,843,16,37,21
1787,844,5,5,0
1791,844,3,31,28
1794,844,16,18,2
1795,844,3,3,0
1797,844,2,5,3
1787,845,4,4,0
1788,845,11,12,1
1797,845,4,4,0
1798,845,1,1,0
1788,846,5,5,0
1791,846,1,7,6
1792,846,5,5,0
1798,846,1,1,0
1785,847,9,9,0
1788,847,2,5,3
1789,847,3,8,5
1794,847,1,1,0
1795,847,1,1,0
1799,847,2,2,0
1784,848,1,1,0
1785,848,2,3,1
1786,848,2,4,2
1787,848,2,3,1
1788,848,1,1,0
1789,848,1,1,0
1790,848,1,3,2
1791,848,2,6,4
1793,848,5,10,5
1796,848,4,7,3
1798,848,2,2,0
1792,849,25,45,20
1793,849,21,61,40
1798,849,5,5,0
1792,850,26,60,34
1793,850,23,81,58
1798,850,8,8,0
1792,851,1,17,16
1793,851,7,41,34
1796,851,2,2,0
1798,851,5,7,2
1785,852,1,2,1
1786,852,1,4,3
1787,852,1,4,3
1788,852,1,1,0
1791,852,1,1,0
1795,852,2,2,0
1796,852,8,12,4
1785,853,2,2,0
1786,853,1,5,4
1787,853,2,6,4
1788,853,2,3,1
1793,853,3,3,0
1795,853,2,3,1
1796,853,2,12,10
1785,854,1,1,0
1788,854,1,1,0
1792,854,5,6,1
1793,854,11,16,5
1799,854,2,2,0
1793,855,5,17,12
1796,855,1,2,1
1798,855,5,5,0
1792,856,7,12,5
1793,856,5,59,54
1794,856,2,68,66
1795,856,1,20,19
1792,857,5,47,42
1793,857,4,85,81
1794,857,1,89,88
1795,857,1,43,42
1796,857,1,4,3
1797,857,1,1,0
1792,858,1,15,14
1793,858,1,41,40
1794,858,2,49,47
1795,858,1,24,23
1796,858,1,1,0
1798,858,2,2,0
1794,859,1,1,0
1798,859,2,2,0
1799,859,1,1,0
1794,860,2,2,0
1798,860,2,2,0
1793,861,1,5,4
1794,861,4,7,3
1798,861,3,4,1
1799,861,1,1,0
1793,862,2,26,24
1794,862,5,41,36
1795,862,4,21,17
1799,862,5,5,0
1793,863,3,98,95
1794,863,7,116,109
1795,863,4,73,69
1799,863,1,1,0
1794,864,7,92,85
1795,864,6,83,77
1792,865,9,19,10
1793,865,8,68,60
1794,865,12,65,53
1795,865,13,54,41
1796,865,9,9,0
1797,865,1,1,0
1798,865,3,10,7
1799,865,6,6,0
1795,866,1,5,4
1792,867,1,1,0
1793,867,2,2,0
1795,867,2,2,0
1796,867,4,5,1
1792,868,4,4,0
1793,868,1,10,9
1795,868,9,17,8
1797,868,11,11,0
1799,868,1,1,0
1795,869,2,49,47
1797,869,7,7,0
1793,870,10,75,65
1795,870,17,122,105
1797,870,13,13,0
1799,870,9,9,0
1792,871,1,8,7
1793,871,6,109,103
1795,871,11,164,153
1794,872,15,79,64
1798,872,4,4,0
1795,873,4,9,5
1798,873,2,2,0
1792,874,4,4,0
1795,874,1,1,0
1798,874,5,5,0
1792,875,10,10,0
1794,875,12,19,7
1796,875,13,13,0
1798,875,6,6,0
1799,875,5,5,0
1793,876,2,2,0
1795,876,19,47,28
1797,876,3,18,15
1799,876,10,10,0
1792,877,5,5,0
1794,877,31,82,51
1796,877,43,92,49
1798,877,8,12,4
1793,878,27,34,7
1795,878,15,164,149
1797,878,16,32,16
1799,878,10,13,3
1794,879,16,40,24
1796,879,20,72,52
1792,880,3,3,0
1793,880,1,5,4
1797,880,6,6,0
1798,880,3,5,2
1794,881,5,5,0
1793,882,3,3,0
1798,882,2,2,0
1799,882,6,14,8
1797,883,8,26,18
1794,885,4,73,69
1794,886,11,16,5
1795,886,4,59,55
1798,886,3,3,0
1792,887,1,1,0
1793,887,1,4,3
1797,887,3,3,0
1798,887,1,1,0
1795,888,1,1,0
1796,888,1,1,0
1797,888,2,2,0
1798,888,1,5,4
1799,888,6,8,2
1792,889,7,9,2
1796,889,3,7,4
1799,889,2,2,0
1792,890,1,1,0
1794,890,1,5,4
1796,890,16,56,40
1792,891,2,6,4
1794,891,17,55,38
1796,891,31,150,119
1798,891,1,61,60
1799,891,13,22,9
1794,892,19,33,14
1796,892,18,127,109
1798,892,6,56,50
1793,893,5,10,5
1794,893,13,19,6
1798,893,6,46,40
1792,894,2,2,0
1796,894,2,4,2
1795,895,3,6,3
1796,895,2,2,0
1799,895,3,8,5
1793,896,2,5,3
1794,896,2,6,4
1798,896,4,4,0
1799,896,3,3,0
1792,897,9,11,2
1796,897,7,22,15
1797,897,13,36,23
1798,897,5,19,14
1792,898,5,5,0
1796,898,4,120,116
1797,898,6,130,124
1798,898,1,70,69
1794,899,9,21,12
1795,899,8,89,81
1799,899,11,11,0
1794,900,3,3,0
1795,900,11,32,21
1792,901,6,6,0
1792,902,1,1,0
1795,902,4,10,6
1796,902,7,7,0
1799,902,1,6,5
1792,903,2,5,3
1795,903,2,2,0
1796,903,1,3,2
1793,904,11,11,0
1796,904,6,6,0
1799,904,7,9,2
1793,905,4,4,0
1795,905,1,1,0
1796,905,18,64,46
1797,905,6,99,93
1798,905,14,78,64
1799,905,28,57,29
1793,906,5,7,2
1796,906,3,76,73
1798,906,4,107,103
1799,906,4,51,47
1793,907,10,10,0
1794,907,5,5,0
1796,907,2,27,25
1798,907,8,49,41
1793,908,2,2,0
1794,908,2,9,7
1798,908,6,6,0
1792,910,13,13,0
1795,910,5,5,0
1798,910,8,8,0
1792,911,5,5,0
1795,911,9,9,0
1798,911,12,23,11
1794,912,3,5,2
1796,912,1,7,6
1804,912,1,5,4
1805,912,2,7,5
1794,913,12,16,4
1796,913,10,49,39
1798,913,5,137,132
1799,913,6,131,125
1804,913,2,2,0
1805,913,1,3,2
1796,914,1,13,12
1801,914,2,5,3
1802,914,3,3,0
1803,914,1,1,0
1792,915,5,9,4
1794,915,3,3,0
1801,915,2,2,0
1802,915,3,3,0
1803,915,2,2,0
1807,915,1,1,0
1792,916,1,1,0
1794,916,7,8,1
1796,916,9,9,0
1799,916,1,4,3
1802,916,1,1,0
1803,916,1,2,1
1796,917,1,1,0
1792,918,9,14,5
1794,918,8,8,0
1796,918,6,6,0
1797,918,4,23,19
1798,918,10,13,3
1799,918,5,18,13
1800,918,5,14,9
1801,918,2,7,5
1805,918,1,3,2
1792,919,1,1,0
1796,919,16,27,11
1798,919,2,80,78
1800,919,10,29,19
1801,919,4,16,12
1805,919,4,4,0
1806,919,3,3,0
1807,919,1,1,0
1796,920,5,12,7
1798,920,20,103,83
1803,920,7,9,2
1804,920,3,3,0
1792,921,1,5,4
1803,921,1,3,2
1806,921,2,3,1
1792,922,7,7,0
1798,922,11,16,5
1806,922,1,6,5
1795,923,6,8,2
1798,923,1,1,0
1800,923,1,1,0
1802,923,2,5,3
1806,923,2,9,7
1792,924,4,4,0
1794,924,2,2,0
1795,924,2,8,6
1800,924,1,1,0
1802,924,2,5,3
1806,924,2,9,7
1792,925,3,3,0
1794,925,1,1,0
1806,925,1,6,5
1794,926,2,2,0
1806,926,1,3,2
1794,927,4,4,0
1797,927,4,50,46
1799,927,2,99,97
1800,927,5,49,44
1801,927,4,11,7
1803,927,3,9,6
1804,927,1,3,2
1797,928,1,12,11
1798,928,3,50,47
1799,928,2,79,77
1804,928,2,3,1
1805,928,3,6,3
1806,928,3,3,0
1792,929,3,9,6
1792,930,2,2,0
1795,930,1,3,2
1800,930,4,4,0
1801,930,4,4,0
1802,930,2,4,2
1798,931,2,3,1
1799,931,3,16,13
1802,931,1,1,0
1803,931,2,2,0
1804,931,2,2,0
1805,931,1,1,0
1794,934,2,7,5
1800,934,4,54,50
1801,934,3,34,31
1802,934,3,12,9
1803,934,1,1,0
1804,934,3,3,0
1805,934,4,7,3
1806,934,4,6,2
1807,934,2,2,0
1797,935,1,4,3
1798,935,3,28,25
1799,935,2,56,54
1800,935,9,54,45
1801,935,5,29,24
1802,935,1,1,0
1806,935,2,3,1
1792,936,6,6,0
1793,936,3,5,2
1797,936,2,2,0
1806,936,2,2,0
1807,936,1,1,0
1792,937,5,5,0
1793,937,1,1,0
1797,937,3,3,0
1800,937,1,1,0
1801,937,4,4,0
1802,937,5,5,0
1803,937,2,2,0
1796,938,2,2,0
1807,938,1,1,0
1794,939,3,5,2
1795,939,4,8,4
1799,939,3,4,1
1800,939,5,5,0
1804,939,2,5,3
1794,940,3,7,4
1795,940,1,6,5
1798,940,3,20,17
1799,940,8,48,40
1800,940,7,58,51
1801,940,6,26,20
1804,940,1,4,3
1798,941,2,42,40
1799,941,8,85,77
1799,942,2,58,56
1800,942,16,73,57
1801,942,15,38,23
1802,942,7,7,0
1803,942,1,1,0
1804,942,3,3,0
1794,943,1,2,1
1795,943,3,12,9
1796,943,3,6,3
1799,944,6,7,1
1806,944,2,2,0
1793,945,6,11,5
1794,945,4,4,0
1796,945,2,4,2
1797,945,4,7,3
1806,945,1,1,0
1793,946,8,9,1
1794,946,2,2,0
1797,946,4,4,0
1800,946,8,10,2
1803,946,3,3,0
1804,946,1,3,2
1806,946,1,1,0
1800,947,13,50,37
1803,947,3,3,0
1806,947,1,1,0
1807,947,2,2,0
1792,948,6,9,3
1795,948,7,9,2
1796,948,9,10,1
1799,948,4,64,60
1800,948,9,102,93
1803,948,7,7,0
1792,949,6,6,0
1795,949,8,8,0
1796,949,9,9,0
1800,949,9,115,106
1803,949,7,10,3
1796,950,2,2,0
1800,950,10,65,55
1802,950,3,20,17
1803,950,4,4,0
1805,950,1,1,0
1793,951,5,11,6
1794,951,6,6,0
1796,951,1,3,2
1797,951,6,6,0
1800,951,2,3,1
1805,951,1,6,5
1806,951,1,1,0
1792,952,6,6,0
1799,952,2,2,0
1802,952,8,8,0
1803,952,6,7,1
1806,952,2,3,1
1807,952,5,5,0
1792,953,1,4,3
1799,953,1,1,0
1795,954,1,1,0
1800,954,6,21,15
1804,954,2,2,0
1805,954,5,9,4
1795,955,4,4,0
1796,955,1,1,0
1798,955,1,12,11
1799,955,6,27,21
1800,955,2,72,70
1805,955,4,4,0
1796,956,1,1,0
1798,956,5,12,7
1799,956,12,27,15
1798,957,1,1,0
1799,957,10,11,1
1800,957,9,25,16
1801,957,10,51,41
1802,957,10,35,25
1803,957,2,2,0
1792,958,1,4,3
1799,958,1,1,0
1801,958,7,7,0
1802,958,9,9,0
1803,958,2,2,0
1805,958,1,2,1
1806,958,2,2,0
1807,958,1,1,0
1792,959,6,6,0
1795,959,3,3,0
1796,959,5,5,0
1800,960,1,5,4
1807,960,1,3,2
1803,963,1,33,32
1804,963,3,3,0
1805,963,4,5,1
1803,964,2,14,12
1804,964,4,5,1
1805,964,2,2,0
1800,966,2,2,0
1800,967,1,1,0
1801,967,3,9,6
1805,967,2,4,2
1803,968,3,3,0
1807,968,1,1,0
1800,969,2,52,50
1801,969,15,80,65
1802,969,19,82,63
1803,969,10,44,34
1804,969,1,9,8
1805,969,5,5,0
1806,969,7,7,0
1807,969,1,1,0
1801,970,14,103,89
1802,970,21,108,87
1806,970,5,5,0
1802,971,4,57,53
1806,971,3,3,0
1803,972,1,3,2
1806,972,3,3,0
1807,972,4,7,3
1800,973,11,11,0
1803,973,1,1,0
1804,973,8,8,0
1805,973,3,3,0
1800,974,3,9,6
1801,974,3,5,2
1805,974,1,3,2
1801,975,6,6,0
1802,975,8,8,0
1805,975,7,8,1
1806,975,9,11,2
1802,976,36,82,46
1804,976,4,4,0
1805,976,1,7,6
1806,976,8,8,0
1800,977,27,30,3
1801,977,10,106,96
1802,977,25,144,119
1806,977,5,5,0
1807,977,7,20,13
1804,979,6,6,0
1805,979,13,13,0
1800,980,13,13,0
1801,980,4,8,4
1802,980,5,5,0
1807,980,5,5,0
1802,981,6,6,0
1802,982,12,12,0
1803,982,2,13,11
1804,982,11,11,0
1805,982,7,9,2
1806,982,6,6,0
1807,982,1,4,3
1801,983,1,25,24
1802,983,37,48,11
1800,984,5,5,0
1802,984,10,95,85
1805,984,7,7,0
1800,985,8,13,5
1802,985,12,67,55
1805,985,4,4,0
1807,985,7,8,1
1800,986,7,7,0
1802,986,14,26,12
1807,986,2,2,0
1805,987,3,3,0
1805,988,7,7,0
1806,988,3,7,4
1806,989,1,1,0
1807,989,3,4,1
1803,990,3,29,26
1804,990,3,17,14
1807,990,2,3,1
1803,991,8,70,62
1804,991,7,49,42
1800,992,4,6,2
1804,992,3,71,68
1807,992,2,9,7
1803,993,15,54,39
1804,993,18,35,17
1805,993,5,5,0
1800,994,1,1,0
1803,994,3,10,7
1804,994,2,2,0
1805,994,3,7,4
1806,994,1,8,7
1800,995,5,5,0
1803,996,6,13,7
1804,996,2,2,0
1802,997,6,21,15
1803,997,3,56,53
1805,997,1,5,4
1800,998,5,5,0
1801,998,5,5,0
1802,998,4,48,44
1806,998,7,10,3
1807,998,1,1,0
1801,999,2,7,5
1802,999,8,58,50
1803,999,1,104,103
1801,1000,3,3,0
1803,1000,1,47,46
1804,1000,2,50,48
1806,1000,6,6,0
1801,1001,6,6,0
1803,1001,5,11,6
1804,1001,5,11,6
1806,1001,8,8,0
1807,1001,3,3,0
1803,1002,1,1,0
1803,1003,7,7,0
1807,1003,1,1,0
1800,1004,9,9,0
1807,1004,14,14,0
1805,1005,1,51,50
1802,1006,25,40,15
1803,1006,12,103,91
1804,1006,13,79,66
1805,1006,26,80,54
1801,1007,2,13,11
1802,1007,13,30,17
1805,1007,15,74,59
1806,1007,3,3,0
1807,1007,5,5,0
1803,1008,3,3,0
1804,1008,5,8,3
1807,1008,2,11,9
1804,1009,3,8,5
1801,1010,1,8,7
1805,1010,5,10,5
1806,1010,2,2,0
1801,1011,2,8,6
1802,1011,3,10,7
1801,1012,1,1,0
1802,1012,2,12,10
1805,1012,1,24,23
1802,1013,1,4,3
1800,1014,3,7,4
1803,1014,2,31,29
1804,1014,2,65,63
1804,1015,6,6,0
1807,1015,7,7,0
1804,1016,1,1,0
1805,1016,5,5,0
1806,1016,5,5,0
1800,1017,3,3,0
1801,1017,9,9,0
1802,1017,6,8,2
1801,1018,3,3,0
1802,1018,2,2,0
1803,1019,1,11,10
1804,1019,1,33,32
1805,1019,3,43,40
1806,1019,9,26,17
1807,1019,2,2,0
1800,1020,4,5,1
1804,1020,2,74,72
1805,1020,4,86,82
1806,1020,4,51,47
1807,1020,2,6,4
1800,1021,2,3,1
1805,1021,2,77,75
1806,1022,1,12,11
1801,1023,5,6,1
1802,1023,5,5,0
1807,1023,1,3,2
1800,1024,1,6,5
1803,1024,1,2,1
1804,1024,5,12,7
1805,1024,5,9,4
1808,1024,1,1,0
1809,1024,1,1,0
1810,1024,1,1,0
1807,1025,2,3,1
1808,1025,1,1,0
1809,1025,1,1,0
1810,1025,1,1,0
1801,1026,3,5,2
1802,1026,4,6,2
1806,1026,1,15,14
1807,1026,3,3,0
1808,1026,1,1,0
1809,1026,1,1,0
1810,1026,1,1,0
1807,1027,1,1,0
1808,1027,1,1,0
1809,1027,1,1,0
1810,1027,1,1,0
1800,1028,1,3,2
1804,1028,4,69,65
1805,1028,3,94,91
1808,1028,1,1,0
1809,1028,1,1,0
1810,1028,1,1,0
1803,1029,1,8,7
1804,1029,6,27,21
1805,1029,7,41,34
1808,1029,1,1,0
1809,1029,1,1,0
1810,1029,1,1,0
1808,1030,1,1,0
1809,1030,1,1,0
1810,1030,1,1,0
1801,1031,2,2,0
1807,1031,6,9,3
1808,1031,1,1,0
1809,1031,1,1,0
1810,1031,1,1,0
1804,1032,4,4,0
1805,1032,10,10,0
1806,1032,9,9,0
1801,1033,1,4,3
1805,1033,8,24,16
1806,1033,9,20,11
1807,1033,3,3,0
1801,1034,2,2,0
1806,1034,6,61,55
1807,1034,6,36,30
1801,1035,1,1,0
1802,1035,1,1,0
1806,1035,2,74,72
1807,1035,5,48,43
1802,1036,4,6,2
1801,1037,1,3,2
1802,1037,4,5,1
1800,1039,8,9,1
1800,1040,2,2,0
1804,1040,4,4,0
1805,1040,6,33,27
1808,1040,3,3,0
1809,1040,2,2,0
1808,1041,2,2,0
1809,1041,2,2,0
1800,1042,4,4,0
1803,1042,3,3,0
1804,1042,4,47,43
1805,1042,2,95,93
1806,1042,6,80,74
1807,1042,9,60,51
1808,1042,2,2,0
1809,1042,2,2,0
1808,1043,2,2,0
1809,1043,2,2,0
1800,1044,6,6,0
1802,1044,3,3,0
1804,1044,8,8,0
1805,1044,13,33,20
1806,1044,12,20,8
1807,1044,7,14,7
1808,1044,2,2,0
1809,1044,2,2,0
1808,1045,2,2,0
1809,1045,2,2,0
1802,1046,3,11,8
1805,1046,5,5,0
1808,1046,2,2,0
1809,1046,2,2,0
1802,1047,2,10,8
1803,1047,1,1,0
1804,1047,1,1,0
1807,1047,1,3,2
1808,1047,2,2,0
1809,1047,2,2,0
1802,1048,3,3,0
1806,1048,3,40,37
1800,1049,5,5,0
1806,1049,18,82,64
1807,1049,12,67,55
1800,1050,5,5,0
1802,1050,2,2,0
1806,1050,7,51,44
1800,1051,3,3,0
1802,1051,5,5,0
1803,1051,3,3,0
1800,1052,3,4,1
1806,1052,9,14,5
1807,1052,5,7,2
1803,1053,5,6,1
1806,1053,3,3,0
1802,1054,2,2,0
1803,1054,11,11,0
1800,1055,11,11,0
1806,1055,17,44,27
1807,1055,23,65,42
1800,1056,5,5,0
1803,1056,7,7,0
1805,1056,15,16,1
1807,1056,8,91,83
1808,1056,3,39,36
1809,1056,2,3,1
1815,1056,2,2,0
1800,1057,11,11,0
1805,1057,2,58,56
1807,1057,8,76,68
1808,1057,2,38,36
1809,1057,1,9,8
1814,1057,1,1,0
1801,1058,4,4,0
1802,1058,7,7,0
1805,1058,21,33,12
1806,1058,7,55,48
1815,1058,1,1,0
1801,1059,5,5,0
1802,1059,15,15,0
1806,1059,6,6,0
1811,1059,1,1,0
1800,1060,4,5,1
1803,1060,3,3,0
1811,1060,1,9,8
1813,1060,1,4,3
1800,1061,2,2,0
1803,1061,8,11,3
1806,1061,7,9,2
1807,1061,3,17,14
1802,1062,11,13,2
1806,1062,29,44,15
1808,1062,2,17,15
1814,1062,1,5,4
1815,1062,2,4,2
1800,1063,3,8,5
1804,1063,7,10,3
1806,1063,16,96,80
1807,1063,3,85,82
1808,1063,4,63,59
1809,1063,1,21,20
1815,1063,3,3,0
1802,1064,3,3,0
1803,1064,8,8,0
1805,1064,22,73,51
1807,1064,6,155,149
1815,1064,1,1,0
1802,1065,2,4,2
1803,1065,5,5,0
1805,1065,18,43,25
1807,1065,7,95,88
1802,1066,1,3,2
1803,1066,3,3,0
1805,1066,12,16,4
1807,1066,6,33,27
1805,1067,4,6,2
1807,1067,4,6,2
1813,1067,3,5,2
1804,1068,1,4,3
1806,1068,4,5,1
1808,1068,2,3,1
1813,1068,2,2,0
1801,1069,2,6,4
1804,1069,6,6,0
1806,1069,8,10,2
1808,1069,2,6,4
1801,1070,2,7,5
1804,1070,11,11,0
1806,1070,11,24,13
1801,1071,2,2,0
1804,1071,16,19,3
1806,1071,12,42,30
1809,1071,2,8,6
1810,1071,2,2,0
1811,1071,2,6,4
1815,1071,1,2,1
1805,1072,2,6,4
1806,1072,7,18,11
1808,1072,6,10,4
1809,1072,2,5,3
1813,1072,2,6,4
1814,1072,3,5,2
1802,1073,2,2,0
1805,1073,3,3,0
1806,1073,9,10,1
1808,1073,1,6,5
1812,1073,1,1,0
1813,1073,2,3,1
1800,1074,4,4,0
1802,1074,1,1,0
1803,1074,1,1,0
1812,1074,1,1,0
1800,1075,5,5,0
1812,1075,2,2,0
1800,1076,3,3,0
1803,1076,2,2,0
1806,1076,1,1,0
1808,1076,3,3,0
1815,1076,2,3,1
1800,1077,2,2,0
1803,1077,2,2,0
1808,1077,7,19,12
1809,1077,3,4,1
1815,1077,3,4,1
1808,1078,3,41,38
1812,1078,1,5,4
1800,1079,4,4,0
1803,1079,2,3,1
1806,1079,13,24,11
1807,1079,5,58,53
1812,1079,2,5,3
1804,1080,1,1,0
1805,1080,3,3,0
1806,1080,8,8,0
1807,1080,11,11,0
1808,1080,9,9,0
1809,1080,4,6,2
1811,1080,1,2,1
1812,1080,5,5,0
1813,1080,6,6,0
1800,1082,1,7,6
1801,1082,1,1,0
1804,1082,1,1,0
1815,1082,1,5,4
1803,1083,3,6,3
1804,1083,3,6,3
1805,1083,2,2,0
1806,1083,1,1,0
1807,1083,4,4,0
1808,1083,5,5,0
1809,1083,2,2,0
1810,1083,2,2,0
1811,1083,1,6,5
1808,1085,5,54,49
1809,1085,1,24,23
1813,1085,1,1,0
1803,1086,2,3,1
1804,1086,2,2,0
1805,1086,5,5,0
1806,1086,9,28,19
1807,1086,10,57,47
1808,1086,4,58,54
1809,1086,6,29,23
1810,1086,5,5,0
1811,1086,3,3,0
1812,1086,1,3,2
1800,1087,2,4,2
1815,1087,3,3,0
1802,1088,2,2,0
1803,1088,4,4,0
1804,1088,1,1,0
1808,1088,2,8,6
1809,1088,3,3,0
1810,1088,3,3,0
1811,1088,4,7,3
1800,1089,4,5,1
1803,1089,3,3,0
1804,1089,6,6,0
1805,1089,3,3,0
1806,1089,1,1,0
1807,1089,4,4,0
1814,1089,2,2,0
1815,1089,8,11,3
1800,1090,7,7,0
1804,1090,6,6,0
1805,1090,4,4,0
1808,1090,19,19,0
1809,1090,14,14,0
1810,1090,12,12,0
1811,1090,9,11,2
1812,1090,5,5,0
1800,1091,8,8,0
1807,1091,5,5,0
1813,1091,1,1,0
1800,1092,1,4,3
1802,1092,1,1,0
1803,1092,1,1,0
1806,1092,5,12,7
1807,1092,19,28,9
1813,1092,2,4,2
1802,1093,5,5,0
1803,1093,5,5,0
1806,1093,12,22,10
1807,1093,30,43,13
1808,1093,20,93,73
1809,1093,17,59,42
1810,1093,12,22,10
1811,1093,6,6,0
1812,1093,5,5,0
1813,1093,2,2,0
1802,1094,2,2,0
1803,1094,3,4,1
1806,1094,6,12,6
1807,1094,19,27,8
1814,1094,4,4,0
1815,1094,7,8,1
1800,1095,2,2,0
1811,1095,4,5,1
1813,1096,1,1,0
1800,1097,1,3,2
1808,1097,8,8,0
1809,1097,6,6,0
1810,1097,2,3,1
1811,1097,1,2,1
1812,1097,2,3,1
1813,1097,2,2,0
1808,1098,3,3,0
1813,1098,2,3,1
1814,1098,3,3,0
1815,1098,3,3,0
1805,1099,1,4,3
1806,1099,1,6,5
1807,1099,1,7,6
1808,1099,2,17,15
1813,1099,1,1,0
1814,1099,4,4,0
1815,1099,6,6,0
1805,1100,1,4,3
1806,1100,1,6,5
1807,1100,2,8,6
1808,1100,21,53,32
1809,1100,15,41,26
1810,1100,7,23,16
1811,1100,1,7,6
1805,1101,2,4,2
1806,1101,2,6,4
1807,1101,2,7,5
1808,1101,13,47,34
1809,1101,8,35,27
1810,1101,2,18,16
1804,1102,1,1,0
1805,1102,2,3,1
1806,1102,2,4,2
1807,1102,2,5,3
1804,1103,1,1,0
1805,1103,2,2,0
1806,1103,2,3,1
1807,1103,3,4,1
1808,1103,3,3,0
1809,1103,1,1,0
1812,1103,1,1,0
1813,1103,1,1,0
1801,1104,1,1,0
1803,1104,1,2,1
1809,1104,9,9,0
1811,1104,4,5,1
1814,1104,5,12,7
1809,1105,7,7,0
1812,1105,3,3,0
1814,1105,5,5,0
1808,1106,2,12,10
1809,1106,7,31,24
1812,1106,6,9,3
1808,1107,10,52,42
1809,1107,10,67,57
1812,1107,5,11,6
1808,1108,16,52,36
1809,1108,14,67,53
1812,1108,1,11,10
1808,1109,12,12,0
1809,1109,14,31,17
1809,1110,7,7,0
1812,1110,3,3,0
1814,1110,5,5,0
1801,1111,1,1,0
1803,1111,1,2,1
1809,1111,4,9,5
1811,1111,5,5,0
1814,1111,7,12,5
1810,1112,1,4,3
1813,1113,1,2,1
1814,1113,6,6,0
1811,1114,4,4,0
1814,1114,3,3,0
1815,1114,1,1,0
1808,1115,5,51,46
1810,1115,2,28,26
1811,1115,5,8,3
1808,1116,6,15,9
1810,1116,2,8,6
1814,1116,3,3,0
1814,1117,6,6,0
1808,1118,2,2,0
1811,1118,2,2,0
1814,1118,1,1,0
1810,1119,2,2,0
1813,1120,1,6,5
1808,1121,3,19,16
1812,1121,1,2,1
1813,1121,1,6,5
1808,1122,3,36,33
1809,1122,1,44,43
1812,1122,1,3,2
1813,1122,1,5,4
1808,1123,3,21,18
1809,1123,1,29,28
1813,1123,2,3,1
1813,1124,2,2,0
1809,1125,1,3,2
1812,1125,1,4,3
1813,1125,2,2,0
1812,1126,1,7,6
1813,1126,1,1,0
1808,1127,3,3,0
1809,1128,8,18,10
1810,1128,6,21,15
1811,1128,5,5,0
1814,1128,1,4,3
1808,1129,2,27,25
1809,1129,5,43,38
1810,1129,6,44,38
1811,1129,3,21,18
1809,1130,3,32,29
1810,1130,6,35,29
1811,1130,3,17,14
1809,1131,5,7,2
1810,1131,4,10,6
1811,1131,2,2,0
1813,1131,1,1,0
1814,1131,1,3,2
1808,1132,6,6,0
1809,1132,3,5,2
1812,1132,2,2,0
1813,1132,5,5,0
1814,1132,1,1,0
1808,1133,5,5,0
1812,1133,3,3,0
1813,1133,5,6,1
1809,1135,4,14,10
1810,1135,11,19,8
1811,1135,6,13,7
1815,1135,6,6,0
1815,1136,6,6,0
1808,1137,4,17,13
1809,1137,1,50,49
1810,1137,1,49,48
1811,1137,5,19,14
1812,1137,2,3,1
1808,1138,3,3,0
1809,1138,4,22,18
1810,1138,4,19,15
1811,1138,5,6,1
1812,1138,1,4,3
1809,1141,6,10,4
1810,1141,6,6,0
1813,1141,1,1,0
1809,1142,10,22,12
1810,1142,10,22,12
1811,1142,1,1,0
1813,1142,1,2,1
1814,1142,1,1,0
1809,1143,5,52,47
1810,1143,6,50,44
1808,1144,4,18,14
1809,1144,6,49,43
1810,1144,6,55,49
1811,1144,3,21,18
1814,1144,2,4,2
1809,1145,3,31,28
1810,1145,6,38,32
1811,1145,4,17,13
1815,1145,2,2,0
1810,1146,4,11,7
1811,1146,4,5,1
1814,1149,1,4,3
1815,1149,1,4,3
1814,1150,2,2,0
1811,1151,1,31,30
1812,1151,6,7,1
1813,1151,6,7,1
1814,1151,1,6,5
1808,1152,2,2,0
1809,1152,6,7,1
1812,1152,5,5,0
1813,1152,1,1,0
1814,1152,1,3,2
1815,1152,6,6,0
1809,1154,1,1,0
1810,1154,1,1,0
1812,1154,1,1,0
1815,1154,2,2,0
1809,1155,2,2,0
1810,1155,1,1,0
1812,1155,3,3,0
1815,1155,3,3,0
1809,1157,2,7,5
1815,1157,2,2,0
1808,1158,4,6,2
1809,1158,3,17,14
1812,1158,3,11,8
1813,1158,2,2,0
1814,1158,2,3,1
1815,1158,6,7,1
1808,1159,1,1,0
1815,1159,2,4,2
1808,1160,7,7,0
1809,1160,1,2,1
1810,1160,3,9,6
1811,1160,5,10,5
1814,1160,10,10,0
1815,1160,3,7,4
1810,1161,2,4,2
1811,1161,8,8,0
1814,1161,2,2,0
1808,1162,1,7,6
1810,1162,2,2,0
1811,1162,8,8,0
1812,1162,2,2,0
1813,1162,4,5,1
1814,1162,5,5,0
1808,1163,7,7,0
1810,1163,5,5,0
1811,1163,6,6,0
1813,1163,1,1,0
1814,1163,10,10,0
1815,1163,5,5,0
1810,1164,1,18,17
1811,1164,1,18,17
1814,1164,3,3,0
1815,1164,1,3,2
1810,1165,7,40,33
1811,1165,12,42,30
1810,1166,12,39,27
1811,1166,16,41,25
1812,1166,2,15,13
1814,1166,3,3,0
1810,1167,3,14,11
1811,1167,3,15,12
1814,1167,3,3,0
1815,1167,1,1,0
1810,1168,1,2,1
1811,1168,3,4,1
1812,1168,3,5,2
1808,1170,2,4,2
1810,1172,2,44,42
1811,1172,3,47,44
1812,1172,3,28,25
1813,1172,1,6,5
1810,1173,3,57,54
1811,1173,5,58,53
1812,1173,5,33,28
1813,1173,3,7,4
1810,1174,1,34,33
1811,1174,2,32,30
1812,1174,3,16,13
1813,1174,1,1,0
1810,1175,1,2,1
1814,1175,1,1,0
1815,1175,3,6,3
1809,1176,3,3,0
1810,1176,7,7,0
1811,1176,4,4,0
1812,1176,3,3,0
1813,1176,1,4,3
1808,1177,2,2,0
1809,1177,2,2,0
1814,1177,6,6,0
1815,1177,12,12,0
1815,1178,6,16,10
1810,1179,3,19,16
1811,1179,5,35,30
1812,1179,4,24,20
1808,1180,8,8,0
1809,1180,7,13,6
1815,1180,3,3,0
1808,1181,4,4,0
1809,1181,1,8,7
1815,1181,3,4,1
1810,1182,2,3,1
1811,1182,3,3,0
1812,1182,1,1,0
1809,1183,1,4,3
1810,1184,4,7,3
1811,1184,7,7,0
1814,1184,4,10,6
1808,1185,2,2,0
1810,1185,7,7,0
1811,1185,11,11,0
1814,1185,4,4,0
1810,1186,2,18,16
1811,1186,6,34,28
1814,1186,1,1,0
1811,1187,1,59,58
1808,1188,2,5,3
1810,1188,4,29,25
1811,1188,5,52,47
1814,1188,1,1,0
1808,1189,3,7,4
1810,1189,2,9,7
1811,1189,3,19,16
1808,1190,1,5,4
1814,1190,3,3,0
1808,1191,1,1,0
1810,1191,5,8,3
1811,1191,6,8,2
1814,1191,9,10,1
1808,1192,2,2,0
1809,1192,3,4,1
1811,1192,6,8,2
1813,1192,5,5,0
1814,1192,3,3,0
1811,1193,9,42,33
1813,1193,6,8,2
1808,1194,2,2,0
1811,1194,27,82,55
1812,1194,7,51,44
1813,1194,13,19,6
1808,1195,4,4,0
1810,1195,3,22,19
1811,1195,40,80,40
1812,1195,15,48,33
1813,1195,12,18,6
1815,1195,8,10,2
1811,1196,31,37,6
1815,1196,2,2,0
1811,1197,8,8,0
1808,1198,2,7,5
1811,1198,8,8,0
1813,1198,5,9,4
1808,1199,5,5,0
1811,1199,5,15,10
1813,1199,10,10,0
1811,1200,6,14,8
1812,1200,11,12,1
1813,1200,2,2,0
1808,1201,3,3,0
1809,1201,3,3,0
1810,1201,8,25,17
1811,1201,13,55,42
1812,1201,17,53,36
1813,1201,15,21,6
1814,1201,2,2,0
1815,1201,2,7,5
1808,1202,2,3,1
1810,1202,3,23,20
1811,1202,6,65,59
1812,1202,9,63,54
1813,1202,8,19,11
1810,1207,1,1,0
1811,1207,1,17,16
1815,1207,2,8,6
1810,1208,2,5,3
1815,1208,7,10,3
1809,1209,1,2,1
1810,1209,5,28,23
1809,1210,2,2,0
1810,1210,4,14,10
1813,1210,2,14,12
1808,1211,2,2,0
1809,1211,1,1,0
1814,1211,1,1,0
1809,1212,5,6,1
1813,1212,3,7,4
1814,1212,4,6,2
1809,1213,1,3,2
1810,1213,4,6,2
1813,1213,2,6,4
1809,1215,2,2,0
1810,1215,2,12,10
1815,1215,4,4,0
1810,1216,7,13,6
1811,1216,13,43,30
1812,1216,13,47,34
1813,1216,7,21,14
1808,1217,2,5,3
1814,1217,1,3,2
1815,1217,2,5,3
1808,1218,2,2,0
1809,1218,2,2,0
1815,1218,3,3,0
1809,1219,2,5,3
1810,1219,2,7,5
1814,1219,1,1,0
1810,1220,4,8,4
1811,1220,2,2,0
1813,1220,4,4,0
1810,1223,3,9,6
1811,1223,5,43,38
1812,1223,6,56,50
1813,1223,3,34,31
1813,1226,1,4,3
1814,1226,2,2,0
1814,1227,1,2,1
1810,1230,2,6,4
1811,1230,3,11,8
1812,1230,3,14,11
1813,1230,2,11,9
1809,1231,2,2,0
1810,1231,4,8,4
1811,1231,5,14,9
1812,1231,6,17,11
1813,1231,4,13,9
1814,1231,2,5,3
1808,1232,5,8,3
1811,1232,1,2,1
1812,1232,2,6,4
1814,1232,1,4,3
1815,1232,7,7,0
1808,1233,1,1,0
1811,1233,4,10,6
1812,1233,4,8,4
1815,1233,3,3,0
1810,1234,2,6,4
1811,1234,6,9,3
1812,1234,2,2,0
1808,1235,1,4,3
1811,1235,1,1,0
1814,1236,2,5,3
1815,1236,3,3,0
1813,1237,2,27,25
1814,1237,5,9,4
1810,1238,1,5,4
1813,1238,2,20,18
1814,1238,3,5,2
1813,1239,2,2,0
1811,1240,1,7,6
1812,1240,1,7,6
1810,1241,1,1,0
1811,1241,1,2,1
1812,1241,1,2,1
1813,1241,1,1,0
1811,1243,1,1,0
1812,1243,1,1,0
1811,1244,1,7,6
1812,1244,1,7,6
1811,1245,2,10,8
1812,1245,2,10,8
1811,1246,1,6,5
1812,1246,1,6,5
1810,1247,1,1,0
1811,1247,1,1,0
1812,1247,1,1,0
1813,1247,1,1,0
1811,1248,1,1,0
1812,1248,1,1,0
1813,1248,1,1,0
1810,1249,1,1,0
1811,1249,1,2,1
1812,1249,1,2,1
1809,1250,1,1,0
1814,1250,1,3,2
1815,1250,1,2,1
1808,1251,1,1,0
1809,1251,1,2,1
1814,1251,1,4,3
1815,1251,2,3,1
1808,1252,1,1,0
1809,1252,1,2,1
1814,1252,1,4,3
1815,1252,2,3,1
1809,1253,1,1,0
1814,1253,1,3,2
1815,1253,1,2,1
1810,1254,1,1,0
1811,1254,1,2,1
1812,1254,1,2,1
1811,1255,1,1,0
1812,1255,1,1,0
1813,1255,1,1,0
1815,1256,1,1,0
1809,1259,1,3,2
1810,1259,4,7,3
1811,1259,4,11,7
1812,1259,2,11,9
1815,1259,2,3,1
1809,1260,1,1,0
1810,1260,4,5,1
1811,1260,4,8,4
1812,1260,2,9,7
1813,1260,1,7,6
1814,1260,1,3,2
1815,1260,1,1,0
1811,1261,2,2,0
1809,1263,2,2,0
1810,1263,2,2,0
1811,1263,3,3,0
1812,1263,3,3,0
1813,1263,2,4,2
1814,1263,2,4,2
1815,1263,3,4,1
2728,1733,1,4,3
2729,1733,1,3,2
2730,1733,1,2,1
2728,1734,1,5,4
2729,1734,1,4,3
2730,1734,1,2,1
2731,1734,1,1,0
2728,1735,1,5,4
2729,1735,1,4,3
2730,1735,2,3,1
2731,1735,1,1,0
1976,1976,2,2,0
1977,1976,2,2,0
1978,1976,1,1,0
1976,1977,2,2,0
1977,1977,1,1,0
1978,1977,1,1,0
1976,1978,1,1,0
1977,1978,1,1,0
1978,1978,1,1,0
1981,1981,1,1,0
1982,1981,1,1,0
1983,1981,1,1,0
1981,1982,1,1,0
1982,1982,1,1,0
1983,1982,2,2,0
1981,1983,1,1,0
1982,1983,2,2,0
1983,1983,2,2,0
208,2240,4,4,0
209,2240,4,4,0
210,2240,3,3,0
211,2240,2,2,0
212,2240,1,1,0
208,2241,4,4,0
209,2241,3,3,0
210,2241,3,3,0
211,2241,2,2,0
212,2241,1,1,0
208,2242,3,3,0
209,2242,3,3,0
210,2242,2,2,0
211,2242,1,1,0
208,2243,2,2,0
209,2243,2,2,0
210,2243,1,1,0
211,2243,1,1,0
208,2244,1,1,0
