X,Y,Subtracted,Original 1,Original 2
214,2247,1,1,0
337,544,5,5,0
340,544,4,7,3
341,544,2,2,0
343,544,3,3,0
340,545,5,6,1
341,545,2,3,1
343,545,3,6,3
337,546,6,10,4
340,546,5,6,1
341,546,2,3,1
343,546,2,2,0
337,547,7,10,3
338,547,1,3,2
340,547,3,3,0
341,547,1,2,1
343,547,1,1,0
337,548,2,2,0
341,548,1,3,2
343,548,3,4,1
336,549,2,9,7
337,549,9,22,13
338,549,3,12,9
340,549,1,1,0
341,549,2,5,3
336,550,2,26,24
337,550,10,39,29
338,550,3,25,22
340,550,4,4,0
341,550,1,5,4
336,551,2,7,5
337,551,10,23,13
338,551,4,12,8
341,551,2,6,4
1789,832,5,6,1
1790,832,3,3,0
1792,832,1,1,0
1793,832,1,1,0
1794,832,6,7,1
1798,832,8,8,0
1789,833,4,6,2
1790,833,1,2,1
1794,833,2,4,2
1795,833,6,7,1
1798,833,4,4,0
1785,834,1,1,0
1786,834,1,1,0
1792,834,6,6,0
1795,834,6,9,3
1786,835,2,5,3
1789,835,2,2,0
1790,835,5,28,23
1791,835,6,55,49
1792,835,33,44,11
1795,835,2,3,1
1785,836,1,1,0
1789,836,2,18,16
1790,836,11,71,60
1791,836,20,122,102
1792,836,17,95,78
1796,836,3,3,0
1789,837,1,7,6
1790,837,11,57,46
1791,837,24,109,85
1792,837,38,109,71
1793,837,6,44,38
1795,837,2,2,0
1796,837,2,2,0
1787,838,1,1,0
1790,838,2,12,10
1791,838,15,43,28
1792,838,48,62,14
1793,838,17,20,3
1798,838,3,3,0
1787,839,7,9,2
1791,839,5,9,4
1795,839,1,1,0
1798,839,4,4,0
1789,840,4,5,1
1785,841,4,5,1
1791,841,11,11,0
1795,841,1,6,5
1791,842,8,65,57
1792,842,8,81,73
1793,842,6,42,36
1794,842,4,6,2
1788,843,1,3,2
1789,843,5,6,1
1792,843,9,180,171
1793,843,7,95,88
1794,843,3,11,8
1798,843,2,2,0
1799,843,4,5,1
1788,844,4,4,0
1789,844,3,3,0
1790,844,4,45,41
1792,844,6,120,114
1793,844,4,59,55
1794,844,1,6,5
1797,844,1,5,4
1786,845,1,1,0
1787,845,5,5,0
1791,845,7,44,37
1792,845,3,18,15
1793,845,2,8,6
1794,845,1,5,4
1799,845,6,7,1
1787,846,1,1,0
1793,846,1,1,0
1794,846,1,6,5
1799,846,1,11,10
1788,847,7,7,0
1789,847,6,6,0
1792,847,2,3,1
1793,847,2,4,2
1794,847,1,1,0
1793,848,3,6,3
1799,848,1,1,0
1787,849,2,2,0
1790,849,4,4,0
1791,849,7,15,8
1793,849,1,37,36
1796,849,1,1,0
1797,849,5,8,3
1785,850,2,2,0
1786,850,3,6,3
1787,850,2,4,2
1793,850,9,96,87
1794,850,7,57,50
1795,850,6,6,0
1797,850,7,12,5
1785,851,1,1,0
1786,851,3,5,2
1787,851,1,4,3
1792,851,18,117,99
1793,851,21,105,84
1794,851,9,54,45
1787,852,3,3,0
1788,852,1,1,0
1790,852,3,3,0
1791,852,5,12,7
1792,852,19,62,43
1793,852,21,44,23
1794,852,5,9,4
1799,852,5,9,4
1787,853,1,1,0
1788,853,2,5,3
1789,853,1,1,0
1796,853,4,11,7
1799,853,2,6,4
1784,854,2,4,2
1793,854,1,2,1
1796,854,9,12,3
1797,854,2,2,0
1787,855,1,1,0
1788,855,3,3,0
1791,855,2,2,0
1793,855,4,9,5
1797,855,1,2,1
1799,855,1,2,1
1793,856,25,58,33
1794,856,43,63,20
1795,856,12,14,2
1792,857,1,66,65
1793,857,32,115,83
1794,857,47,102,55
1795,857,27,29,2
1797,857,5,5,0
1798,857,8,8,0
1792,858,13,84,71
1793,858,23,124,101
1794,858,28,102,74
1795,858,17,28,11
1796,860,2,8,6
1797,860,1,5,4
1799,860,1,1,0
1792,861,19,19,0
1793,861,11,16,5
1794,861,4,4,0
1795,861,3,3,0
1799,862,6,7,1
1793,863,12,72,60
1794,863,23,73,50
1795,863,16,29,13
1796,863,4,6,2
1792,864,34,86,52
1795,864,26,105,79
1799,864,6,8,2
1792,865,3,60,57
1793,865,24,127,103
1794,865,57,170,113
1795,865,44,86,42
1793,866,20,25,5
1794,866,32,46,14
1795,866,11,19,8
1798,866,5,5,0
1799,866,1,1,0
1792,867,1,1,0
1793,867,6,6,0
1797,867,14,19,5
1796,868,4,13,9
1798,869,1,1,0
1799,869,9,9,0
1792,870,18,20,2
1794,870,9,82,73
1795,870,19,81,62
1794,871,7,230,223
1795,871,83,161,78
1796,871,54,114,60
1799,871,2,2,0
1792,872,1,2,1
1794,872,43,100,57
1795,872,54,162,108
1796,872,91,91,0
1799,872,3,14,11
1793,873,23,32,9
1795,873,10,10,0
1797,873,12,12,0
1798,874,7,17,10
1795,875,26,38,12
1797,875,8,8,0
1799,875,1,5,4
1798,876,12,20,8
1792,877,4,4,0
1794,877,20,77,57
1796,877,50,88,38
1798,877,19,19,0
1795,878,38,222,184
1796,878,39,96,57
1799,878,5,13,8
1796,879,20,91,71
1798,879,26,26,0
1792,880,3,3,0
1795,880,23,61,38
1799,880,2,3,1
1795,881,2,2,0
1796,881,1,1,0
1792,882,2,2,0
1793,882,19,21,2
1795,882,25,28,3
1797,882,5,19,14
1799,882,11,11,0
1796,883,14,14,0
1795,884,31,88,57
1797,884,90,96,6
1792,885,10,10,0
1793,885,4,4,0
1795,885,36,186,150
1796,885,56,218,162
1797,885,112,139,27
1798,885,19,32,13
1795,886,37,181,144
1797,886,93,102,9
1792,887,10,19,9
1794,887,5,11,6
1797,887,12,12,0
1799,887,3,10,7
1793,888,14,14,0
1797,888,2,11,9
1799,888,9,9,0
1794,889,3,10,7
1796,889,20,20,0
1795,890,5,11,6
1796,890,5,5,0
1795,891,2,137,135
1796,891,6,106,100
1797,891,49,122,73
1798,891,32,32,0
1792,892,14,14,0
1797,892,67,167,100
1798,892,66,66,0
1799,892,13,13,0
1796,893,25,193,168
1797,893,58,173,115
1798,893,67,78,11
1795,894,10,24,14
1796,894,63,79,16
1797,894,48,66,18
1798,894,33,33,0
1793,895,11,11,0
1792,896,2,4,2
1796,896,5,5,0
1793,897,4,8,4
1797,897,2,2,0
1798,897,6,6,0
1792,898,5,5,0
1794,898,5,5,0
1796,898,45,99,54
1797,898,2,85,83
1798,898,36,37,1
1799,898,1,1,0
1792,899,9,14,5
1796,899,11,194,183
1797,899,32,193,161
1798,899,13,95,82
1792,900,1,1,0
1796,900,58,115,57
1797,900,67,178,111
1798,900,98,111,13
1793,901,7,7,0
1794,901,3,3,0
1797,901,47,47,0
1798,901,35,36,1
1794,902,1,1,0
1795,903,1,1,0
1797,903,7,7,0
1798,903,4,4,0
1795,904,9,11,2
1799,904,6,10,4
1793,905,7,8,1
1794,905,11,11,0
1796,905,20,49,29
1797,905,7,79,72
1798,905,32,61,29
1797,906,45,216,171
1798,906,84,165,81
1799,906,72,75,3
1792,907,6,6,0
1798,907,68,127,59
1799,907,65,66,1
1792,908,6,8,2
1793,908,14,14,0
1795,908,1,14,13
1797,908,4,27,23
1799,908,8,8,0
1794,909,20,20,0
1796,909,5,14,9
1798,909,19,19,0
1793,910,9,9,0
1797,910,5,13,8
1792,911,7,7,0
1796,911,5,5,0
1799,911,3,7,4
1793,912,1,1,0
1795,912,2,2,0
1796,912,16,29,13
1798,912,14,77,63
1799,912,71,71,0
1800,912,5,7,2
1806,912,1,1,0
1807,912,1,1,0
1792,913,3,3,0
1793,913,12,12,0
1796,913,30,91,61
1797,913,53,197,144
1798,913,63,199,136
1799,913,46,131,85
1800,913,5,7,2
1801,913,2,3,1
1798,914,14,141,127
1799,914,26,77,51
1800,914,4,5,1
1801,914,1,2,1
1793,915,4,10,6
1794,915,9,9,0
1798,915,4,19,15
1799,915,11,11,0
1800,915,1,1,0
1804,915,2,2,0
1805,915,2,2,0
1792,916,11,11,0
1795,916,5,5,0
1796,916,11,13,2
1799,916,2,2,0
1804,916,3,3,0
1805,916,4,4,0
1806,916,2,2,0
1804,917,2,2,0
1805,917,2,3,1
1806,917,2,3,1
1793,918,14,14,0
1794,918,2,17,15
1795,918,1,1,0
1798,918,5,5,0
1799,918,10,10,0
1800,918,6,6,0
1801,918,2,2,0
1795,919,4,4,0
1799,919,52,54,2
1800,919,11,11,0
1801,919,6,6,0
1792,920,8,9,1
1793,920,1,1,0
1798,920,1,124,123
1799,920,87,141,54
1800,920,89,89,0
1801,920,6,9,3
1803,920,9,9,0
1806,920,5,8,3
1807,920,2,2,0
1794,921,18,20,2
1798,921,26,182,156
1800,921,68,68,0
1801,921,10,12,2
1803,921,8,8,0
1794,922,3,3,0
1797,922,10,50,40
1798,922,33,84,51
1799,922,26,67,41
1800,922,18,18,0
1792,923,4,5,1
1793,923,3,4,1
1796,923,5,6,1
1799,923,6,9,3
1804,923,3,3,0
1807,923,5,5,0
1792,924,2,2,0
1794,924,4,4,0
1795,924,5,12,7
1798,924,20,20,0
1801,924,10,10,0
1802,924,9,10,1
1803,924,2,5,3
1804,924,5,6,1
1805,924,1,1,0
1792,925,4,4,0
1795,925,9,9,0
1796,925,3,3,0
1799,925,8,8,0
1800,925,1,1,0
1806,925,1,1,0
1792,926,1,1,0
1793,926,17,17,0
1796,926,19,22,3
1799,926,9,55,46
1800,926,2,19,17
1806,926,8,9,1
1793,927,8,8,0
1794,927,12,16,4
1800,927,25,63,38
1802,927,2,2,0
1803,927,15,15,0
1806,927,10,10,0
1792,928,12,12,0
1795,928,2,2,0
1798,928,12,94,82
1799,928,88,175,87
1800,928,36,70,34
1801,928,8,15,7
1804,928,3,3,0
1807,928,4,7,3
1795,929,4,9,5
1796,929,2,2,0
1800,929,20,36,16
1801,929,1,1,0
1803,929,5,5,0
1804,929,3,3,0
1800,930,6,8,2
1803,930,3,6,3
1792,931,8,12,4
1793,931,4,5,1
1798,931,6,6,0
1799,931,3,3,0
1800,931,1,1,0
1807,931,1,1,0
1795,932,3,3,0
1800,932,5,5,0
1802,932,2,2,0
1803,932,1,2,1
1794,933,3,7,4
1800,933,15,32,17
1801,933,6,6,0
1804,933,1,1,0
1805,933,2,2,0
1792,934,6,6,0
1793,934,1,1,0
1794,934,2,2,0
1799,934,6,118,112
1800,934,52,99,47
1801,934,30,39,9
1802,934,1,1,0
1805,934,3,3,0
1795,935,5,5,0
1799,935,39,130,91
1800,935,107,166,59
1801,935,67,76,9
1802,935,8,8,0
1806,935,4,4,0
1800,936,51,51,0
1801,936,15,18,3
1803,936,1,5,4
1804,936,6,7,1
1807,936,13,13,0
1793,937,5,5,0
1799,937,9,9,0
1800,937,14,14,0
1801,937,6,6,0
1793,938,1,1,0
1795,938,2,2,0
1796,938,13,13,0
1797,938,2,2,0
1802,938,4,5,1
1805,938,6,6,0
1806,938,5,5,0
1792,939,1,1,0
1796,939,11,11,0
1800,939,2,2,0
1801,939,4,4,0
1805,939,3,6,3
1806,939,7,7,0
1807,939,1,1,0
1792,940,3,7,4
1793,940,6,6,0
1798,940,6,6,0
1799,940,41,41,0
1800,940,49,53,4
1801,940,25,25,0
1792,941,1,2,1
1793,941,4,4,0
1796,941,2,2,0
1799,941,6,88,82
1800,941,53,103,50
1801,941,37,59,22
1802,941,16,16,0
1795,942,6,6,0
1796,942,9,9,0
1797,942,3,8,5
1800,942,33,101,68
1801,942,38,73,35
1802,942,28,34,6
1803,942,5,6,1
1805,942,6,6,0
1806,942,7,7,0
1793,943,1,1,0
1795,943,1,4,3
1796,943,1,2,1
1799,943,2,52,50
1800,943,31,64,33
1801,943,55,61,6
1802,943,34,34,0
1805,943,4,7,3
1806,943,8,8,0
1793,944,5,5,0
1804,944,3,3,0
1793,945,10,12,2
1794,945,7,7,0
1796,945,2,7,5
1797,945,7,10,3
1798,945,3,3,0
1804,945,1,1,0
1805,945,4,4,0
1807,945,3,9,6
1793,946,1,8,7
1794,946,4,4,0
1801,946,6,18,12
1804,946,2,4,2
1799,947,7,18,11
1801,947,5,5,0
1805,947,3,3,0
1792,948,4,6,2
1800,948,12,85,73
1801,948,42,67,25
1802,948,24,24,0
1805,948,9,10,1
1806,948,4,4,0
1795,949,5,6,1
1796,949,4,7,3
1800,949,22,166,144
1801,949,51,133,82
1802,949,45,66,21
1803,949,11,14,3
1805,949,3,4,1
1800,950,11,72,61
1801,950,31,60,29
1802,950,21,21,0
1793,951,10,13,3
1794,951,4,6,2
1797,951,3,3,0
1801,951,7,7,0
1802,951,1,3,2
1805,951,2,4,2
1807,951,2,2,0
1802,952,4,4,0
1805,952,1,1,0
1806,952,2,9,7
1807,952,3,3,0
1803,953,3,3,0
1804,953,2,7,5
1805,953,3,3,0
1805,954,2,2,0
1807,954,6,6,0
1800,955,2,61,59
1801,955,12,79,67
1802,955,29,40,11
1807,955,3,8,5
1800,956,1,92,91
1801,956,35,127,92
1802,956,58,82,24
1803,956,6,6,0
1801,957,10,84,74
1802,957,43,61,18
1803,957,3,3,0
1805,957,7,7,0
1806,957,2,2,0
1802,958,7,11,4
1805,958,7,7,0
1806,958,2,8,6
1800,959,11,11,0
1805,959,2,2,0
1800,960,5,12,7
1803,960,2,9,7
1804,960,4,4,0
1807,960,7,7,0
1804,961,7,7,0
1805,961,14,20,6
1806,961,8,12,4
1802,962,56,79,23
1803,962,28,28,0
1806,962,1,1,0
1801,963,23,146,123
1802,963,110,171,61
1803,963,90,90,0
1806,963,4,4,0
1807,963,5,7,2
1800,964,2,74,72
1801,964,14,105,91
1802,964,59,106,47
1803,964,59,59,0
1804,964,16,17,1
1805,964,6,8,2
1806,964,6,6,0
1800,965,19,19,0
1800,966,3,3,0
1803,966,4,5,1
1806,966,1,1,0
1807,966,13,14,1
1803,967,3,4,1
1804,967,3,3,0
1807,967,3,6,3
1801,968,8,9,1
1802,968,6,6,0
1803,968,9,9,0
1805,968,7,7,0
1801,969,9,56,47
1802,969,37,67,30
1803,969,61,61,0
1804,969,13,13,0
1805,969,10,10,0
1807,969,4,4,0
1802,970,1,90,89
1803,970,58,81,23
1804,970,13,13,0
1800,971,2,59,57
1801,971,24,111,87
1802,971,66,130,64
1803,971,109,115,6
1804,971,38,38,0
1805,971,9,9,0
1807,971,9,9,0
1800,972,9,11,2
1801,972,25,43,18
1802,972,43,51,8
1803,972,49,49,0
1804,972,2,2,0
1803,973,11,12,1
1805,973,3,11,8
1806,973,6,6,0
1807,973,10,16,6
1800,974,9,12,3
1801,974,9,14,5
1803,974,9,9,0
1803,975,8,8,0
1805,975,2,8,6
1807,975,5,10,5
1802,976,55,74,19
1803,976,36,59,23
1804,976,8,8,0
1802,977,41,137,96
1803,977,61,136,75
1804,977,46,66,20
1805,977,4,8,4
1807,977,1,1,0
1802,978,13,130,117
1803,978,79,146,67
1804,978,71,78,7
1805,978,7,7,0
1807,978,3,3,0
1803,979,48,69,21
1804,979,31,31,0
1800,980,3,3,0
1805,980,5,5,0
1806,980,10,10,0
1800,981,8,8,0
1805,981,12,12,0
1806,981,15,15,0
1802,982,3,14,11
1803,982,16,16,0
1805,982,1,1,0
1806,982,5,5,0
1801,983,1,13,12
1802,983,8,49,41
1803,983,57,59,2
1804,983,4,19,15
1807,983,9,9,0
1802,984,23,100,77
1803,984,74,108,34
1804,984,79,79,0
1805,984,1,4,3
1803,985,44,124,80
1804,985,69,85,16
1805,985,12,12,0
1802,986,8,68,60
1803,986,28,63,35
1804,986,29,34,5
1806,986,3,3,0
1800,987,2,2,0
1802,987,1,1,0
1806,987,1,6,5
1804,988,1,1,0
1805,988,17,17,0
1806,988,13,13,0
1803,989,11,11,0
1807,989,1,1,0
1803,990,13,31,18
1807,990,3,3,0
1803,991,31,88,57
1804,991,50,68,18
1805,991,56,56,0
1806,991,14,14,0
1803,992,54,144,90
1804,992,13,68,55
1805,992,58,70,12
1800,993,8,16,8
1803,993,12,69,57
1804,993,43,74,31
1805,993,28,31,3
1806,993,28,28,0
1800,994,2,2,0
1804,994,3,8,5
1805,994,1,1,0
1806,994,4,4,0
1800,995,2,2,0
1801,995,3,3,0
1803,995,5,5,0
1805,995,7,7,0
1807,995,2,2,0
1800,996,3,5,2
1801,996,2,2,0
1802,996,10,10,0
1804,996,6,8,2
1806,996,1,6,5
1807,996,6,6,0
1804,997,9,10,1
1803,998,6,59,53
1804,998,49,70,21
1805,998,57,57,0
1806,998,1,1,0
1807,998,7,7,0
1804,999,102,161,59
1805,999,53,65,12
1806,999,32,32,0
1804,1000,10,63,53
1805,1000,73,79,6
1806,1000,13,13,0
1800,1001,3,8,5
1802,1002,9,12,3
1803,1002,2,8,6
1804,1002,13,13,0
1807,1002,3,3,0
1800,1003,1,1,0
1806,1003,3,7,4
1807,1003,14,14,0
1801,1004,1,1,0
1803,1004,4,4,0
1804,1004,3,3,0
1805,1004,10,11,1
1804,1005,32,62,30
1805,1005,65,71,6
1806,1005,25,27,2
1800,1006,11,11,0
1804,1006,11,78,67
1805,1006,80,89,9
1806,1006,68,68,0
1807,1006,13,21,8
1804,1007,69,132,63
1805,1007,90,104,14
1806,1007,72,72,0
1803,1008,25,32,7
1804,1008,45,50,5
1805,1008,34,38,4
1806,1008,11,12,1
1800,1009,6,6,0
1803,1009,6,6,0
1804,1009,8,8,0
1805,1009,2,2,0
1807,1009,3,4,1
1802,1010,2,5,3
1807,1010,6,8,2
1802,1011,2,2,0
1805,1011,4,4,0
1806,1011,1,1,0
1800,1012,11,11,0
1801,1012,3,3,0
1805,1012,30,34,4
1806,1012,17,17,0
1805,1013,53,100,47
1806,1013,52,60,8
1807,1013,5,5,0
1805,1014,60,115,55
1806,1014,64,73,9
1807,1014,13,13,0
1800,1015,2,5,3
1801,1015,4,4,0
1805,1015,49,57,8
1806,1015,40,40,0
1801,1016,3,3,0
1802,1016,1,1,0
1806,1016,1,1,0
1800,1017,5,5,0
1801,1017,3,3,0
1802,1017,3,4,1
1803,1017,5,5,0
1804,1017,1,2,1
1803,1018,1,1,0
1804,1018,5,5,0
1805,1018,2,2,0
1804,1019,6,20,14
1805,1019,42,42,0
1806,1019,30,30,0
1807,1019,2,3,1
1801,1020,6,6,0
1805,1020,78,102,24
1806,1020,86,86,0
1807,1020,31,31,0
1801,1021,5,5,0
1805,1021,65,111,46
1806,1021,92,98,6
1807,1021,43,44,1
1805,1022,21,53,32
1806,1022,40,49,9
1807,1022,25,26,1
1802,1023,1,1,0
1803,1023,3,3,0
1807,1023,4,4,0
1800,1024,9,9,0
1804,1024,7,8,1
1806,1024,8,9,1
1801,1025,2,4,2
1802,1025,15,17,2
1806,1025,10,10,0
1807,1025,11,11,0
1802,1026,8,8,0
1805,1026,19,27,8
1806,1026,1,1,0
1800,1027,18,18,0
1805,1027,42,118,76
1806,1027,52,62,10
1807,1027,52,52,0
1805,1028,67,138,71
1806,1028,71,86,15
1807,1028,68,76,8
1800,1029,14,14,0
1802,1029,1,14,13
1805,1029,13,96,83
1806,1029,52,73,21
1807,1029,71,71,0
1802,1030,3,3,0
1806,1030,3,11,8
1807,1030,2,5,3
1804,1031,14,14,0
1806,1031,9,9,0
1802,1032,1,1,0
1803,1032,7,7,0
1809,1032,1,1,0
1810,1032,3,3,0
1811,1032,2,2,0
1800,1033,6,6,0
1805,1033,4,4,0
1806,1033,12,12,0
1812,1033,1,1,0
1813,1033,2,2,0
1814,1033,3,3,0
1815,1033,3,3,0
1805,1034,10,42,32
1806,1034,54,62,8
1807,1034,46,47,1
1808,1034,7,7,0
1809,1034,2,2,0
1812,1034,2,2,0
1813,1034,5,5,0
1814,1034,4,4,0
1815,1034,1,1,0
1806,1035,53,96,43
1807,1035,77,77,0
1808,1035,18,18,0
1809,1035,9,9,0
1812,1035,2,2,0
1813,1035,4,4,0
1814,1035,1,1,0
1801,1036,2,2,0
1802,1036,2,2,0
1806,1036,20,64,44
1807,1036,39,39,0
1808,1036,18,18,0
1809,1036,9,9,0
1812,1036,2,2,0
1813,1036,4,4,0
1814,1036,1,1,0
1800,1037,2,2,0
1802,1037,1,1,0
1806,1037,4,23,19
1808,1037,7,7,0
1809,1037,2,2,0
1812,1037,2,2,0
1813,1037,5,5,0
1814,1037,4,4,0
1815,1037,1,1,0
1803,1038,2,2,0
1805,1038,6,6,0
1806,1038,8,10,2
1812,1038,1,1,0
1813,1038,2,2,0
1814,1038,3,3,0
1815,1038,3,3,0
1800,1039,4,4,0
1802,1039,5,5,0
1803,1039,5,9,4
1806,1039,3,3,0
1809,1039,1,1,0
1810,1039,3,3,0
1811,1039,2,2,0
1803,1040,1,1,0
1804,1040,2,2,0
1807,1040,8,9,1
1810,1040,8,8,0
1811,1040,2,2,0
1813,1040,1,1,0
1814,1040,5,5,0
1806,1041,27,61,34
1807,1041,78,78,0
1808,1041,23,23,0
1811,1041,3,3,0
1812,1041,1,1,0
1813,1041,2,2,0
1814,1041,8,8,0
1815,1041,6,6,0
1800,1042,11,11,0
1806,1042,22,89,67
1807,1042,93,96,3
1808,1042,65,65,0
1809,1042,9,9,0
1811,1042,8,8,0
1812,1042,7,7,0
1815,1042,7,7,0
1800,1043,1,5,4
1806,1043,69,127,58
1807,1043,120,122,2
1808,1043,65,65,0
1809,1043,12,12,0
1811,1043,8,8,0
1812,1043,5,5,0
1815,1043,2,2,0
1802,1044,6,6,0
1805,1044,6,44,38
1806,1044,69,87,18
1807,1044,69,69,0
1808,1044,19,19,0
1811,1044,3,3,0
1813,1044,2,2,0
1814,1044,8,8,0
1815,1044,4,4,0
1800,1045,4,7,3
1802,1045,5,5,0
1806,1045,8,8,0
1810,1045,5,5,0
1811,1045,1,1,0
1813,1045,2,2,0
1814,1045,8,8,0
1804,1046,4,4,0
1805,1046,8,8,0
1806,1046,9,10,1
1809,1046,1,1,0
1810,1046,8,8,0
1811,1046,2,2,0
1814,1046,2,2,0
1800,1047,4,4,0
1804,1047,3,3,0
1808,1047,4,4,0
1814,1047,9,9,0
1815,1047,2,2,0
1807,1048,2,2,0
1808,1048,9,9,0
1811,1048,11,11,0
1812,1048,2,2,0
1814,1048,3,3,0
1815,1048,7,7,0
1801,1049,1,5,4
1802,1049,3,5,2
1806,1049,12,62,50
1807,1049,40,73,33
1808,1049,33,33,0
1809,1049,4,4,0
1811,1049,7,7,0
1812,1049,1,1,0
1801,1050,2,2,0
1802,1050,2,2,0
1806,1050,12,76,64
1807,1050,56,99,43
1808,1050,49,49,0
1809,1050,12,12,0
1811,1050,2,2,0
1812,1050,2,2,0
1813,1050,2,2,0
1814,1050,1,1,0
1806,1051,2,33,31
1807,1051,38,49,11
1808,1051,38,38,0
1809,1051,7,7,0
1811,1051,1,1,0
1812,1051,2,2,0
1813,1051,6,6,0
1814,1051,7,7,0
1800,1052,7,7,0
1801,1052,3,3,0
1808,1052,16,16,0
1811,1052,3,3,0
1813,1052,3,3,0
1814,1052,8,8,0
1800,1053,1,1,0
1803,1053,4,7,3
1804,1053,10,10,0
1805,1053,3,3,0
1808,1053,3,3,0
1810,1053,3,3,0
1811,1053,6,6,0
1814,1053,4,4,0
1804,1054,3,6,3
1808,1054,3,3,0
1810,1054,4,4,0
1811,1054,5,5,0
1814,1054,3,3,0
1800,1055,2,2,0
1802,1055,2,2,0
1803,1055,4,4,0
1807,1055,13,20,7
1808,1055,5,5,0
1810,1055,2,2,0
1811,1055,2,2,0
1814,1055,6,6,0
1803,1056,2,2,0
1807,1056,59,70,11
1808,1056,72,72,0
1809,1056,24,24,0
1811,1056,4,4,0
1812,1056,12,12,0
1815,1056,1,1,0
1807,1057,26,90,64
1808,1057,106,106,0
1809,1057,54,54,0
1810,1057,9,9,0
1812,1057,3,3,0
1814,1057,1,1,0
1815,1057,11,11,0
1800,1058,1,1,0
1807,1058,47,68,21
1808,1058,62,62,0
1809,1058,34,34,0
1810,1058,7,7,0
1812,1058,3,3,0
1813,1058,3,3,0
1803,1059,1,1,0
1807,1059,21,21,0
1808,1059,3,3,0
1809,1059,4,4,0
1810,1059,2,2,0
1812,1059,1,1,0
1813,1059,3,3,0
1804,1060,5,7,2
1805,1060,1,1,0
1809,1060,7,7,0
1810,1060,8,8,0
1814,1060,7,7,0
1815,1060,7,7,0
1804,1061,4,4,0
1805,1061,2,2,0
1814,1061,3,3,0
1815,1061,3,3,0
1801,1062,5,5,0
1802,1062,2,2,0
1806,1062,6,23,17
1807,1062,38,38,0
1808,1062,12,12,0
1809,1062,1,1,0
1812,1062,5,5,0
1813,1062,3,3,0
1800,1063,2,2,0
1801,1063,3,5,2
1802,1063,1,2,1
1807,1063,23,105,82
1808,1063,93,93,0
1809,1063,49,49,0
1810,1063,6,6,0
1812,1063,1,1,0
1813,1063,4,4,0
1814,1063,3,3,0
1815,1063,3,3,0
1800,1064,4,4,0
1802,1064,3,3,0
1803,1064,5,7,2
1807,1064,125,204,79
1808,1064,137,153,16
1809,1064,88,89,1
1810,1064,20,20,0
1812,1064,1,1,0
1813,1064,8,9,1
1802,1065,2,2,0
1807,1065,21,163,142
1808,1065,157,190,33
1809,1065,104,122,18
1810,1065,35,41,6
1814,1065,2,2,0
1815,1065,3,3,0
1802,1066,1,1,0
1808,1066,88,102,14
1809,1066,59,63,4
1810,1066,21,21,0
1814,1066,2,2,0
1815,1066,2,3,1
1801,1067,1,2,1
1811,1067,1,1,0
1812,1067,6,6,0
1813,1067,2,2,0
1804,1068,1,5,4
1805,1068,5,5,0
1815,1068,2,2,0
1804,1069,2,3,1
1808,1069,1,10,9
1815,1069,3,4,1
1800,1070,2,4,2
1803,1070,1,1,0
1807,1070,11,16,5
1808,1070,14,15,1
1809,1070,3,3,0
1812,1070,2,3,1
1813,1070,1,1,0
1800,1071,1,1,0
1803,1071,4,4,0
1807,1071,18,53,35
1808,1071,58,67,9
1809,1071,36,41,5
1810,1071,9,12,3
1803,1072,5,5,0
1807,1072,26,55,29
1808,1072,53,59,6
1809,1072,32,37,5
1810,1072,7,10,3
1813,1072,1,1,0
1814,1072,3,3,0
1815,1072,2,2,0
1807,1073,27,33,6
1808,1073,18,23,5
1809,1073,9,13,4
1810,1073,1,3,2
1812,1073,3,3,0
1813,1073,6,6,0
1814,1073,3,3,0
1801,1074,4,5,1
1802,1074,1,1,0
1807,1074,12,12,0
1811,1074,2,2,0
1812,1074,5,5,0
1813,1074,4,5,1
1801,1075,6,6,0
1802,1075,2,2,0
1805,1075,3,6,3
1808,1075,1,2,1
1801,1076,6,6,0
1802,1076,1,1,0
1805,1076,6,7,1
1808,1076,1,2,1
1801,1077,3,5,2
1804,1077,3,3,0
1808,1077,2,5,3
1812,1077,2,2,0
1813,1077,2,3,1
1800,1078,2,2,0
1804,1078,6,6,0
1808,1078,38,43,5
1809,1078,25,29,4
1810,1078,10,12,2
1811,1078,2,3,1
1812,1078,3,3,0
1813,1078,4,4,0
1814,1078,2,2,0
1800,1079,4,4,0
1803,1079,5,5,0
1804,1079,5,12,7
1808,1079,86,92,6
1809,1079,60,65,5
1810,1079,25,28,3
1811,1079,3,4,1
1800,1080,2,2,0
1803,1080,3,3,0
1804,1080,2,2,0
1808,1080,33,33,0
1809,1080,20,21,1
1810,1080,4,7,3
1803,1081,3,3,0
1804,1081,2,2,0
1807,1081,2,8,6
1808,1081,9,9,0
1809,1081,2,3,1
1813,1081,1,1,0
1814,1081,1,1,0
1803,1082,1,3,2
1807,1082,4,4,0
1812,1082,1,2,1
1813,1082,2,2,0
1803,1083,1,3,2
1807,1083,2,2,0
1803,1084,3,3,0
1804,1084,1,1,0
1814,1084,3,4,1
1815,1084,1,1,0
1808,1085,24,35,11
1809,1085,31,36,5
1810,1085,24,24,0
1811,1085,3,3,0
1814,1085,3,4,1
1815,1085,1,1,0
1800,1086,3,4,1
1808,1086,49,63,14
1809,1086,57,63,6
1810,1086,45,45,0
1811,1086,14,14,0
1805,1087,1,1,0
1808,1087,33,48,15
1809,1087,44,51,7
1810,1087,36,36,0
1811,1087,7,7,0
1814,1087,4,6,2
1815,1087,2,2,0
1808,1088,15,15,0
1809,1088,17,17,0
1810,1088,2,5,3
1812,1088,4,6,2
1806,1089,1,1,0
1812,1089,6,6,0
1813,1089,2,2,0
1801,1090,2,2,0
1809,1090,4,6,2
1810,1090,1,2,1
1812,1090,6,6,0
1813,1090,3,3,0
1800,1091,2,2,0
1801,1091,1,1,0
1808,1091,1,1,0
1809,1091,12,12,0
1810,1091,5,5,0
1815,1091,2,2,0
1805,1092,1,1,0
1808,1092,4,18,14
1809,1092,25,28,3
1810,1092,15,15,0
1815,1092,4,6,2
1805,1093,2,2,0
1808,1093,21,61,40
1809,1093,50,69,19
1810,1093,46,47,1
1811,1093,14,14,0
1812,1093,4,4,0
1808,1094,28,67,39
1809,1094,61,77,16
1810,1094,56,56,0
1811,1094,20,20,0
1812,1094,7,7,0
1813,1094,1,1,0
1800,1095,2,2,0
1801,1095,1,1,0
1808,1095,4,21,17
1809,1095,39,39,0
1810,1095,28,28,0
1813,1095,2,2,0
1814,1095,2,2,0
1815,1095,6,6,0
1811,1096,4,4,0
1812,1096,1,2,1
1815,1096,3,4,1
1809,1098,2,2,0
1810,1098,1,1,0
1813,1098,2,2,0
1814,1098,5,5,0
1809,1099,27,28,1
1810,1099,27,27,0
1811,1099,1,1,0
1813,1099,1,3,2
1814,1099,6,8,2
1809,1100,41,74,33
1810,1100,65,71,6
1811,1100,29,29,0
1814,1100,2,3,1
1809,1101,38,69,31
1810,1101,67,69,2
1811,1101,31,31,0
1809,1102,19,26,7
1810,1102,29,29,0
1811,1102,11,11,0
1814,1102,1,4,3
1810,1103,1,5,4
1813,1103,3,3,0
1814,1103,2,2,0
1812,1104,3,5,2
1815,1104,2,2,0
1812,1105,1,2,1
1813,1105,4,5,1
1814,1105,3,4,1
1815,1105,3,3,0
1809,1106,10,11,1
1810,1106,6,6,0
1814,1106,1,3,2
1808,1107,4,36,32
1809,1107,29,49,20
1810,1107,34,41,7
1811,1107,12,14,2
1808,1108,4,50,46
1809,1108,39,69,30
1810,1108,53,65,12
1811,1108,31,32,1
1812,1108,5,5,0
1813,1108,2,4,2
1814,1108,6,6,0
1815,1108,1,1,0
1809,1109,20,41,21
1810,1109,38,44,6
1811,1109,22,22,0
1814,1109,3,3,0
1815,1109,6,6,0
1810,1110,7,9,2
1811,1110,4,4,0
1808,1111,2,2,0
1812,1111,2,5,3
1811,1112,8,9,1
1812,1112,9,9,0
1813,1112,2,2,0
1815,1112,2,5,3
1808,1113,1,1,0
1809,1113,2,2,0
1810,1113,2,2,0
1811,1113,1,1,0
1809,1114,14,30,16
1810,1114,42,42,0
1811,1114,25,26,1
1809,1115,12,51,39
1810,1115,74,81,7
1811,1115,51,55,4
1812,1115,7,12,5
1815,1115,3,5,2
1809,1116,19,35,16
1810,1116,58,58,0
1811,1116,34,35,1
1812,1116,1,2,1
1809,1117,9,9,0
1810,1117,5,5,0
1813,1117,4,4,0
1814,1117,4,4,0
1808,1118,9,9,0
1813,1118,3,8,5
1814,1118,5,5,0
1810,1119,4,4,0
1811,1119,9,9,0
1812,1119,5,5,0
1808,1120,5,8,3
1812,1120,1,4,3
1809,1121,3,4,1
1810,1121,21,21,0
1811,1121,20,20,0
1812,1121,6,6,0
1809,1122,13,39,26
1810,1122,56,67,11
1811,1122,50,51,1
1812,1122,15,15,0
1809,1123,16,55,39
1810,1123,58,77,19
1811,1123,46,52,6
1812,1123,12,15,3
1809,1124,10,22,12
1810,1124,32,32,0
1811,1124,15,15,0
1812,1124,2,2,0
1813,1124,3,7,4
1814,1124,5,7,2
1813,1125,5,7,2
1814,1125,6,7,1
1808,1126,2,5,3
1811,1127,1,4,3
1812,1127,1,3,2
1810,1128,8,8,0
1811,1128,8,8,0
1810,1129,51,62,11
1811,1129,61,61,0
1812,1129,20,20,0
1814,1129,3,4,1
1815,1129,9,9,0
1810,1130,52,70,18
1811,1130,68,71,3
1812,1130,28,28,0
1815,1130,2,2,0
1810,1131,12,22,10
1811,1131,21,27,6
1812,1131,5,10,5
1808,1132,7,7,0
1814,1132,7,8,1
1810,1133,5,5,0
1811,1133,6,6,0
1814,1133,8,8,0
1815,1133,5,5,0
1810,1134,6,8,2
1811,1134,10,10,0
1814,1134,2,2,0
1808,1135,9,9,0
1811,1135,1,4,3
1813,1135,4,4,0
1814,1135,5,5,0
1810,1136,29,35,6
1811,1136,36,36,0
1812,1136,13,18,5
1815,1136,2,5,3
1810,1137,43,63,20
1811,1137,65,65,0
1812,1137,38,39,1
1813,1137,10,10,0
1810,1138,30,40,10
1811,1138,36,36,0
1812,1138,15,15,0
1815,1138,2,6,4
1810,1139,4,4,0
1814,1139,2,2,0
1815,1139,12,12,0
1808,1140,1,1,0
1810,1140,3,6,3
1811,1140,6,8,2
1808,1141,4,6,2
1813,1141,2,3,1
1814,1142,3,3,0
1810,1143,19,30,11
1811,1143,32,33,1
1812,1143,17,20,3
1813,1143,5,5,0
1810,1144,11,54,43
1811,1144,83,83,0
1812,1144,60,60,0
1813,1144,2,10,8
1815,1144,5,5,0
1810,1145,5,28,23
1811,1145,46,46,0
1812,1145,35,35,0
1813,1145,2,7,5
1815,1145,8,8,0
1811,1146,7,7,0
1812,1146,8,8,0
1813,1146,1,2,1
1813,1147,4,4,0
1814,1147,1,1,0
1808,1148,1,3,2
1810,1148,2,2,0
1813,1148,4,4,0
1814,1148,4,4,0
1808,1149,2,2,0
1811,1149,3,4,1
1811,1150,25,25,0
1812,1150,21,27,6
1813,1150,1,6,5
1810,1151,3,22,19
1811,1151,60,62,2
1812,1151,62,68,6
1813,1151,27,35,8
1814,1151,5,6,1
1810,1152,3,42,39
1811,1152,73,78,5
1812,1152,71,71,0
1813,1152,25,29,4
1810,1153,3,18,15
1811,1153,37,37,0
1812,1153,31,31,0
1813,1153,4,6,2
1808,1154,1,1,0
1811,1154,4,4,0
1815,1154,2,5,3
1810,1155,1,1,0
1810,1156,2,4,2
1811,1156,11,12,1
1812,1156,3,11,8
1813,1156,2,2,0
1811,1157,25,25,0
1812,1157,24,25,1
1813,1157,6,6,0
1811,1158,47,55,8
1812,1158,55,56,1
1813,1158,19,19,0
1815,1158,1,5,4
1811,1159,63,88,25
1812,1159,82,90,8
1813,1159,36,38,2
1814,1159,2,2,0
1815,1159,5,5,0
1811,1160,24,24,0
1812,1160,31,31,0
1813,1160,10,12,2
1815,1160,5,5,0
1810,1161,2,2,0
1811,1161,5,5,0
1812,1161,1,4,3
1809,1162,4,8,4
1810,1162,8,8,0
1814,1162,4,4,0
1815,1162,4,4,0
1809,1163,1,3,2
1810,1163,4,4,0
1814,1163,1,1,0
1815,1163,1,3,2
1811,1164,17,17,0
1812,1164,18,21,3
1813,1164,5,5,0
1811,1165,34,43,9
1812,1165,46,50,4
1813,1165,24,24,0
1814,1165,3,3,0
1811,1166,31,52,21
1812,1166,49,54,5
1813,1166,33,33,0
1814,1166,11,11,0
1815,1166,2,2,0
1811,1167,26,41,15
1812,1167,35,35,0
1813,1167,22,24,2
1814,1167,5,6,1
1808,1168,2,2,0
1811,1168,11,11,0
1812,1168,10,10,0
1815,1168,5,5,0
1813,1169,1,1,0
1814,1169,5,5,0
1809,1170,4,4,0
1810,1170,1,1,0
1814,1170,6,6,0
1808,1171,4,4,0
1809,1171,2,2,0
1813,1171,5,7,2
1814,1171,2,2,0
1808,1172,8,10,2
1811,1172,21,38,17
1812,1172,55,55,0
1813,1172,34,35,1
1814,1172,3,5,2
1811,1173,26,69,43
1812,1173,91,91,0
1813,1173,57,57,0
1814,1173,8,13,5
1811,1174,15,46,31
1812,1174,61,61,0
1813,1174,40,40,0
1814,1174,3,10,7
1812,1175,4,4,0
1809,1176,6,6,0
1813,1176,6,6,0
1809,1177,9,9,0
1810,1177,4,4,0
1812,1177,1,1,0
1815,1177,8,8,0
1811,1179,6,10,4
1812,1179,31,31,0
1813,1179,21,23,2
1811,1180,8,34,26
1812,1180,72,74,2
1813,1180,64,64,0
1814,1180,22,22,0
1812,1181,62,78,16
1813,1181,60,66,6
1814,1181,16,21,5
1812,1182,40,41,1
1813,1182,27,27,0
1814,1182,1,1,0
1808,1183,2,2,0
1812,1183,8,9,1
1809,1184,4,4,0
1813,1184,5,5,0
1814,1184,3,5,2
1815,1184,3,3,0
1812,1186,30,30,0
1813,1186,27,28,1
1814,1186,11,13,2
1812,1187,79,79,0
1813,1187,75,82,7
1814,1187,40,40,0
1812,1188,67,71,4
1813,1188,65,75,10
1814,1188,37,37,0
1812,1189,19,24,5
1813,1189,22,26,4
1814,1189,16,16,0
1815,1189,4,4,0
1808,1190,2,2,0
1809,1190,2,4,2
1811,1190,1,3,2
1813,1190,1,1,0
1814,1190,2,4,2
1815,1190,8,8,0
1809,1191,1,1,0
1811,1191,1,1,0
1813,1191,7,7,0
1809,1192,5,6,1
1812,1192,1,6,5
1813,1192,5,5,0
1815,1192,2,2,0
1808,1193,3,3,0
1809,1193,2,2,0
1812,1193,25,25,0
1813,1193,25,25,0
1814,1193,5,5,0
1811,1194,2,26,24
1812,1194,65,65,0
1813,1194,63,63,0
1814,1194,25,25,0
1811,1195,9,41,32
1812,1195,79,82,3
1813,1195,77,77,0
1814,1195,33,33,0
1815,1195,3,3,0
1811,1196,5,19,14
1812,1196,47,47,0
1813,1196,39,43,4
1814,1196,9,15,6
1808,1197,5,5,0
1809,1197,4,7,3
1812,1197,6,6,0
1815,1197,3,3,0
1808,1198,3,7,4
1809,1198,8,11,3
1815,1198,7,7,0
1809,1199,2,2,0
1810,1199,1,1,0
1812,1199,6,9,3
1813,1199,4,4,0
1812,1200,3,9,6
1813,1200,17,23,6
1814,1200,10,13,3
1812,1201,22,32,10
1813,1201,50,50,0
1814,1201,36,36,0
1815,1201,6,7,1
1812,1202,25,47,22
1813,1202,66,66,0
1814,1202,46,46,0
1815,1202,4,14,10
1808,1203,1,4,3
1812,1203,14,35,21
1813,1203,47,47,0
1814,1203,30,30,0
1808,1204,3,3,0
1812,1204,6,11,5
1813,1204,15,15,0
1814,1204,7,7,0
1809,1205,2,2,0
1810,1205,3,3,0
1809,1206,1,2,1
1810,1206,4,4,0
1811,1206,2,2,0
1815,1206,3,6,3
1808,1207,1,1,0
1814,1207,1,1,0
1815,1207,5,6,1
1812,1208,20,20,0
1813,1208,45,45,0
1814,1208,29,32,3
1812,1209,16,38,22
1813,1209,69,70,1
1814,1209,62,63,1
1815,1209,33,33,0
1808,1210,3,3,0
1812,1210,9,33,24
1813,1210,57,62,5
1814,1210,51,55,4
1815,1210,28,28,0
1808,1211,4,4,0
1809,1211,5,5,0
1812,1211,11,12,1
1813,1211,30,30,0
1814,1211,17,24,7
1809,1212,2,2,0
1813,1212,11,11,0
1814,1212,7,11,4
1815,1212,3,3,0
1809,1213,1,1,0
1810,1213,2,2,0
1813,1213,1,1,0
1809,1214,1,1,0
1813,1214,6,6,0
1812,1215,18,20,2
1813,1215,29,29,0
1814,1215,19,19,0
1815,1215,1,3,2
1808,1216,2,2,0
1812,1216,28,39,11
1813,1216,76,76,0
1814,1216,68,68,0
1815,1216,32,32,0
1812,1217,16,27,11
1813,1217,54,54,0
1814,1217,42,48,6
1815,1217,20,23,3
1812,1218,5,7,2
1813,1218,16,16,0
1814,1218,6,11,5
1812,1220,2,2,0
1815,1220,8,9,1
1809,1221,4,4,0
1808,1222,3,4,1
1809,1222,8,8,0
1813,1222,19,19,0
1814,1222,15,15,0
1809,1223,2,3,1
1812,1223,13,25,12
1813,1223,62,62,0
1814,1223,62,63,1
1815,1223,38,38,0
1813,1224,54,58,4
1814,1224,48,48,0
1815,1224,15,15,0
1812,1225,4,14,10
1813,1225,34,34,0
1814,1225,25,25,0
1812,1226,3,3,0
1813,1226,9,9,0
1814,1226,4,4,0
1814,1228,1,1,0
1815,1228,1,1,0
1812,1229,4,4,0
1813,1229,12,13,1
1814,1229,8,11,3
1812,1230,9,15,6
1813,1230,36,40,4
1814,1230,32,36,4
1815,1230,14,15,1
1812,1231,5,27,22
1813,1231,53,64,11
1814,1231,61,61,0
1815,1231,31,31,0
1813,1232,6,11,5
1814,1232,10,11,1
1815,1232,1,6,5
1808,1233,2,2,0
1814,1233,1,1,0
1810,1234,2,2,0
1814,1234,3,3,0
1809,1235,2,3,1
1810,1235,2,2,0
1813,1235,3,3,0
1814,1235,4,4,0
1809,1236,5,5,0
1810,1236,3,3,0
1813,1236,14,14,0
1814,1236,14,14,0
1815,1236,2,2,0
1809,1237,2,2,0
1812,1237,10,22,12
1813,1237,38,49,11
1814,1237,51,51,0
1815,1237,35,35,0
1812,1238,12,28,16
1813,1238,47,61,14
1814,1238,61,61,0
1815,1238,34,39,5
1808,1239,4,6,2
1809,1239,4,4,0
1812,1239,10,10,0
1813,1239,36,36,0
1814,1239,26,26,0
1808,1240,5,7,2
1815,1240,3,3,0
1812,1241,1,2,1
1813,1241,2,3,1
1814,1241,1,2,1
1811,1242,1,1,0
1812,1242,3,3,0
1813,1242,3,3,0
1813,1243,3,4,1
1814,1243,2,2,0
1813,1244,8,13,5
1814,1244,15,16,1
1815,1244,11,11,0
1813,1245,15,23,8
1814,1245,27,29,2
1815,1245,24,24,0
1809,1246,1,4,3
1813,1246,12,18,6
1814,1246,19,20,1
1815,1246,11,11,0
1809,1247,2,5,3
1813,1247,2,5,3
1814,1247,1,2,1
1810,1248,1,1,0
1811,1248,1,1,0
1812,1248,1,1,0
1814,1248,1,1,0
1815,1248,1,1,0
1816,1248,3,3,0
1817,1248,2,2,0
1811,1249,2,2,0
1812,1249,2,2,0
1813,1249,3,3,0
1814,1249,2,3,1
1815,1249,2,4,2
1816,1249,2,2,0
1817,1249,2,2,0
1811,1250,1,3,2
1812,1250,4,4,0
1813,1250,6,6,0
1814,1250,7,7,0
1815,1250,7,7,0
1816,1250,2,2,0
1817,1250,2,2,0
1813,1251,7,7,0
1814,1251,9,9,0
1815,1251,8,10,2
1816,1251,2,2,0
1817,1251,2,2,0
1814,1252,3,9,6
1815,1252,4,10,6
1816,1252,2,2,0
1817,1252,2,2,0
1814,1253,7,7,0
1815,1253,7,7,0
1816,1253,2,2,0
1817,1253,2,2,0
1808,1254,1,1,0
1809,1254,1,1,0
1813,1254,3,3,0
1814,1254,3,3,0
1815,1254,4,4,0
1816,1254,2,2,0
1817,1254,2,2,0
1810,1255,1,1,0
1811,1255,1,1,0
1816,1255,2,2,0
1817,1255,2,2,0
1809,1256,1,2,1
1810,1256,3,4,1
1812,1256,1,2,1
1813,1256,6,7,1
1814,1256,5,6,1
1815,1256,1,2,1
1816,1256,1,1,0
1817,1256,1,1,0
1818,1256,1,1,0
1809,1257,2,4,2
1816,1257,1,1,0
1817,1257,1,1,0
1818,1257,1,1,0
1813,1258,8,13,5
1814,1258,16,18,2
1815,1258,16,16,0
1816,1258,1,1,0
1817,1258,1,1,0
1818,1258,1,1,0
1812,1259,2,11,9
1813,1259,18,25,7
1814,1259,31,34,3
1815,1259,35,35,0
1816,1259,1,1,0
1817,1259,1,1,0
1818,1259,1,1,0
1813,1260,2,9,7
1814,1260,12,15,3
1815,1260,13,13,0
1816,1260,1,1,0
1817,1260,1,1,0
1818,1260,1,1,0
1814,1261,1,3,2
1816,1261,1,1,0
1817,1261,1,1,0
1818,1261,1,1,0
1813,1262,2,5,3
1814,1262,5,7,2
1815,1262,2,3,1
1816,1262,1,1,0
1817,1262,1,1,0
1818,1262,1,1,0
1809,1263,3,4,1
1810,1263,3,4,1
1816,1263,1,1,0
1817,1263,1,1,0
1818,1263,1,1,0
1810,1264,1,1,0
1811,1264,2,2,0
1812,1264,3,3,0
1813,1264,4,4,0
1814,1264,4,5,1
1815,1264,4,6,2
1812,1265,1,3,2
1813,1265,2,4,2
1814,1265,3,5,2
1815,1265,3,5,2
1814,1266,2,4,2
1815,1266,3,4,1
1814,1267,1,3,2
1815,1267,3,3,0
1815,1268,2,2,0
1808,1269,1,1,0
1815,1269,1,1,0
1808,1270,1,1,0
1809,1270,1,1,0
1810,1270,1,1,0
1811,1270,1,1,0
1808,1271,1,1,0
1809,1271,1,1,0
1810,1271,1,1,0
1088,1712,2,2,0
1089,1712,1,1,0
1094,1712,1,1,0
1095,1712,2,2,0
1088,1713,1,1,0
1089,1713,1,1,0
1094,1713,1,1,0
1095,1713,1,1,0
1088,1714,1,1,0
1089,1714,1,1,0
1090,1714,1,1,0
1091,1714,1,1,0
1092,1714,1,1,0
1093,1714,1,1,0
1094,1714,1,1,0
1095,1714,1,1,0
1088,1715,1,1,0
1089,1715,1,1,0
1090,1715,2,2,0
1091,1715,2,2,0
1092,1715,2,2,0
1093,1715,2,2,0
1094,1715,1,1,0
1095,1715,1,1,0
1089,1716,1,1,0
1090,1716,2,2,0
1091,1716,3,3,0
1092,1716,3,3,0
1093,1716,2,2,0
1094,1716,1,1,0
1089,1717,1,1,0
1090,1717,3,3,0
1091,1717,5,5,0
1092,1717,5,5,0
1093,1717,3,3,0
1094,1717,1,1,0
1089,1718,1,1,0
1090,1718,4,4,0
1091,1718,6,6,0
1092,1718,6,6,0
1093,1718,4,4,0
1094,1718,1,1,0
1089,1719,1,1,0
1090,1719,4,4,0
1091,1719,6,6,0
1092,1719,6,6,0
1093,1719,4,4,0
1094,1719,1,1,0
208,2240,1,1,0
209,2240,6,6,0
210,2240,10,10,0
211,2240,6,6,0
215,2240,4,4,0
208,2241,1,1,0
209,2241,6,6,0
210,2241,9,9,0
211,2241,6,6,0
215,2241,4,4,0
208,2242,1,1,0
209,2242,5,5,0
210,2242,7,7,0
211,2242,5,5,0
215,2242,3,3,0
208,2243,1,1,0
209,2243,4,4,0
210,2243,5,5,0
211,2243,3,3,0
215,2243,2,2,0
208,2244,1,1,0
209,2244,2,2,0
210,2244,3,3,0
211,2244,2,2,0
215,2244,1,1,0
208,2245,1,1,0
209,2245,1,1,0
210,2245,1,1,0
211,2245,1,1,0
212,2245,1,1,0
213,2245,1,1,0
214,2245,1,1,0
215,2245,1,1,0
208,2246,1,1,0
212,2246,1,1,0
213,2246,2,2,0
214,2246,1,1,0
208,2247,1,1,0
212,2247,1,1,0
213,2247,2,2,0
