X,Y,Subtracted,Original 1,Original 2
2735,1743,2,2,0
1798,832,4,4,0
1799,832,5,5,0
1792,833,1,4,3
1793,833,3,7,4
1794,833,5,9,4
1795,833,4,7,3
1796,833,2,3,1
1795,834,5,5,0
1796,834,4,4,0
1797,834,1,1,0
1792,837,2,79,77
1793,837,3,42,39
1794,837,3,7,4
1799,837,1,1,0
1792,838,3,34,31
1793,838,4,11,7
1799,838,3,7,4
1795,839,2,7,5
1796,839,2,7,5
1799,839,4,5,1
1786,840,1,7,6
1787,840,3,3,0
1789,840,3,3,0
1790,840,4,6,2
1791,840,4,5,1
1793,840,4,5,1
1794,840,6,6,0
1795,840,5,5,0
1799,840,6,8,2
1784,841,2,8,6
1785,841,2,2,0
1797,841,5,6,1
1788,842,1,3,2
1789,842,1,5,4
1790,842,2,21,19
1791,842,2,41,39
1792,842,3,70,67
1797,842,4,4,0
1798,842,1,1,0
1787,843,1,7,6
1789,843,5,6,1
1790,843,8,55,47
1791,843,8,111,103
1794,843,6,24,18
1784,844,1,1,0
1793,844,4,60,56
1794,844,8,21,13
1795,844,4,4,0
1784,845,3,7,4
1792,845,23,27,4
1793,845,7,11,4
1797,845,2,2,0
1788,846,2,5,3
1789,846,5,5,0
1792,846,10,10,0
1785,847,3,4,1
1795,847,6,7,1
1796,847,4,10,6
1787,848,2,2,0
1788,848,1,4,3
1795,848,1,1,0
1796,848,3,3,0
1798,848,3,3,0
1788,849,2,2,0
1792,849,7,35,28
1784,850,3,3,0
1792,850,8,90,82
1795,850,1,8,7
1784,851,1,1,0
1792,851,5,84,79
1795,851,4,9,5
1798,851,2,2,0
1799,851,2,2,0
1786,852,3,3,0
1787,852,1,4,3
1791,852,3,15,12
1794,852,3,8,5
1797,852,3,3,0
1798,852,6,6,0
1786,853,2,2,0
1787,853,4,5,1
1791,853,6,6,0
1798,853,1,1,0
1787,854,1,2,1
1791,854,3,3,0
1792,854,1,4,3
1794,854,4,6,2
1795,854,1,1,0
1784,855,5,8,3
1790,855,1,1,0
1791,855,3,5,2
1792,855,2,2,0
1797,855,4,5,1
1798,855,7,7,0
1799,855,1,2,1
1792,856,11,19,8
1799,856,5,6,1
1792,857,10,57,47
1793,857,3,84,81
1795,857,4,18,14
1796,857,1,1,0
1797,857,7,7,0
1798,857,4,4,0
1793,859,6,35,29
1794,859,7,24,17
1797,859,3,3,0
1798,859,4,4,0
1793,860,11,11,0
1794,860,2,2,0
1797,860,5,6,1
1798,860,1,1,0
1794,862,2,11,9
1799,862,2,2,0
1795,863,1,17,16
1792,864,38,95,57
1793,864,25,137,112
1794,864,9,136,127
1795,864,2,69,67
1796,864,4,7,3
1798,864,5,5,0
1799,864,2,4,2
1796,865,2,17,15
1797,865,2,4,2
1793,866,8,17,9
1794,866,6,30,24
1795,866,5,17,12
1796,866,1,1,0
1792,867,6,6,0
1793,867,2,2,0
1799,867,3,3,0
1796,868,4,7,3
1795,869,3,5,2
1799,869,3,3,0
1792,870,12,13,1
1793,870,2,52,50
1792,871,6,38,32
1793,871,1,113,112
1795,871,1,137,136
1796,871,8,63,55
1797,871,10,11,1
1793,872,11,68,57
1794,872,22,75,53
1798,872,5,5,0
1792,873,5,9,4
1793,873,1,1,0
1795,873,10,10,0
1792,874,3,3,0
1795,874,14,14,0
1793,875,1,12,11
1794,875,3,3,0
1798,875,12,12,0
1793,876,2,2,0
1794,876,13,13,0
1795,876,3,3,0
1798,876,12,17,5
1793,877,4,38,34
1795,877,47,127,80
1797,877,6,13,7
1799,877,7,7,0
1795,878,37,190,153
1797,878,4,22,18
1799,878,11,17,6
1798,879,10,19,9
1796,880,2,11,9
1799,880,2,7,5
1794,881,6,6,0
1795,881,10,10,0
1798,882,1,3,2
1792,883,8,8,0
1799,883,5,5,0
1794,884,18,31,13
1795,884,21,75,54
1796,884,5,74,69
1794,885,4,78,74
1795,885,13,155,142
1796,885,7,149,142
1796,886,4,110,106
1797,886,6,46,40
1798,886,5,5,0
1799,886,6,6,0
1794,887,5,9,4
1795,887,13,19,6
1796,887,4,5,1
1799,887,8,15,7
1792,888,3,3,0
1794,888,2,3,1
1793,889,2,2,0
1795,889,5,14,9
1796,889,3,3,0
1799,889,1,5,4
1795,890,1,10,9
1793,891,13,14,1
1798,891,1,1,0
1793,892,18,18,0
1795,892,6,121,115
1796,892,7,109,102
1798,892,26,27,1
1799,892,5,15,10
1793,893,10,10,0
1795,893,3,130,127
1796,893,4,134,130
1798,893,20,38,18
1799,893,4,6,2
1798,894,4,14,10
1792,895,3,7,4
1793,895,2,2,0
1794,895,1,1,0
1797,895,2,2,0
1793,896,2,2,0
1794,896,1,3,2
1797,896,2,4,2
1798,896,2,6,4
1792,897,7,18,11
1793,897,5,10,5
1794,897,4,4,0
1795,897,2,2,0
1796,897,1,1,0
1795,898,1,43,42
1796,898,1,74,73
1792,899,10,10,0
1794,899,4,29,25
1795,899,11,107,96
1796,899,11,173,162
1797,899,3,162,159
1798,899,3,86,83
1799,899,10,16,6
1792,901,3,3,0
1793,901,7,7,0
1794,901,1,1,0
1796,901,2,2,0
1797,901,16,19,3
1798,901,12,12,0
1792,903,1,1,0
1795,903,4,4,0
1796,903,5,5,0
1799,903,3,3,0
1793,904,3,3,0
1794,904,8,8,0
1795,904,1,1,0
1793,905,1,1,0
1795,905,1,5,4
1797,905,1,69,68
1798,905,2,42,40
1792,906,2,6,4
1793,906,2,6,4
1794,906,1,1,0
1795,906,10,20,10
1796,906,7,80,73
1794,907,6,10,4
1795,907,20,24,4
1796,907,18,60,42
1797,907,1,83,82
1794,908,2,2,0
1795,908,10,10,0
1796,908,13,15,2
1799,908,1,1,0
1792,909,5,6,1
1799,909,4,4,0
1792,910,1,9,8
1793,910,4,5,1
1798,910,4,6,2
1799,910,3,3,0
1793,911,3,4,1
1794,911,6,6,0
1797,911,1,5,4
1792,912,2,2,0
1799,912,5,16,11
1792,913,6,6,0
1794,913,3,4,1
1795,913,7,7,0
1793,914,1,1,0
1794,914,4,7,3
1796,914,6,71,65
1797,914,12,135,123
1798,914,7,112,105
1799,914,3,79,76
1796,915,9,32,23
1797,915,10,51,41
1792,916,4,4,0
1793,916,1,1,0
1796,916,3,3,0
1796,917,1,1,0
1799,917,8,10,2
1795,918,1,2,1
1796,918,3,3,0
1797,918,11,23,12
1798,918,8,8,0
1792,919,1,6,5
1794,919,3,3,0
1797,919,5,66,61
1798,919,3,69,66
1792,920,3,5,2
1794,920,1,1,0
1798,920,18,92,74
1806,920,1,1,0
1807,920,5,5,0
1796,921,4,32,28
1798,921,17,136,119
1800,921,12,24,12
1801,921,6,11,5
1805,921,1,2,1
1793,922,4,5,1
1796,922,2,2,0
1798,922,10,46,36
1799,922,8,45,37
1800,922,7,15,8
1804,922,2,2,0
1805,922,2,2,0
1806,922,1,1,0
1793,923,4,4,0
1799,923,9,9,0
1807,923,3,6,3
1796,924,5,10,5
1797,924,5,5,0
1799,924,7,12,5
1800,924,1,1,0
1801,924,3,3,0
1802,924,6,7,1
1803,924,3,9,6
1802,925,3,3,0
1803,925,4,6,2
1807,925,3,3,0
1795,926,1,1,0
1797,926,19,28,9
1807,926,3,3,0
1792,927,9,9,0
1794,927,1,1,0
1795,927,5,5,0
1797,927,23,58,35
1801,927,1,16,15
1804,927,1,5,4
1797,928,1,19,18
1800,928,11,43,32
1801,928,2,8,6
1805,928,1,1,0
1806,928,4,4,0
1792,929,2,2,0
1797,929,1,1,0
1798,929,1,24,23
1800,929,4,19,15
1795,930,2,3,1
1799,930,3,5,2
1802,931,4,9,5
1803,931,1,5,4
1806,931,2,7,5
1794,932,2,2,0
1799,932,2,10,8
1802,932,4,8,4
1803,932,2,6,4
1806,932,2,6,4
1794,933,2,2,0
1797,933,1,1,0
1798,933,3,28,25
1799,933,3,55,52
1796,934,3,3,0
1797,934,5,20,15
1798,934,3,56,53
1799,934,2,89,87
1804,934,1,1,0
1792,935,3,4,1
1796,935,1,1,0
1797,935,3,17,14
1798,935,1,50,49
1800,935,5,74,69
1804,935,7,7,0
1793,936,3,3,0
1794,936,4,4,0
1797,936,2,2,0
1798,936,6,20,14
1800,936,2,11,9
1803,936,3,3,0
1804,936,6,6,0
1805,936,2,2,0
1797,937,1,1,0
1800,937,7,7,0
1792,938,8,8,0
1793,938,1,2,1
1796,938,4,4,0
1797,938,6,6,0
1800,938,7,7,0
1801,938,1,1,0
1792,939,10,10,0
1796,939,2,2,0
1799,939,1,1,0
1799,940,6,6,0
1792,941,2,2,0
1798,941,2,42,40
1799,941,12,80,68
1802,941,3,13,10
1803,941,2,2,0
1792,942,3,13,10
1793,942,4,4,0
1797,942,8,14,6
1798,942,8,65,57
1799,942,2,115,113
1802,942,6,17,11
1801,943,5,10,5
1795,944,3,4,1
1796,944,4,12,8
1800,944,9,9,0
1801,944,6,6,0
1802,944,2,3,1
1806,944,1,1,0
1807,944,1,1,0
1799,945,3,3,0
1798,946,2,2,0
1801,946,1,14,13
1802,946,4,14,10
1803,946,5,11,6
1804,946,5,6,1
1794,947,1,4,3
1804,947,3,3,0
1805,947,4,6,2
1806,947,1,4,3
1795,948,2,2,0
1796,948,3,3,0
1805,948,3,6,3
1806,948,5,6,1
1807,948,1,1,0
1792,949,3,6,3
1798,949,3,19,16
1799,949,5,75,70
1800,949,2,129,127
1792,950,3,5,2
1798,950,3,10,7
1799,950,5,45,40
1800,950,14,52,38
1801,950,12,32,20
1802,950,6,6,0
1796,951,5,8,3
1797,951,1,1,0
1793,952,1,1,0
1797,952,2,5,3
1798,952,3,5,2
1800,952,2,3,1
1803,952,7,7,0
1806,952,2,2,0
1792,953,1,3,2
1793,953,2,2,0
1794,953,1,1,0
1792,954,3,3,0
1795,954,3,4,1
1799,954,5,9,4
1801,954,9,19,10
1802,954,1,4,3
1807,954,2,2,0
1792,955,1,1,0
1795,955,2,4,2
1796,955,1,1,0
1799,955,5,30,25
1801,955,6,62,56
1802,955,1,30,29
1804,955,5,5,0
1805,955,6,7,1
1792,956,4,4,0
1795,956,1,2,1
1796,956,1,1,0
1799,956,4,39,35
1801,956,2,96,94
1804,956,10,10,0
1805,956,6,7,1
1792,957,5,8,3
1795,957,1,1,0
1799,957,5,28,23
1807,957,4,4,0
1792,958,1,3,2
1793,958,2,2,0
1794,958,1,1,0
1797,958,1,1,0
1798,958,4,4,0
1799,958,1,6,5
1800,958,7,7,0
1806,958,2,2,0
1807,958,2,6,4
1794,959,1,1,0
1797,959,3,6,3
1798,959,1,1,0
1800,959,7,7,0
1802,959,2,2,0
1803,959,9,9,0
1794,960,1,1,0
1795,960,1,1,0
1800,960,1,3,2
1807,960,4,4,0
1800,961,4,6,2
1801,961,5,5,0
1802,961,3,3,0
1798,962,2,3,1
1799,962,3,7,4
1800,962,8,48,40
1801,962,4,46,42
1802,962,1,29,28
1803,962,1,5,4
1805,962,1,1,0
1797,963,1,3,2
1798,963,1,9,8
1799,963,2,15,13
1800,963,20,97,77
1801,963,7,90,83
1805,963,1,2,1
1806,963,2,7,5
1800,964,25,80,55
1801,964,13,77,64
1805,964,3,3,0
1806,964,6,6,0
1792,965,2,4,2
1793,965,3,5,2
1794,965,2,4,2
1800,965,8,14,6
1801,965,4,19,15
1802,965,1,15,14
1803,965,1,1,0
1805,965,3,3,0
1792,966,1,1,0
1794,966,1,3,2
1799,967,2,2,0
1800,967,2,7,5
1801,967,1,1,0
1807,967,4,4,0
1801,968,1,14,13
1806,968,6,10,4
1800,969,13,34,21
1801,969,16,76,60
1803,969,6,17,11
1806,969,4,4,0
1801,971,4,90,86
1804,971,3,7,4
1806,971,7,7,0
1807,971,2,2,0
1800,972,7,7,0
1801,972,14,24,10
1803,972,6,6,0
1804,972,7,8,1
1804,973,2,16,14
1800,974,2,2,0
1801,974,9,11,2
1803,974,2,2,0
1804,974,11,14,3
1806,974,3,3,0
1807,974,2,2,0
1801,975,9,19,10
1806,975,1,3,2
1800,976,2,2,0
1803,976,5,32,27
1806,976,8,16,8
1800,977,3,59,56
1800,978,9,50,41
1801,978,10,103,93
1802,978,3,112,109
1803,978,5,61,56
1804,978,12,13,1
1807,978,1,1,0
1801,979,5,48,43
1801,980,8,20,12
1805,980,1,4,3
1807,980,5,5,0
1801,981,6,6,0
1805,981,6,6,0
1800,983,3,3,0
1801,983,5,14,9
1802,983,17,45,28
1803,983,14,45,31
1806,983,5,5,0
1803,984,5,40,35
1800,985,4,16,12
1804,985,5,36,31
1805,985,3,3,0
1800,986,7,7,0
1804,986,4,7,3
1800,987,1,1,0
1802,988,2,9,7
1803,988,1,8,7
1801,990,3,8,5
1802,990,1,1,0
1805,990,5,8,3
1806,990,2,6,4
1801,991,19,27,8
1802,991,25,56,31
1803,991,7,52,45
1807,991,4,4,0
1801,992,14,28,14
1804,992,12,64,52
1806,992,2,2,0
1801,993,15,18,3
1804,993,6,33,27
1801,994,7,7,0
1804,994,2,8,6
1801,995,1,1,0
1807,996,2,2,0
1800,997,1,1,0
1805,997,1,1,0
1807,997,3,5,2
1800,998,3,4,1
1802,998,6,31,25
1804,998,1,35,34
1805,998,11,19,8
1807,998,6,6,0
1800,999,3,4,1
1801,999,1,3,2
1802,999,15,61,46
1805,999,6,42,36
1807,999,4,4,0
1801,1000,1,1,0
1805,1000,6,18,12
1801,1002,1,1,0
1803,1002,1,4,3
1805,1002,4,7,3
1801,1003,1,1,0
1803,1003,8,13,5
1805,1003,7,10,3
1803,1004,14,25,11
1803,1005,15,75,60
1805,1005,8,17,9
1807,1005,1,5,4
1800,1006,1,2,1
1801,1006,1,3,2
1803,1006,6,108,102
1805,1006,1,48,47
1800,1007,6,7,1
1800,1008,1,7,6
1806,1008,1,6,5
1807,1008,1,1,0
1802,1009,3,3,0
1803,1009,4,5,1
1804,1009,2,4,2
1805,1009,2,2,0
1801,1010,1,1,0
1802,1010,3,4,1
1800,1011,3,4,1
1807,1011,4,4,0
1806,1012,1,6,5
1802,1013,1,33,32
1801,1014,5,5,0
1802,1014,18,33,15
1803,1014,15,71,56
1804,1014,13,82,69
1805,1014,14,55,41
1806,1014,8,18,10
1806,1015,2,3,1
1800,1016,6,6,0
1803,1016,5,5,0
1804,1016,1,4,3
1802,1017,2,2,0
1806,1017,1,1,0
1807,1017,1,1,0
1802,1018,8,12,4
1805,1018,1,9,8
1806,1018,12,12,0
1800,1020,6,7,1
1802,1020,2,2,0
1803,1020,12,36,24
1800,1021,5,10,5
1803,1021,11,67,56
1807,1021,10,11,1
1803,1022,1,28,27
1806,1022,3,3,0
1800,1023,7,12,5
1801,1023,5,5,0
1805,1023,4,4,0
1806,1023,3,3,0
1801,1024,7,7,0
1802,1024,11,11,0
1801,1025,3,3,0
1802,1025,2,2,0
1806,1025,3,5,2
1801,1026,1,3,2
1802,1026,1,1,0
1802,1027,4,6,2
1803,1027,16,23,7
1804,1027,14,46,32
1805,1027,1,49,48
1802,1028,2,4,2
1803,1028,17,34,17
1804,1028,15,71,56
1807,1028,4,12,8
1800,1029,4,5,1
1803,1029,3,15,12
1804,1029,1,44,43
1807,1029,4,4,0
1800,1030,5,6,1
1801,1030,3,5,2
1801,1031,5,5,0
1802,1031,10,11,1
1803,1031,6,6,0
1805,1031,1,1,0
1803,1032,2,4,2
1804,1032,1,1,0
1806,1032,2,2,0
1800,1033,2,2,0
1804,1033,2,4,2
1805,1033,1,9,8
1800,1034,1,1,0
1803,1036,1,5,4
1804,1036,4,40,36
1805,1036,5,72,67
1806,1036,3,54,51
1804,1037,5,19,14
1805,1037,6,37,31
1806,1037,5,23,18
1804,1038,2,2,0
1805,1038,4,7,3
1803,1040,7,7,0
1804,1040,16,16,0
1805,1040,12,12,0
1806,1040,2,2,0
1800,1041,4,4,0
1804,1041,3,27,24
1805,1041,6,51,45
1806,1041,4,38,34
1804,1043,1,42,41
1802,1044,3,3,0
1804,1044,1,12,11
1801,1045,1,1,0
1802,1045,3,3,0
1807,1045,4,4,0
1806,1046,1,1,0
1807,1046,7,7,0
1804,1047,1,1,0
1805,1047,3,6,3
1800,1048,3,3,0
1804,1048,8,10,2
1807,1048,4,4,0
1803,1049,1,1,0
1804,1049,4,30,26
1805,1049,9,68,59
1806,1049,11,71,60
1807,1049,9,49,40
1801,1050,7,7,0
1802,1050,2,2,0
1805,1050,10,74,64
1806,1050,10,77,67
1800,1051,1,1,0
1801,1051,8,8,0
1805,1051,1,35,34
1806,1051,1,35,34
1804,1052,1,2,1
1807,1052,4,4,0
1803,1053,2,5,3
1804,1053,1,1,0
1807,1053,3,3,0
1800,1054,2,2,0
1801,1054,3,3,0
1802,1054,2,2,0
1801,1055,3,6,3
1802,1055,2,2,0
1805,1055,14,20,6
1806,1055,20,24,4
1807,1055,12,12,0
1800,1056,10,10,0
1803,1056,1,1,0
1806,1056,3,58,55
1807,1056,4,20,16
1815,1056,3,3,0
1803,1057,8,8,0
1806,1057,10,85,75
1807,1057,12,61,49
1810,1057,2,6,4
1811,1057,1,5,4
1802,1058,6,7,1
1803,1058,4,4,0
1806,1058,1,53,52
1808,1058,1,13,12
1802,1059,4,4,0
1804,1060,3,3,0
1805,1060,8,8,0
1806,1060,6,6,0
1808,1060,4,7,3
1812,1060,3,6,3
1800,1061,3,4,1
1801,1061,1,1,0
1804,1061,1,1,0
1808,1061,1,1,0
1812,1061,1,5,4
1800,1062,3,6,3
1801,1062,8,8,0
1807,1062,2,41,39
1815,1062,1,5,4
1801,1063,3,3,0
1802,1063,2,3,1
1803,1063,3,3,0
1804,1063,13,13,0
1807,1063,43,129,86
1809,1063,1,16,15
1810,1063,4,5,1
1811,1063,3,3,0
1815,1063,3,4,1
1805,1064,1,74,73
1806,1064,1,129,128
1807,1064,2,155,153
1809,1064,3,15,12
1812,1064,2,2,0
1801,1065,3,5,2
1802,1065,2,2,0
1804,1065,5,25,20
1805,1065,5,77,72
1806,1065,6,124,118
1807,1065,5,144,139
1809,1065,6,9,3
1815,1065,1,1,0
1806,1066,1,63,62
1807,1066,1,72,71
1809,1066,3,3,0
1813,1066,1,1,0
1810,1067,3,3,0
1811,1067,2,2,0
1801,1068,2,4,2
1802,1068,2,7,5
1803,1068,3,4,1
1804,1068,1,1,0
1805,1068,2,2,0
1806,1068,2,2,0
1810,1068,4,7,3
1811,1068,4,4,0
1801,1069,1,2,1
1802,1069,1,4,3
1803,1069,2,4,2
1804,1069,2,2,0
1805,1069,3,3,0
1806,1069,3,4,1
1807,1069,3,5,2
1811,1069,6,6,0
1814,1069,2,5,3
1806,1070,1,6,5
1807,1070,1,12,11
1808,1070,5,5,0
1811,1070,6,6,0
1814,1070,4,4,0
1800,1071,5,5,0
1801,1071,2,2,0
1802,1071,1,1,0
1803,1071,3,3,0
1804,1071,6,7,1
1805,1071,7,16,9
1806,1071,7,30,23
1807,1071,7,42,35
1808,1071,10,10,0
1811,1071,7,7,0
1814,1071,4,4,0
1815,1071,3,4,1
1801,1072,2,2,0
1802,1072,1,1,0
1805,1072,10,10,0
1806,1072,16,35,19
1807,1072,9,60,51
1808,1072,10,18,8
1809,1072,5,9,4
1812,1072,2,2,0
1813,1072,2,3,1
1801,1073,1,1,0
1802,1073,1,1,0
1808,1073,1,3,2
1813,1073,1,1,0
1800,1074,1,1,0
1802,1074,1,1,0
1803,1074,4,4,0
1804,1074,1,1,0
1800,1075,1,1,0
1803,1075,6,6,0
1804,1075,6,6,0
1811,1075,1,3,2
1815,1075,2,2,0
1800,1076,3,3,0
1803,1076,4,4,0
1804,1076,6,6,0
1806,1076,2,3,1
1807,1076,8,8,0
1809,1076,1,4,3
1810,1076,2,5,3
1811,1076,2,3,1
1815,1076,2,2,0
1800,1077,4,4,0
1806,1077,2,8,6
1807,1077,8,19,11
1805,1078,2,2,0
1806,1078,3,17,14
1807,1078,1,35,34
1802,1079,1,1,0
1804,1079,1,3,2
1805,1079,8,8,0
1806,1079,10,29,19
1809,1079,2,21,19
1810,1079,6,7,1
1805,1080,3,9,6
1806,1080,1,20,19
1813,1080,2,2,0
1800,1081,2,2,0
1801,1081,2,3,1
1802,1081,1,2,1
1811,1082,1,1,0
1806,1083,1,4,3
1807,1083,3,8,5
1810,1083,1,1,0
1811,1083,3,3,0
1815,1083,2,2,0
1807,1084,6,12,6
1811,1084,4,4,0
1815,1084,3,3,0
1807,1085,7,42,35
1811,1085,3,3,0
1812,1085,3,4,1
1815,1085,3,3,0
1803,1086,1,4,3
1806,1086,4,32,28
1807,1086,10,68,58
1808,1086,4,28,24
1811,1086,2,2,0
1812,1086,6,6,0
1815,1086,1,2,1
1802,1087,3,3,0
1803,1087,1,3,2
1806,1087,9,20,11
1807,1087,18,60,42
1808,1087,7,36,29
1811,1087,1,1,0
1812,1087,7,7,0
1802,1088,2,5,3
1803,1088,3,3,0
1809,1088,1,2,1
1810,1088,1,1,0
1800,1089,4,4,0
1801,1089,3,3,0
1806,1089,1,4,3
1807,1089,3,5,2
1809,1089,1,6,5
1810,1089,2,5,3
1811,1089,1,1,0
1815,1089,2,2,0
1800,1090,5,8,3
1801,1090,2,2,0
1810,1090,1,4,3
1815,1090,3,4,1
1803,1091,4,4,0
1804,1091,3,3,0
1815,1091,2,2,0
1802,1092,2,2,0
1803,1092,4,5,1
1808,1092,2,31,29
1800,1093,2,2,0
1807,1093,3,53,50
1808,1093,3,73,70
1809,1093,1,36,35
1800,1094,5,6,1
1807,1094,3,47,44
1808,1094,4,63,59
1803,1095,4,6,2
1804,1095,4,5,1
1808,1095,4,23,19
1813,1095,1,1,0
1801,1096,2,2,0
1802,1096,3,3,0
1803,1096,2,3,1
1815,1096,3,4,1
1802,1097,3,3,0
1803,1097,2,3,1
1809,1097,1,3,2
1810,1097,2,6,4
1811,1097,1,5,4
1815,1097,3,3,0
1802,1098,1,1,0
1809,1098,1,1,0
1810,1098,4,7,3
1811,1098,3,8,5
1815,1098,2,2,0
1809,1099,5,6,1
1810,1099,2,2,0
1811,1099,1,1,0
1812,1099,2,3,1
1813,1099,3,3,0
1814,1099,2,2,0
1800,1100,1,1,0
1805,1100,2,2,0
1809,1100,6,23,17
1810,1100,3,3,0
1813,1100,5,6,1
1814,1100,3,3,0
1800,1101,3,3,0
1801,1101,2,2,0
1805,1101,3,3,0
1809,1101,6,34,28
1810,1101,9,9,0
1813,1101,5,6,1
1814,1101,2,2,0
1800,1102,2,2,0
1801,1102,2,2,0
1802,1102,1,1,0
1805,1102,1,1,0
1806,1102,2,7,5
1809,1102,4,19,15
1810,1102,8,8,0
1813,1102,2,2,0
1801,1103,2,2,0
1802,1103,3,3,0
1803,1103,3,3,0
1807,1103,2,2,0
1800,1104,3,4,1
1801,1104,2,3,1
1802,1104,2,2,0
1803,1104,1,1,0
1808,1104,4,6,2
1809,1104,2,3,1
1800,1105,1,2,1
1801,1105,1,2,1
1802,1105,1,1,0
1808,1105,2,3,1
1812,1105,2,3,1
1813,1105,3,5,2
1806,1106,1,4,3
1807,1106,1,5,4
1813,1106,2,2,0
1814,1106,2,2,0
1815,1106,1,2,1
1805,1107,1,3,2
1806,1107,2,5,3
1807,1107,2,6,4
1805,1108,1,3,2
1806,1108,2,5,3
1807,1108,2,6,4
1808,1108,3,46,43
1812,1108,1,3,2
1813,1108,1,2,1
1806,1109,1,4,3
1807,1109,1,5,4
1808,1109,4,31,27
1809,1109,2,22,20
1800,1110,1,2,1
1801,1110,1,2,1
1802,1110,1,1,0
1808,1110,2,5,3
1800,1111,3,4,1
1801,1111,2,3,1
1802,1111,2,2,0
1803,1111,1,1,0
1812,1111,1,7,6
1813,1111,4,7,3
1814,1111,2,2,0
1808,1112,7,7,0
1809,1112,2,9,7
1810,1112,6,9,3
1811,1112,7,7,0
1813,1113,3,3,0
1814,1113,4,4,0
1815,1113,3,3,0
1800,1114,1,2,1
1801,1114,1,1,0
1804,1114,1,1,0
1805,1114,1,3,2
1806,1114,1,5,4
1807,1114,1,7,6
1808,1114,5,29,24
1810,1114,2,8,6
1811,1114,2,2,0
1814,1114,2,2,0
1800,1115,2,3,1
1801,1115,2,2,0
1804,1115,1,1,0
1805,1115,2,4,2
1806,1115,2,8,6
1807,1115,1,10,9
1808,1115,19,78,59
1809,1115,10,56,46
1810,1115,13,27,14
1811,1115,6,6,0
1800,1116,2,3,1
1801,1116,2,2,0
1804,1116,1,1,0
1805,1116,2,4,2
1806,1116,2,8,6
1807,1116,1,10,9
1808,1116,9,53,44
1809,1116,1,35,34
1810,1116,7,13,6
1814,1116,1,1,0
1800,1117,1,2,1
1801,1117,1,1,0
1804,1117,1,1,0
1805,1117,1,3,2
1806,1117,1,5,4
1807,1117,1,7,6
1808,1117,1,7,6
1814,1117,1,1,0
1810,1118,1,2,1
1811,1118,3,4,1
1808,1119,1,4,3
1814,1119,2,2,0
1805,1120,1,1,0
1806,1120,1,3,2
1807,1120,1,4,3
1809,1120,3,13,10
1810,1120,3,7,4
1805,1121,1,1,0
1806,1121,1,3,2
1807,1121,2,4,2
1810,1121,1,14,13
1813,1121,2,6,4
1805,1122,1,1,0
1807,1122,1,3,2
1812,1122,1,1,0
1813,1122,2,4,2
1815,1122,2,2,0
1805,1123,1,1,0
1807,1123,1,3,2
1813,1123,1,3,2
1815,1123,2,3,1
1808,1124,1,10,9
1809,1124,1,19,18
1810,1124,1,9,8
1800,1125,1,1,0
1809,1125,2,5,3
1800,1126,1,1,0
1801,1126,1,1,0
1800,1127,2,2,0
1801,1127,1,1,0
1815,1127,1,4,3
1809,1128,9,18,9
1814,1128,7,8,1
1808,1129,1,14,13
1809,1129,8,38,30
1814,1129,5,5,0
1809,1130,8,48,40
1811,1130,2,6,4
1812,1130,1,4,3
1814,1130,2,2,0
1809,1131,7,33,26
1811,1131,2,2,0
1812,1131,4,4,0
1814,1131,2,2,0
1809,1132,5,14,9
1812,1132,5,6,1
1814,1132,3,3,0
1809,1133,6,10,4
1811,1133,3,3,0
1812,1133,5,10,5
1814,1133,1,1,0
1809,1134,6,13,7
1811,1134,3,3,0
1812,1134,4,9,5
1809,1135,7,14,7
1812,1135,2,5,3
1809,1136,13,34,21
1812,1136,1,1,0
1813,1136,1,2,1
1814,1136,6,10,4
1809,1137,3,47,44
1812,1137,8,10,2
1814,1137,3,3,0
1812,1138,12,12,0
1809,1139,7,11,4
1811,1139,5,5,0
1812,1139,11,11,0
1815,1139,3,5,2
1809,1140,12,13,1
1811,1140,5,5,0
1812,1140,10,10,0
1815,1140,1,1,0
1809,1141,10,10,0
1812,1141,2,4,2
1815,1141,2,2,0
1809,1142,16,16,0
1814,1142,5,6,1
1808,1143,5,17,12
1809,1143,27,45,18
1812,1143,1,2,1
1814,1143,5,5,0
1808,1144,1,26,25
1808,1145,10,22,12
1812,1146,1,1,0
1813,1146,1,2,1
1814,1146,1,1,0
1812,1147,3,3,0
1813,1147,4,4,0
1814,1147,2,2,0
1808,1148,4,7,3
1809,1148,3,3,0
1810,1148,1,1,0
1811,1148,1,1,0
1812,1148,2,3,1
1813,1148,1,3,2
1809,1149,2,3,1
1810,1149,4,5,1
1813,1149,1,1,0
1814,1149,1,4,3
1813,1150,2,2,0
1814,1150,7,7,0
1815,1150,1,1,0
1809,1151,6,45,39
1810,1151,6,55,49
1810,1152,1,38,37
1811,1152,3,16,13
1813,1152,1,2,1
1809,1153,1,13,12
1810,1153,2,18,16
1811,1153,2,6,4
1813,1153,1,1,0
1814,1153,1,4,3
1815,1153,1,1,0
1811,1156,3,3,0
1812,1156,3,5,2
1809,1157,3,3,0
1810,1157,5,8,3
1811,1157,6,7,1
1812,1157,2,2,0
1815,1157,1,3,2
1809,1158,3,19,16
1810,1158,1,31,30
1814,1158,3,3,0
1815,1158,2,2,0
1808,1159,4,5,1
1815,1159,1,1,0
1808,1160,7,7,0
1811,1160,1,11,10
1812,1160,2,2,0
1815,1160,4,4,0
1808,1161,5,5,0
1812,1161,2,2,0
1808,1162,7,7,0
1812,1162,5,5,0
1813,1162,2,9,7
1808,1163,4,5,1
1812,1163,3,3,0
1808,1165,3,4,1
1809,1165,1,17,16
1810,1165,5,28,23
1811,1165,9,23,14
1812,1165,5,7,2
1815,1165,2,6,4
1808,1166,7,7,0
1809,1166,7,23,16
1810,1166,12,38,26
1811,1166,16,34,18
1812,1166,11,16,5
1813,1166,3,3,0
1814,1166,2,3,1
1815,1166,7,9,2
1809,1167,1,14,13
1810,1167,6,29,23
1811,1167,9,27,18
1812,1167,4,12,8
1808,1168,3,3,0
1811,1168,3,8,5
1812,1168,4,4,0
1809,1170,3,5,2
1810,1170,6,6,0
1811,1170,6,6,0
1812,1170,5,6,1
1814,1170,5,7,2
1815,1170,6,6,0
1808,1171,4,4,0
1813,1171,3,3,0
1808,1172,4,4,0
1812,1172,3,5,2
1808,1173,2,2,0
1809,1173,12,48,36
1810,1173,15,81,66
1811,1173,8,64,56
1812,1173,2,24,22
1813,1173,1,1,0
1814,1173,2,2,0
1815,1173,7,10,3
1810,1174,6,52,46
1809,1175,4,9,5
1810,1175,3,10,7
1812,1175,1,1,0
1813,1175,11,12,1
1814,1175,9,10,1
1808,1176,2,3,1
1810,1176,2,4,2
1811,1176,1,6,5
1814,1176,5,5,0
1808,1177,2,9,7
1813,1177,5,5,0
1814,1177,10,10,0
1808,1178,4,4,0
1811,1178,2,3,1
1813,1178,2,2,0
1814,1178,5,5,0
1809,1179,5,5,0
1810,1179,13,24,11
1811,1179,8,26,18
1814,1179,1,1,0
1809,1180,7,25,18
1810,1180,19,61,42
1811,1180,12,60,48
1814,1180,3,3,0
1809,1181,1,24,23
1810,1181,16,62,46
1811,1181,10,60,50
1814,1181,1,1,0
1815,1181,5,5,0
1810,1182,7,26,19
1811,1182,4,27,23
1808,1183,3,3,0
1813,1183,1,1,0
1814,1183,6,6,0
1809,1184,1,4,3
1812,1184,10,10,0
1813,1184,8,9,1
1811,1185,6,6,0
1813,1185,3,3,0
1811,1186,21,34,13
1808,1187,5,5,0
1811,1187,34,76,42
1813,1187,6,6,0
1808,1188,6,10,4
1809,1188,1,11,10
1811,1188,34,88,54
1813,1188,7,16,9
1808,1189,1,1,0
1811,1189,18,47,29
1813,1189,3,7,4
1811,1190,1,3,2
1808,1191,4,4,0
1809,1191,4,9,5
1812,1191,8,8,0
1813,1191,5,9,4
1814,1191,1,3,2
1813,1192,1,1,0
1814,1192,2,2,0
1815,1192,2,7,5
1808,1194,2,3,1
1809,1194,2,11,9
1810,1194,2,25,23
1811,1194,1,32,31
1808,1195,1,5,4
1809,1195,1,17,16
1810,1195,1,34,33
1815,1196,2,3,1
1815,1197,2,3,1
1808,1199,2,5,3
1814,1200,5,5,0
1811,1201,2,43,41
1812,1201,1,27,26
1810,1202,2,32,30
1811,1202,8,63,55
1815,1202,3,3,0
1810,1203,2,21,19
1811,1203,3,38,35
1815,1203,7,7,0
1810,1204,1,6,5
1814,1204,2,7,5
1813,1205,5,5,0
1814,1205,7,12,5
1813,1206,3,4,1
1814,1206,1,7,6
1808,1207,4,8,4
1811,1207,10,11,1
1812,1207,1,1,0
1810,1208,5,9,4
1813,1208,2,2,0
1814,1208,4,4,0
1808,1210,11,11,0
1811,1210,4,54,50
1815,1210,3,6,3
1808,1211,13,18,5
1811,1211,5,17,12
1814,1211,1,1,0
1815,1211,4,13,9
1808,1212,2,2,0
1810,1212,6,6,0
1811,1212,1,11,10
1814,1212,4,4,0
1810,1213,7,8,1
1813,1213,1,1,0
1814,1213,6,6,0
1808,1214,1,5,4
1810,1214,4,4,0
1811,1214,5,6,1
1814,1214,5,5,0
1808,1215,5,5,0
1810,1215,2,11,9
1811,1215,18,34,16
1812,1215,9,23,14
1814,1215,1,1,0
1808,1223,1,6,5
1815,1223,1,6,5
1809,1224,4,4,0
1811,1224,6,44,38
1813,1224,2,13,11
1815,1224,4,4,0
1809,1225,5,5,0
1811,1225,6,21,15
1813,1225,2,4,2
1815,1225,3,7,4
1809,1226,5,6,1
1811,1226,5,5,0
1813,1226,2,2,0
1815,1226,2,5,3
1809,1227,3,6,3
1810,1227,3,5,2
1811,1227,4,4,0
1813,1227,2,6,4
1809,1228,1,3,2
1810,1228,5,6,1
1812,1228,4,4,0
1814,1228,3,6,3
1810,1229,2,2,0
1812,1229,5,5,0
1814,1229,4,6,2
1815,1229,2,2,0
1810,1230,4,4,0
1812,1230,4,21,17
1814,1230,5,5,0
1815,1230,2,2,0
1810,1231,6,13,7
1812,1231,3,44,41
1814,1231,4,4,0
1808,1232,3,3,0
1809,1232,3,5,2
1810,1232,1,5,4
1814,1232,1,5,4
1815,1232,3,3,0
1810,1233,3,3,0
1811,1233,5,5,0
1812,1233,3,5,2
1810,1234,2,2,0
1811,1234,4,4,0
1812,1234,3,4,1
1808,1235,4,8,4
1809,1235,2,2,0
1815,1235,5,8,3
1808,1236,2,2,0
1815,1236,2,2,0
1810,1237,4,10,6
1811,1237,5,26,21
1812,1237,2,26,24
1810,1238,4,14,10
1811,1238,6,33,27
1812,1238,3,33,30
1808,1239,4,5,1
1810,1239,1,1,0
1815,1239,5,5,0
1809,1240,1,1,0
1810,1240,4,4,0
1811,1240,4,6,2
1812,1240,3,6,3
1813,1240,5,5,0
1814,1240,3,3,0
1808,1241,1,1,0
1809,1241,1,1,0
1810,1241,1,1,0
1813,1241,1,2,1
1814,1241,3,3,0
1815,1241,2,3,1
1814,1242,2,2,0
1815,1242,1,4,3
1810,1243,1,1,0
1811,1243,1,1,0
1812,1243,2,2,0
1813,1243,2,2,0
1814,1243,3,3,0
1809,1244,1,1,0
1813,1244,1,7,6
1814,1244,1,3,2
1809,1245,1,2,1
1814,1245,1,4,3
1809,1246,1,1,0
1814,1246,2,3,1
1809,1247,1,1,0
1810,1247,3,3,0
1811,1247,4,4,0
1812,1247,5,5,0
1813,1247,4,4,0
1814,1247,3,3,0
1808,1250,1,1,0
1809,1250,2,2,0
1810,1250,2,3,1
1811,1250,1,3,2
1808,1251,2,2,0
1809,1251,3,3,0
1810,1251,3,4,1
1811,1251,2,4,2
1812,1251,1,4,3
1813,1251,1,4,3
1814,1251,1,3,2
1808,1252,2,2,0
1809,1252,3,3,0
1810,1252,3,4,1
1811,1252,2,4,2
1812,1252,1,4,3
1813,1252,1,4,3
1814,1252,1,3,2
1808,1253,1,1,0
1809,1253,2,2,0
1810,1253,2,3,1
1811,1253,1,3,2
1808,1256,1,2,1
1809,1256,2,2,0
1810,1256,1,1,0
1811,1256,1,1,0
1812,1256,1,1,0
1815,1256,1,2,1
1810,1258,1,2,1
1811,1258,1,4,3
1809,1259,3,3,0
1810,1259,5,7,2
1811,1259,5,10,5
1812,1259,2,10,8
1809,1260,3,3,0
1810,1260,5,7,2
1811,1260,5,10,5
1812,1260,2,10,8
1810,1261,1,2,1
1811,1261,1,4,3
1808,1263,1,2,1
1809,1263,1,1,0
1810,1263,1,1,0
1811,1263,1,1,0
1812,1263,1,1,0
1815,1263,1,2,1
2728,1728,2,2,0
2729,1728,1,1,0
2728,1729,1,1,0
2734,1730,1,1,0
2735,1730,1,1,0
2734,1731,2,2,0
2735,1731,3,3,0
2734,1732,2,2,0
2735,1732,2,2,0
2735,1733,1,1,0
2728,1734,1,6,5
2729,1734,1,5,4
2730,1734,1,3,2
2728,1735,3,8,5
2729,1735,2,6,4
2730,1735,1,4,3
2725,1736,1,4,3
2726,1736,2,6,4
2727,1736,3,8,5
2730,1736,2,6,4
2732,1736,2,2,0
2733,1736,1,4,3
2725,1737,1,3,2
2726,1737,1,5,4
2727,1737,1,6,5
2728,1737,1,18,17
2729,1737,1,10,9
2734,1737,1,2,1
2720,1738,1,1,0
2728,1738,3,6,3
2729,1738,1,1,0
2734,1738,1,1,0
2720,1739,2,2,0
2721,1739,2,2,0
2720,1740,3,3,0
2721,1740,2,2,0
2731,1740,1,1,0
2732,1740,2,3,1
2733,1740,1,2,1
2720,1741,1,1,0
2721,1741,1,1,0
2730,1741,1,3,2
2731,1741,3,3,0
2732,1741,2,2,0
2733,1741,1,1,0
2727,1742,1,1,0
2726,1743,1,1,0
2727,1743,2,2,0
