X,Y,Subtracted,Original 1,Original 2
1811,1262,1,1,0
1784,832,8,8,0
1785,832,5,7,2
1790,832,2,4,2
1798,832,4,4,0
1799,832,3,3,0
1787,833,3,3,0
1788,833,2,5,3
1789,833,2,4,2
1793,833,1,6,5
1794,833,6,6,0
1795,833,4,4,0
1787,834,3,5,2
1788,834,2,2,0
1792,834,9,9,0
1796,834,1,4,3
1799,834,1,4,3
1784,835,3,9,6
1790,835,3,19,16
1791,835,6,56,50
1792,835,23,38,15
1793,835,1,6,5
1799,835,5,5,0
1790,836,2,54,52
1791,836,4,107,103
1792,836,2,84,82
1796,836,8,8,0
1797,836,1,1,0
1786,837,2,4,2
1787,837,5,7,2
1789,837,1,4,3
1796,837,3,3,0
1797,837,1,3,2
1786,838,4,5,1
1787,838,1,1,0
1792,838,7,19,12
1793,838,6,7,1
1798,838,2,2,0
1784,839,3,3,0
1785,839,4,4,0
1786,839,1,1,0
1793,839,2,2,0
1794,839,7,7,0
1795,839,2,2,0
1789,840,1,4,3
1792,840,3,3,0
1793,840,2,3,1
1794,840,5,5,0
1795,840,3,3,0
1799,840,8,11,3
1786,841,1,1,0
1787,841,4,4,0
1791,841,5,7,2
1797,841,1,5,4
1785,842,2,7,5
1786,842,1,1,0
1792,842,15,71,56
1793,842,16,37,21
1794,842,4,4,0
1797,842,2,3,1
1785,843,1,10,9
1788,843,1,4,3
1793,843,1,93,92
1794,843,13,25,12
1798,843,3,3,0
1799,843,9,9,0
1793,844,1,57,56
1794,844,12,19,7
1799,844,1,1,0
1785,845,1,6,5
1786,845,2,2,0
1787,845,3,3,0
1791,845,15,36,21
1792,845,11,11,0
1793,845,3,3,0
1795,845,3,4,1
1796,845,6,8,2
1797,845,4,4,0
1787,846,2,3,1
1796,846,2,2,0
1784,847,7,7,0
1789,847,3,3,0
1792,847,7,7,0
1795,847,3,3,0
1796,847,4,4,0
1787,848,1,1,0
1793,848,6,15,9
1794,848,1,6,5
1797,848,3,7,4
1788,849,1,1,0
1789,849,3,3,0
1790,849,6,6,0
1791,849,4,8,4
1798,849,1,2,1
1784,850,1,1,0
1785,850,1,2,1
1789,850,3,3,0
1790,850,1,13,12
1799,850,2,2,0
1785,851,3,3,0
1792,851,2,82,80
1793,851,5,76,71
1794,851,6,40,34
1795,851,3,5,2
1799,851,1,1,0
1785,852,2,2,0
1786,852,5,5,0
1787,852,1,2,1
1790,852,5,5,0
1791,852,8,13,5
1792,852,4,26,22
1793,852,7,27,20
1794,852,8,8,0
1799,852,1,4,3
1785,853,1,1,0
1786,853,3,3,0
1791,853,3,3,0
1784,855,2,4,2
1789,855,1,1,0
1790,855,2,2,0
1791,855,1,1,0
1792,855,2,2,0
1793,855,3,6,3
1796,855,2,6,4
1797,855,3,3,0
1792,856,8,19,11
1798,856,1,5,4
1799,856,13,15,2
1792,857,26,70,44
1793,857,10,88,78
1794,857,3,66,63
1795,857,7,19,12
1795,858,6,23,17
1796,858,5,5,0
1797,858,5,7,2
1798,858,4,5,1
1799,858,4,4,0
1792,859,1,1,0
1796,861,1,17,16
1797,861,3,7,4
1799,861,13,13,0
1793,862,11,13,2
1794,862,11,11,0
1795,863,1,17,16
1797,863,2,6,4
1798,863,2,5,3
1792,864,8,60,52
1794,865,1,101,100
1795,865,9,68,59
1796,865,4,24,20
1794,866,9,22,13
1795,866,6,10,4
1792,867,5,5,0
1797,867,1,1,0
1798,867,3,3,0
1792,868,6,13,7
1793,868,2,2,0
1797,868,9,10,1
1794,870,2,76,74
1795,870,6,56,50
1796,870,1,16,15
1799,870,5,18,13
1792,871,27,34,7
1793,871,3,114,111
1796,871,4,61,57
1793,872,18,74,56
1795,872,12,94,82
1793,873,8,8,0
1796,873,5,19,14
1794,875,5,5,0
1799,875,5,11,6
1792,876,5,10,5
1794,876,12,12,0
1796,876,11,22,11
1792,877,1,2,1
1793,877,2,22,20
1794,877,8,61,53
1796,877,7,56,49
1797,877,4,4,0
1793,878,14,75,61
1797,878,2,18,16
1793,879,29,54,25
1795,879,8,97,89
1798,879,5,8,3
1794,881,2,2,0
1799,881,3,3,0
1792,883,4,4,0
1796,883,8,11,3
1794,884,2,19,17
1795,884,2,65,63
1799,884,2,2,0
1793,885,3,13,10
1794,885,3,79,76
1795,885,1,154,153
1796,885,3,153,150
1797,885,7,78,71
1798,885,5,13,8
1793,886,7,18,11
1796,886,12,124,112
1797,886,33,70,37
1798,886,17,17,0
1793,887,3,3,0
1794,887,7,7,0
1798,888,2,10,8
1797,889,3,7,4
1792,890,1,9,8
1797,890,2,17,15
1799,890,1,15,14
1793,891,2,3,1
1792,892,4,8,4
1793,892,3,3,0
1794,892,4,51,47
1795,892,2,113,111
1793,893,5,7,2
1794,893,5,60,55
1795,893,4,125,121
1793,894,1,2,1
1794,894,5,6,1
1795,894,4,24,20
1796,894,1,28,27
1796,895,1,1,0
1794,896,3,3,0
1798,896,2,2,0
1799,896,1,1,0
1794,898,8,8,0
1795,898,9,60,51
1796,898,8,88,80
1797,898,9,62,53
1798,898,5,16,11
1795,900,3,34,31
1796,900,6,86,80
1797,900,14,103,89
1798,900,17,59,42
1799,900,1,1,0
1792,902,4,4,0
1793,902,12,17,5
1794,902,10,19,9
1795,902,3,5,2
1798,902,3,4,1
1793,904,1,1,0
1794,904,4,5,1
1795,904,4,7,3
1799,904,4,4,0
1792,906,4,9,5
1793,906,6,9,3
1795,906,7,13,6
1796,906,5,76,71
1797,906,4,128,124
1798,906,5,90,85
1799,906,8,13,5
1792,909,4,7,3
1793,909,2,2,0
1794,909,1,1,0
1795,909,3,3,0
1796,909,4,4,0
1797,909,2,2,0
1798,909,2,2,0
1799,909,6,6,0
1793,911,1,1,0
1794,911,3,3,0
1796,912,9,19,10
1797,912,5,66,61
1800,912,3,3,0
1801,912,2,2,0
1794,913,6,6,0
1797,913,3,148,145
1798,913,4,147,143
1799,913,23,117,94
1800,913,2,2,0
1801,913,2,2,0
1794,914,4,4,0
1797,914,4,130,126
1800,914,2,2,0
1801,914,2,2,0
1796,915,2,19,17
1797,915,14,45,31
1800,915,2,2,0
1801,915,2,2,0
1792,916,12,12,0
1797,916,8,8,0
1799,916,11,11,0
1800,916,2,2,0
1801,916,2,2,0
1792,917,4,5,1
1794,917,6,6,0
1795,917,4,4,0
1799,917,15,15,0
1800,917,2,2,0
1801,917,2,2,0
1794,918,12,12,0
1800,918,2,2,0
1801,918,2,2,0
1792,919,1,1,0
1794,919,4,9,5
1797,919,21,61,40
1798,919,8,65,57
1799,919,2,59,57
1800,919,2,2,0
1801,919,2,2,0
1793,920,5,6,1
1798,920,1,90,89
1799,920,3,65,62
1800,920,7,22,15
1804,920,4,5,1
1807,920,3,3,0
1794,921,3,3,0
1798,921,3,133,130
1799,921,5,122,117
1800,921,5,33,28
1804,921,2,5,3
1797,922,2,26,24
1798,922,5,45,40
1799,922,6,36,30
1800,922,1,12,11
1801,922,2,6,4
1806,922,2,2,0
1798,923,2,2,0
1805,923,3,3,0
1806,923,5,5,0
1799,924,3,5,2
1801,924,4,4,0
1802,924,3,7,4
1805,924,3,3,0
1806,924,1,1,0
1792,925,5,6,1
1805,925,2,2,0
1796,926,2,2,0
1799,926,3,48,45
1800,926,5,12,7
1804,926,1,1,0
1807,926,2,4,2
1796,927,11,15,4
1797,927,5,63,58
1798,927,1,98,97
1799,927,4,95,91
1800,927,7,45,38
1803,927,1,1,0
1804,927,5,5,0
1807,927,4,4,0
1793,928,2,4,2
1794,928,3,3,0
1799,928,1,115,114
1801,928,1,11,10
1805,928,3,3,0
1806,928,7,7,0
1800,929,11,22,11
1806,929,1,6,5
1792,930,1,6,5
1792,931,6,10,4
1796,931,5,5,0
1797,931,5,5,0
1798,931,2,4,2
1806,931,1,6,5
1802,932,1,6,5
1803,932,3,6,3
1805,932,1,1,0
1798,933,2,23,21
1800,933,7,19,12
1803,933,1,1,0
1806,933,2,7,5
1807,933,2,2,0
1792,934,2,7,5
1793,934,5,7,2
1794,934,4,4,0
1797,934,5,13,8
1798,934,6,58,52
1799,934,8,100,92
1800,934,6,57,51
1806,934,2,3,1
1807,934,3,3,0
1794,935,3,7,4
1795,935,2,8,6
1798,935,1,47,46
1799,935,6,81,75
1800,935,27,92,65
1801,935,15,30,15
1803,935,4,4,0
1804,935,2,4,2
1792,936,1,1,0
1797,936,2,2,0
1798,936,10,19,9
1805,936,5,5,0
1806,936,1,1,0
1792,937,4,6,2
1800,937,4,4,0
1801,937,3,3,0
1792,938,4,4,0
1795,938,4,4,0
1801,938,1,1,0
1802,938,1,4,3
1792,939,2,2,0
1795,939,3,3,0
1799,939,6,7,1
1804,939,1,6,5
1805,939,2,2,0
1807,939,1,1,0
1792,940,4,4,0
1798,940,4,7,3
1799,940,7,34,27
1800,940,5,27,22
1801,940,4,9,5
1795,941,4,4,0
1798,941,5,37,32
1799,941,4,83,79
1800,941,3,75,72
1807,941,1,3,2
1794,942,2,2,0
1795,942,3,9,6
1798,942,7,50,43
1803,942,2,5,3
1804,942,4,4,0
1806,942,1,1,0
1807,942,9,9,0
1794,943,2,2,0
1798,943,8,24,16
1800,943,6,20,14
1803,943,3,3,0
1804,943,3,4,1
1793,944,2,2,0
1799,944,5,11,6
1793,945,1,7,6
1794,945,2,2,0
1797,945,1,5,4
1806,945,5,5,0
1807,945,9,9,0
1793,946,1,11,10
1794,946,5,6,1
1797,946,1,7,6
1800,946,12,15,3
1801,946,11,15,4
1802,946,8,12,4
1803,946,3,7,4
1793,947,3,8,5
1798,947,1,1,0
1805,947,1,1,0
1793,948,1,1,0
1798,948,1,10,9
1802,948,1,10,9
1804,948,3,3,0
1805,948,6,9,3
1806,948,5,6,1
1800,949,14,128,114
1801,949,12,90,78
1802,949,9,41,32
1803,949,4,9,5
1796,950,1,6,5
1806,950,1,1,0
1807,950,3,3,0
1793,951,3,6,3
1802,951,1,2,1
1805,951,1,2,1
1806,951,3,3,0
1807,951,4,4,0
1798,952,5,5,0
1800,952,2,7,5
1803,952,4,6,2
1792,953,3,3,0
1802,953,2,2,0
1803,953,3,3,0
1804,953,2,5,3
1805,953,1,1,0
1792,954,3,3,0
1795,954,4,4,0
1805,954,6,6,0
1807,954,2,2,0
1795,955,2,4,2
1805,955,5,5,0
1807,955,5,10,5
1795,956,2,2,0
1800,956,19,84,65
1802,956,2,52,50
1804,956,2,3,1
1805,956,3,3,0
1792,957,3,8,5
1795,957,1,1,0
1798,957,1,9,8
1800,957,14,49,35
1802,957,3,33,30
1804,957,3,5,2
1805,957,2,2,0
1792,958,3,3,0
1794,958,1,1,0
1797,958,1,1,0
1798,958,4,4,0
1804,958,1,2,1
1805,958,1,1,0
1807,958,1,1,0
1797,959,1,6,5
1798,959,1,1,0
1800,959,7,7,0
1803,959,7,7,0
1804,959,1,1,0
1807,959,2,2,0
1804,960,1,7,6
1805,963,1,2,1
1806,963,1,1,0
1807,963,1,1,0
1806,964,1,3,2
1807,964,1,1,0
1805,965,1,7,6
1804,966,1,7,6
1804,967,1,7,6
1800,968,5,6,1
1806,968,2,2,0
1800,969,2,28,26
1803,969,5,17,12
1800,970,11,74,63
1802,970,1,120,119
1803,970,17,57,40
1804,970,6,6,0
1806,970,7,9,2
1801,971,9,89,80
1802,971,17,93,76
1801,972,12,17,5
1802,972,19,21,2
1806,972,2,2,0
1800,973,5,5,0
1803,973,4,4,0
1804,973,4,8,4
1805,973,2,7,5
1806,973,6,6,0
1807,973,6,6,0
1800,974,2,4,2
1802,975,3,3,0
1805,975,4,4,0
1806,975,5,5,0
1802,976,7,66,59
1803,976,2,28,26
1806,976,4,4,0
1800,977,11,63,52
1801,977,8,118,110
1802,977,5,137,132
1803,978,11,52,41
1804,978,5,5,0
1802,979,2,63,61
1803,979,15,37,22
1804,979,7,7,0
1801,980,11,11,0
1802,980,4,10,6
1805,981,14,15,1
1806,981,17,17,0
1807,981,5,10,5
1800,982,2,2,0
1801,982,6,9,3
1802,982,4,11,7
1803,982,3,5,2
1807,983,7,7,0
1803,984,4,46,42
1804,984,13,14,1
1807,984,2,2,0
1800,985,13,17,4
1801,985,1,76,75
1800,986,3,3,0
1801,986,2,29,27
1805,987,8,8,0
1806,987,9,10,1
1801,988,7,8,1
1802,988,6,13,7
1805,988,1,1,0
1803,990,1,4,3
1804,990,2,10,8
1806,990,4,11,7
1807,990,8,8,0
1800,991,3,3,0
1801,991,6,36,30
1802,991,12,67,55
1803,991,24,63,39
1804,991,19,27,8
1802,992,9,65,56
1805,992,5,5,0
1807,992,2,7,5
1800,993,1,1,0
1802,993,8,29,21
1800,994,1,1,0
1805,995,3,6,3
1806,995,2,4,2
1805,996,1,2,1
1806,996,1,1,0
1801,997,3,3,0
1803,997,4,12,8
1804,997,4,5,1
1801,998,7,7,0
1803,998,4,48,44
1804,998,3,39,36
1801,999,10,12,2
1803,999,1,87,86
1804,999,2,79,77
1806,999,5,5,0
1800,1000,1,1,0
1803,1000,2,81,79
1804,1000,6,71,65
1800,1001,4,4,0
1803,1001,2,13,11
1804,1001,5,11,6
1805,1001,2,2,0
1801,1002,2,5,3
1805,1002,5,6,1
1806,1002,3,7,4
1801,1003,4,5,1
1802,1003,4,5,1
1805,1003,4,6,2
1806,1003,3,5,2
1802,1004,4,4,0
1801,1005,1,1,0
1802,1005,10,30,20
1803,1005,5,64,59
1804,1005,2,55,53
1805,1005,4,13,9
1801,1006,2,7,5
1802,1006,4,52,48
1803,1006,7,102,95
1804,1006,2,98,96
1803,1007,4,79,75
1800,1008,1,6,5
1803,1008,13,23,10
1804,1008,12,23,11
1807,1008,3,3,0
1804,1009,3,3,0
1800,1010,3,8,5
1801,1010,7,10,3
1805,1010,8,8,0
1806,1010,10,11,1
1802,1012,1,7,6
1803,1012,6,40,34
1804,1012,3,47,44
1800,1013,5,10,5
1802,1013,4,37,33
1803,1013,12,92,80
1804,1013,1,100,99
1807,1013,2,9,7
1802,1014,3,18,15
1803,1014,1,60,59
1805,1015,3,23,20
1806,1015,6,8,2
1801,1017,6,7,1
1802,1017,3,3,0
1807,1017,5,5,0
1803,1019,5,5,0
1804,1019,11,26,15
1805,1019,12,21,9
1806,1019,5,5,0
1807,1019,4,4,0
1800,1020,2,2,0
1803,1020,4,28,24
1804,1020,18,68,50
1805,1020,21,59,38
1806,1020,11,18,7
1804,1021,4,88,84
1805,1021,6,71,65
1803,1022,2,28,26
1804,1022,6,53,47
1805,1022,7,35,28
1806,1022,2,3,1
1807,1023,5,10,5
1800,1024,3,5,2
1801,1025,3,6,3
1802,1025,2,11,9
1803,1025,1,5,4
1807,1025,1,6,5
1801,1026,2,5,3
1802,1026,1,8,7
1803,1026,1,2,1
1802,1028,1,4,3
1803,1028,2,25,23
1804,1028,2,68,66
1805,1028,2,91,89
1801,1029,3,3,0
1802,1029,6,14,8
1803,1029,8,30,22
1804,1029,9,51,42
1805,1029,7,58,51
1806,1029,5,35,30
1807,1029,3,3,0
1802,1030,5,6,1
1803,1030,8,13,5
1804,1030,8,14,6
1805,1030,7,11,4
1806,1030,4,4,0
1804,1032,3,3,0
1804,1033,1,4,3
1805,1033,1,5,4
1803,1034,1,2,1
1801,1035,1,3,2
1802,1035,3,3,0
1803,1035,4,9,5
1807,1035,2,25,23
1801,1036,1,3,2
1802,1036,3,3,0
1803,1036,6,9,3
1804,1036,3,38,35
1805,1036,1,65,64
1806,1036,4,55,51
1807,1036,8,25,17
1803,1037,2,2,0
1804,1037,4,19,15
1805,1037,4,33,29
1806,1037,5,23,18
1807,1037,2,2,0
1804,1038,2,4,2
1805,1038,3,5,2
1800,1040,3,9,6
1803,1040,2,2,0
1804,1040,4,11,7
1805,1040,4,10,6
1806,1040,4,4,0
1807,1040,2,2,0
1800,1041,1,1,0
1805,1041,1,53,52
1806,1041,1,37,36
1800,1044,3,5,2
1801,1044,3,7,4
1802,1045,2,4,2
1803,1045,2,6,4
1802,1046,1,2,1
1803,1046,1,6,5
1804,1046,1,4,3
1807,1046,1,4,3
1805,1047,1,4,3
1806,1047,2,4,2
1805,1048,29,35,6
1806,1048,14,22,8
1807,1048,4,9,5
1808,1048,1,1,0
1809,1048,1,1,0
1810,1048,1,1,0
1800,1049,5,5,0
1802,1049,1,7,6
1804,1049,2,25,23
1805,1049,11,68,57
1808,1049,1,1,0
1809,1049,1,1,0
1810,1049,1,1,0
1800,1050,4,4,0
1804,1050,6,28,22
1805,1050,5,73,68
1807,1050,13,56,43
1808,1050,1,1,0
1809,1050,1,1,0
1810,1050,1,1,0
1804,1051,4,9,5
1805,1051,8,42,34
1807,1051,18,25,7
1808,1051,1,1,0
1809,1051,1,1,0
1810,1051,1,1,0
1800,1052,1,2,1
1802,1052,11,11,0
1805,1052,10,17,7
1807,1052,3,3,0
1808,1052,1,1,0
1809,1052,1,1,0
1810,1052,1,1,0
1802,1053,13,13,0
1805,1053,7,7,0
1808,1053,1,1,0
1809,1053,1,1,0
1810,1053,1,1,0
1802,1054,5,6,1
1805,1054,7,7,0
1808,1054,1,1,0
1809,1054,1,1,0
1810,1054,1,1,0
1800,1055,8,8,0
1802,1055,1,5,4
1808,1055,1,1,0
1809,1055,1,1,0
1810,1055,1,1,0
1801,1056,4,6,2
1802,1056,7,9,2
1805,1056,5,36,31
1808,1056,7,8,1
1812,1056,1,1,0
1805,1057,10,59,49
1806,1057,20,91,71
1807,1057,26,84,58
1812,1057,1,4,3
1813,1057,2,2,0
1814,1057,2,2,0
1815,1057,6,6,0
1800,1058,5,8,3
1805,1058,5,30,25
1806,1058,14,56,42
1807,1058,22,57,35
1808,1058,5,14,9
1809,1058,5,5,0
1815,1058,1,3,2
1800,1059,4,10,6
1803,1059,2,4,2
1808,1059,5,5,0
1803,1060,1,12,11
1804,1060,2,3,1
1808,1060,2,2,0
1812,1060,2,7,5
1813,1060,3,3,0
1807,1061,2,8,6
1812,1061,3,5,2
1813,1061,1,1,0
1800,1062,10,10,0
1801,1062,1,1,0
1807,1062,1,28,27
1800,1063,1,2,1
1802,1063,1,5,4
1803,1063,1,3,2
1804,1063,2,5,3
1805,1063,4,39,35
1806,1063,4,72,68
1807,1063,5,76,71
1810,1063,4,4,0
1811,1063,2,2,0
1814,1063,1,2,1
1815,1063,7,7,0
1800,1064,7,7,0
1804,1064,2,12,10
1805,1064,5,73,68
1806,1064,5,131,126
1808,1064,5,101,96
1809,1064,3,12,9
1805,1065,1,71,70
1806,1065,5,122,117
1808,1065,4,72,68
1809,1065,2,3,1
1800,1066,2,2,0
1802,1066,2,2,0
1806,1066,4,66,62
1808,1066,1,33,32
1814,1066,2,9,7
1800,1067,1,5,4
1802,1067,2,3,1
1806,1067,3,11,8
1807,1067,1,3,2
1813,1067,2,3,1
1814,1067,2,9,7
1802,1068,2,3,1
1803,1068,2,2,0
1806,1068,3,3,0
1813,1068,2,3,1
1814,1068,2,8,6
1802,1069,1,3,2
1803,1069,3,5,2
1806,1069,5,7,2
1813,1069,1,2,1
1800,1070,2,4,2
1803,1070,4,4,0
1805,1070,1,1,0
1806,1070,7,13,6
1810,1070,2,3,1
1812,1070,2,2,0
1813,1070,1,1,0
1800,1071,2,2,0
1803,1071,6,6,0
1804,1071,2,2,0
1805,1071,6,13,7
1806,1071,8,32,24
1809,1071,1,5,4
1812,1071,2,7,5
1800,1072,3,3,0
1801,1072,1,1,0
1806,1072,1,37,36
1807,1072,3,63,60
1812,1072,2,2,0
1800,1073,3,3,0
1806,1073,4,14,10
1807,1073,5,31,26
1808,1073,3,6,3
1811,1073,1,1,0
1812,1073,1,1,0
1815,1073,1,1,0
1803,1074,3,3,0
1808,1074,1,1,0
1811,1074,1,3,2
1812,1074,1,1,0
1815,1074,2,2,0
1815,1075,3,3,0
1800,1076,5,5,0
1803,1076,1,3,2
1804,1076,1,4,3
1805,1076,2,2,0
1806,1076,4,4,0
1807,1076,7,9,2
1808,1076,3,3,0
1800,1077,7,7,0
1801,1077,1,1,0
1806,1077,4,8,4
1807,1077,6,19,13
1808,1077,5,13,8
1809,1077,4,4,0
1807,1078,1,35,34
1809,1078,3,9,6
1813,1078,2,2,0
1802,1079,2,2,0
1803,1079,3,3,0
1804,1079,1,1,0
1805,1079,4,7,3
1806,1079,3,28,25
1807,1079,2,50,48
1813,1079,4,4,0
1801,1080,5,9,4
1804,1080,3,3,0
1805,1080,6,7,1
1811,1080,1,1,0
1813,1080,1,1,0
1814,1080,4,4,0
1815,1080,6,7,1
1807,1081,2,3,1
1808,1081,3,5,2
1809,1081,3,5,2
1810,1081,2,4,2
1811,1081,2,2,0
1815,1081,1,1,0
1807,1082,2,2,0
1808,1082,3,3,0
1809,1082,3,3,0
1810,1082,2,2,0
1811,1082,1,1,0
1801,1083,2,2,0
1804,1083,4,9,5
1807,1083,8,8,0
1812,1083,2,2,0
1813,1083,3,3,0
1814,1083,3,3,0
1815,1083,1,1,0
1800,1084,4,4,0
1801,1084,6,6,0
1807,1084,4,13,9
1812,1084,2,3,1
1813,1084,2,4,2
1814,1084,2,2,0
1801,1085,2,2,0
1804,1085,1,1,0
1808,1085,4,17,13
1809,1085,5,11,6
1810,1085,3,3,0
1804,1086,1,5,4
1807,1086,6,75,69
1808,1086,5,26,21
1809,1086,5,17,12
1810,1086,3,5,2
1812,1086,1,1,0
1801,1087,7,7,0
1802,1087,3,5,2
1806,1087,1,14,13
1807,1087,17,62,45
1810,1087,1,4,3
1812,1087,1,1,0
1813,1087,1,4,3
1814,1087,2,4,2
1815,1087,1,1,0
1808,1088,1,1,0
1815,1089,1,3,2
1800,1090,4,6,2
1801,1090,1,1,0
1806,1090,1,1,0
1809,1090,1,2,1
1803,1092,1,7,6
1804,1092,1,1,0
1808,1092,5,33,28
1809,1092,9,18,9
1810,1092,2,2,0
1813,1092,4,4,0
1814,1092,2,2,0
1803,1093,2,2,0
1808,1093,4,72,68
1809,1093,11,45,34
1810,1093,10,13,3
1813,1093,5,5,0
1814,1093,5,5,0
1803,1094,1,2,1
1808,1094,1,53,52
1809,1094,9,33,24
1810,1094,8,10,2
1813,1094,3,3,0
1814,1094,3,3,0
1800,1095,5,5,0
1807,1095,6,16,10
1813,1095,1,1,0
1801,1096,1,1,0
1802,1096,2,2,0
1803,1097,1,1,0
1805,1097,2,5,3
1806,1097,2,2,0
1811,1097,1,4,3
1800,1098,2,2,0
1805,1098,5,8,3
1806,1098,4,4,0
1809,1098,1,1,0
1810,1098,2,8,6
1811,1098,2,8,6
1812,1098,1,2,1
1815,1098,2,3,1
1805,1099,1,1,0
1808,1099,3,7,4
1809,1099,3,7,4
1810,1099,3,6,3
1811,1099,2,2,0
1814,1099,1,1,0
1815,1099,4,4,0
1800,1100,1,1,0
1801,1100,1,3,2
1808,1100,5,39,34
1809,1100,4,25,21
1810,1100,3,7,4
1813,1100,2,2,0
1814,1100,3,3,0
1815,1100,2,2,0
1801,1101,4,4,0
1802,1101,3,7,4
1806,1101,3,16,13
1808,1101,5,57,52
1809,1101,4,36,32
1810,1101,2,11,9
1813,1101,2,4,2
1814,1101,3,3,0
1801,1102,2,2,0
1802,1102,5,5,0
1803,1102,1,2,1
1806,1102,2,9,7
1808,1102,5,35,30
1809,1102,3,21,18
1810,1102,1,6,5
1814,1102,3,3,0
1814,1103,2,3,1
1815,1103,3,3,0
1800,1104,4,4,0
1801,1104,3,3,0
1806,1104,1,1,0
1807,1104,1,1,0
1808,1104,1,5,4
1811,1104,1,2,1
1812,1104,3,3,0
1813,1104,2,2,0
1800,1105,2,2,0
1801,1105,2,2,0
1805,1105,1,1,0
1812,1105,2,4,2
1813,1105,3,5,2
1814,1105,3,3,0
1815,1105,1,1,0
1804,1106,1,1,0
1805,1106,1,2,1
1811,1106,1,1,0
1812,1106,2,3,1
1813,1106,1,4,3
1814,1106,1,3,2
1815,1106,2,2,0
1804,1107,1,1,0
1811,1107,2,2,0
1804,1108,1,1,0
1811,1108,2,2,0
1804,1109,1,1,0
1805,1109,1,2,1
1808,1109,10,35,25
1809,1109,7,25,18
1810,1109,2,11,9
1815,1109,2,2,0
1800,1110,2,2,0
1801,1110,2,2,0
1805,1110,1,1,0
1808,1110,16,16,0
1809,1110,10,10,0
1810,1110,2,4,2
1813,1110,1,1,0
1814,1110,2,2,0
1815,1110,1,1,0
1800,1111,4,4,0
1801,1111,3,3,0
1806,1111,1,1,0
1807,1111,1,1,0
1808,1111,2,2,0
1811,1111,1,1,0
1812,1111,3,3,0
1813,1111,2,2,0
1807,1112,2,3,1
1808,1112,9,10,1
1809,1112,7,9,2
1810,1112,4,6,2
1811,1112,3,3,0
1812,1112,1,1,0
1806,1113,1,2,1
1807,1113,1,2,1
1813,1113,1,2,1
1814,1113,2,2,0
1815,1113,1,1,0
1808,1114,8,30,22
1809,1114,3,18,15
1814,1114,1,1,0
1808,1115,4,71,67
1809,1115,1,48,47
1813,1115,1,1,0
1814,1115,2,2,0
1813,1116,3,3,0
1814,1116,3,3,0
1815,1116,1,1,0
1812,1117,4,4,0
1813,1117,3,5,2
1806,1118,2,2,0
1807,1118,2,2,0
1810,1118,2,2,0
1811,1118,5,5,0
1812,1118,5,6,1
1813,1118,1,3,2
1806,1119,2,2,0
1807,1119,2,2,0
1814,1119,2,2,0
1815,1119,2,4,2
1805,1120,1,1,0
1809,1120,4,15,11
1812,1120,3,3,0
1814,1120,11,11,0
1815,1120,2,2,0
1805,1121,1,1,0
1809,1121,3,32,29
1814,1121,6,6,0
1805,1122,1,1,0
1809,1122,5,43,38
1814,1122,4,4,0
1805,1123,1,1,0
1808,1123,3,17,14
1809,1123,10,35,25
1812,1123,2,2,0
1814,1123,6,6,0
1805,1124,1,1,0
1808,1124,1,1,0
1809,1124,10,20,10
1812,1124,2,4,2
1814,1124,3,3,0
1805,1125,1,1,0
1809,1125,6,13,7
1805,1126,1,1,0
1809,1126,5,12,7
1805,1127,1,1,0
1809,1127,7,12,5
1811,1127,3,3,0
1812,1127,3,10,7
1814,1127,4,4,0
1815,1127,2,8,6
1808,1129,5,19,14
1812,1129,3,3,0
1808,1130,19,33,14
1811,1130,2,7,5
1812,1130,5,5,0
1815,1130,1,1,0
1808,1131,10,16,6
1811,1131,1,1,0
1812,1131,3,3,0
1815,1131,2,2,0
1809,1132,2,8,6
1810,1132,5,5,0
1813,1132,1,2,1
1809,1133,5,5,0
1810,1133,4,4,0
1813,1133,3,3,0
1809,1134,6,10,4
1810,1134,7,7,0
1813,1134,1,3,2
1808,1135,1,1,0
1809,1135,6,14,8
1810,1135,2,7,5
1812,1135,2,2,0
1815,1135,4,4,0
1809,1136,14,43,29
1810,1136,21,42,21
1811,1136,4,4,0
1813,1136,3,5,2
1814,1136,3,4,1
1809,1137,5,48,43
1810,1137,9,43,34
1813,1137,1,4,3
1812,1139,1,4,3
1815,1139,3,5,2
1808,1140,2,2,0
1812,1140,2,6,4
1815,1140,2,2,0
1809,1141,3,6,3
1813,1141,1,2,1
1809,1142,6,10,4
1810,1142,6,6,0
1813,1142,2,4,2
1809,1143,7,36,29
1810,1143,15,29,14
1813,1143,3,5,2
1813,1144,2,2,0
1814,1144,3,8,5
1808,1145,6,13,7
1809,1145,4,44,40
1810,1145,1,51,50
1814,1146,1,3,2
1814,1147,1,1,0
1815,1147,2,2,0
1808,1148,6,10,4
1809,1148,4,5,1
1810,1148,2,2,0
1811,1148,1,2,1
1811,1149,1,1,0
1814,1150,4,4,0
1815,1150,4,4,0
1808,1151,3,15,12
1809,1151,1,39,38
1808,1152,7,10,3
1811,1152,5,19,14
1812,1152,6,6,0
1815,1152,6,6,0
1808,1153,3,3,0
1811,1153,5,9,4
1812,1153,3,3,0
1815,1153,4,4,0
1808,1154,2,2,0
1809,1154,1,1,0
1812,1154,1,1,0
1813,1154,3,3,0
1814,1154,1,1,0
1809,1155,1,2,1
1813,1155,5,7,2
1814,1155,3,3,0
1809,1156,1,1,0
1813,1156,6,7,1
1814,1156,4,4,0
1809,1157,3,3,0
1810,1157,3,8,5
1813,1157,5,5,0
1814,1157,5,5,0
1809,1158,1,21,20
1812,1158,3,3,0
1813,1158,2,2,0
1814,1158,4,4,0
1808,1159,1,15,14
1812,1159,1,9,8
1811,1160,4,17,13
1813,1160,3,3,0
1814,1160,7,7,0
1811,1161,3,6,3
1814,1161,1,1,0
1808,1162,3,3,0
1810,1162,1,1,0
1811,1162,3,4,1
1814,1162,3,4,1
1808,1163,4,7,3
1810,1163,2,4,2
1811,1163,3,6,3
1814,1163,3,7,4
1808,1164,1,4,3
1810,1164,4,8,4
1811,1164,5,9,4
1814,1164,3,3,0
1810,1165,8,24,16
1811,1165,10,24,14
1814,1165,4,4,0
1815,1165,1,1,0
1808,1166,2,7,5
1809,1166,2,18,16
1810,1166,14,40,26
1811,1166,16,40,24
1812,1166,1,13,12
1814,1166,3,5,2
1809,1167,5,15,10
1810,1167,18,42,24
1811,1167,20,42,22
1812,1167,3,10,7
1808,1168,4,7,3
1811,1168,2,2,0
1813,1168,3,8,5
1814,1168,4,9,5
1811,1169,2,2,0
1810,1170,2,7,5
1811,1170,6,7,1
1814,1170,4,14,10
1814,1171,3,5,2
1810,1172,6,35,29
1811,1172,8,28,20
1808,1173,1,3,2
1810,1173,4,86,82
1811,1173,7,75,68
1814,1173,4,4,0
1810,1174,1,55,54
1811,1174,5,49,44
1808,1175,4,4,0
1811,1175,4,12,8
1813,1175,4,10,6
1814,1175,7,11,4
1810,1176,6,6,0
1811,1176,3,9,6
1814,1176,3,3,0
1814,1177,9,10,1
1814,1178,7,7,0
1809,1179,4,4,0
1810,1179,11,23,12
1812,1179,3,3,0
1814,1179,2,2,0
1809,1180,19,24,5
1810,1180,23,61,38
1812,1180,10,23,13
1809,1181,11,22,11
1810,1181,25,61,36
1812,1181,10,23,13
1814,1181,1,1,0
1810,1182,14,24,10
1811,1182,2,27,25
1812,1182,6,6,0
1814,1182,1,1,0
1808,1183,7,8,1
1814,1183,10,10,0
1809,1184,3,11,8
1810,1184,6,9,3
1811,1184,2,2,0
1812,1184,1,7,6
1813,1184,2,8,6
1808,1185,1,1,0
1814,1185,2,2,0
1808,1186,6,9,3
1812,1186,1,1,0
1814,1186,5,5,0
1808,1187,4,12,8
1810,1187,4,33,29
1812,1187,19,28,9
1814,1187,6,6,0
1810,1188,12,46,34
1812,1188,23,39,16
1814,1188,5,5,0
1810,1189,11,25,14
1812,1189,20,23,3
1814,1189,2,2,0
1815,1189,5,7,2
1808,1190,2,2,0
1811,1190,3,12,9
1812,1190,9,9,0
1815,1190,3,5,2
1808,1191,11,11,0
1812,1191,4,9,5
1808,1192,3,8,5
1814,1192,1,2,1
1815,1192,1,7,6
1808,1193,1,1,0
1811,1193,1,13,12
1812,1193,5,13,8
1813,1193,4,4,0
1815,1193,1,1,0
1812,1194,3,27,24
1813,1194,5,11,6
1813,1195,1,12,11
1808,1196,2,2,0
1809,1196,4,9,5
1812,1196,1,17,16
1813,1196,3,3,0
1815,1196,3,5,2
1808,1197,2,2,0
1809,1197,1,1,0
1815,1197,1,3,2
1808,1198,1,2,1
1811,1199,2,5,3
1812,1199,5,8,3
1813,1199,4,4,0
1814,1199,1,1,0
1808,1200,3,3,0
1810,1200,2,5,3
1811,1200,9,12,3
1808,1201,3,3,0
1810,1201,2,27,25
1811,1201,5,55,50
1812,1201,2,36,34
1815,1201,1,1,0
1808,1202,2,3,1
1813,1202,3,6,3
1813,1204,2,2,0
1814,1204,6,6,0
1808,1205,4,4,0
1810,1205,4,4,0
1813,1205,6,9,3
1814,1205,7,13,6
1808,1206,5,6,1
1810,1206,3,4,1
1811,1206,6,9,3
1808,1207,1,9,8
1811,1207,5,11,6
1810,1209,3,29,26
1811,1209,3,64,61
1812,1209,2,61,59
1813,1209,1,23,22
1808,1210,2,5,3
1810,1210,6,19,13
1811,1210,7,58,51
1812,1210,6,55,49
1813,1210,4,14,10
1811,1211,1,16,15
1809,1213,3,7,4
1808,1214,3,7,4
1809,1214,3,5,2
1810,1214,2,2,0
1814,1214,1,2,1
1815,1214,1,8,7
1810,1215,2,6,4
1811,1215,2,24,22
1812,1215,3,22,19
1808,1216,7,7,0
1811,1216,4,52,48
1812,1216,7,55,48
1813,1216,5,18,13
1815,1216,6,6,0
1808,1217,4,7,3
1812,1217,3,42,39
1815,1217,3,6,3
1812,1218,2,17,15
1812,1219,2,2,0
1813,1219,2,2,0
1808,1220,2,4,2
1812,1220,3,3,0
1813,1220,2,6,4
1815,1220,1,3,2
1811,1221,3,3,0
1812,1221,5,5,0
1813,1221,1,4,3
1811,1222,4,13,9
1812,1222,7,16,9
1813,1222,2,4,2
1808,1223,4,7,3
1810,1223,2,11,9
1811,1223,9,32,23
1812,1223,12,35,23
1813,1223,7,16,9
1814,1223,3,4,1
1815,1223,3,6,3
1810,1224,7,17,10
1811,1224,20,42,22
1812,1224,21,40,19
1813,1224,9,14,5
1815,1224,1,3,2
1808,1225,1,5,4
1811,1225,8,14,6
1812,1225,8,13,5
1813,1225,2,2,0
1815,1225,4,7,3
1808,1226,3,4,1
1815,1226,5,5,0
1814,1227,1,4,3
1809,1228,2,2,0
1810,1228,4,4,0
1811,1228,3,3,0
1812,1228,5,7,2
1813,1228,6,11,5
1814,1228,3,5,2
1811,1229,3,3,0
1812,1229,5,8,3
1813,1229,8,9,1
1814,1229,5,5,0
1813,1230,3,11,8
1814,1230,3,3,0
1815,1230,1,4,3
1808,1231,2,6,4
1814,1231,2,2,0
1815,1231,2,2,0
1808,1232,1,3,2
1809,1232,2,5,3
1810,1232,2,5,3
1811,1232,1,4,3
1814,1232,2,5,3
1815,1232,3,3,0
1810,1233,3,3,0
1811,1233,1,5,4
1808,1234,1,1,0
1809,1234,1,1,0
1810,1234,2,2,0
1811,1234,1,4,3
1814,1234,1,1,0
1815,1234,1,1,0
1808,1235,1,8,7
1809,1235,2,2,0
1815,1235,2,8,6
1808,1236,1,2,1
1815,1236,1,2,1
1810,1237,2,10,8
1808,1238,1,4,3
1809,1238,2,2,0
1810,1238,1,14,13
1808,1239,1,5,4
1810,1239,1,1,0
1810,1240,2,2,0
1811,1240,2,4,2
1810,1241,2,2,0
1811,1241,1,3,2
1815,1241,2,5,3
1809,1242,1,2,1
1815,1242,4,6,2
1814,1243,1,1,0
1815,1243,1,1,0
1810,1244,1,4,3
1814,1244,1,2,1
1809,1245,1,3,2
1810,1245,1,9,8
1815,1245,2,2,0
1809,1246,1,3,2
1810,1246,1,7,6
1811,1246,1,11,10
1815,1246,2,2,0
1810,1247,1,1,0
1811,1247,3,3,0
1808,1256,1,1,0
1812,1256,1,1,0
1813,1256,1,1,0
1809,1257,1,1,0
1810,1257,2,2,0
1811,1257,3,3,0
1812,1257,2,3,1
1813,1257,2,2,0
1814,1257,1,1,0
1809,1258,2,2,0
1810,1258,4,4,0
1811,1258,5,6,1
1814,1258,1,2,1
1809,1259,1,2,1
1810,1259,5,5,0
1811,1259,2,8,6
1810,1260,5,5,0
1811,1260,2,8,6
1810,1261,3,3,0
1811,1261,4,5,1
