X,Y,Subtracted,Original 1,Original 2
2735,1743,3,5,2
1785,832,2,2,0
1786,832,1,1,0
1789,832,4,7,3
1790,832,3,4,1
1792,832,7,7,0
1795,832,3,3,0
1796,832,9,9,0
1785,833,1,1,0
1786,833,1,1,0
1788,833,1,3,2
1789,833,6,7,1
1790,833,3,3,0
1793,833,4,10,6
1794,833,2,10,8
1784,834,4,4,0
1787,834,2,2,0
1791,834,2,3,1
1794,834,6,6,0
1797,834,2,2,0
1798,834,5,5,0
1784,835,1,3,2
1787,835,3,3,0
1791,835,2,56,54
1793,835,4,4,0
1797,835,6,6,0
1798,835,5,5,0
1787,836,5,5,0
1792,836,41,100,59
1793,836,26,49,23
1794,836,7,7,0
1797,836,3,3,0
1784,837,2,3,1
1785,837,1,1,0
1786,837,3,3,0
1787,837,3,3,0
1792,837,85,138,53
1793,837,44,65,21
1794,837,4,4,0
1784,838,3,5,2
1785,838,1,3,2
1786,838,3,3,0
1792,838,60,71,11
1793,838,28,29,1
1799,838,5,5,0
1787,839,2,2,0
1796,839,4,4,0
1797,839,3,4,1
1784,840,5,5,0
1789,840,1,1,0
1790,840,5,5,0
1792,840,5,9,4
1794,840,2,2,0
1798,840,5,5,0
1785,841,1,1,0
1786,841,1,1,0
1791,841,1,6,5
1794,841,9,9,0
1795,841,9,14,5
1796,841,11,11,0
1797,841,2,2,0
1798,841,1,1,0
1799,841,3,10,7
1785,842,6,6,0
1792,842,44,83,39
1793,842,60,60,0
1794,842,9,9,0
1785,843,12,12,0
1788,843,7,7,0
1792,843,81,193,112
1793,843,137,162,25
1794,843,62,62,0
1796,843,1,1,0
1797,843,8,11,3
1799,843,9,9,0
1785,844,10,10,0
1788,844,8,8,0
1793,844,111,136,25
1794,844,86,86,0
1795,844,3,8,5
1797,844,2,5,3
1799,844,6,6,0
1785,845,3,3,0
1786,845,2,2,0
1787,845,1,2,1
1788,845,8,8,0
1793,845,39,39,0
1794,845,30,30,0
1797,845,7,7,0
1786,846,2,2,0
1792,846,1,1,0
1793,846,8,8,0
1796,846,2,2,0
1797,846,19,19,0
1798,846,14,14,0
1794,847,6,6,0
1795,847,7,7,0
1799,847,4,4,0
1793,848,3,3,0
1796,848,2,8,6
1797,848,2,2,0
1799,848,5,10,5
1793,849,29,46,17
1794,849,30,30,0
1793,850,67,118,51
1794,850,84,94,10
1795,850,28,28,0
1797,850,8,8,0
1798,850,9,9,0
1793,851,46,90,44
1794,851,64,71,7
1795,851,13,13,0
1798,851,2,2,0
1793,852,10,13,3
1794,852,8,8,0
1793,853,1,1,0
1796,853,9,14,5
1797,853,4,8,4
1799,853,4,6,2
1796,854,1,6,5
1793,855,6,6,0
1799,855,2,2,0
1793,856,15,40,25
1794,856,51,51,0
1795,856,23,23,0
1798,856,6,6,0
1793,857,2,86,84
1794,857,121,123,2
1795,857,87,87,0
1796,857,17,25,8
1793,858,7,55,48
1794,858,76,78,2
1795,858,54,54,0
1796,858,12,16,4
1793,859,2,2,0
1797,859,3,3,0
1798,859,6,6,0
1793,860,1,5,4
1794,860,6,13,7
1795,860,3,10,7
1792,861,6,6,0
1796,861,2,2,0
1792,862,1,1,0
1795,862,2,2,0
1796,862,10,10,0
1797,862,8,8,0
1794,863,27,65,38
1795,863,71,74,3
1796,863,39,39,0
1799,863,7,7,0
1794,864,63,124,61
1795,864,199,199,0
1796,864,89,93,4
1799,864,4,4,0
1794,865,75,132,57
1795,865,119,119,0
1796,865,87,87,0
1797,865,2,3,1
1798,865,33,33,0
1795,866,13,13,0
1798,866,1,2,1
1792,867,4,4,0
1793,867,7,7,0
1795,867,15,19,4
1797,867,11,14,3
1798,867,4,5,1
1799,867,15,15,0
1792,868,1,4,3
1794,868,9,9,0
1796,868,20,20,0
1794,869,9,9,0
1796,869,9,9,0
1797,869,8,8,0
1799,869,5,9,4
1795,870,68,68,0
1796,870,63,67,4
1797,870,64,69,5
1799,870,11,14,3
1794,871,13,90,77
1795,871,186,186,0
1796,871,245,245,0
1797,871,121,124,3
1794,872,35,58,23
1795,872,186,186,0
1796,872,112,112,0
1797,872,117,124,7
1792,873,2,12,10
1795,873,39,40,1
1797,873,2,16,14
1799,873,7,9,2
1794,874,9,9,0
1795,874,11,13,2
1796,874,1,1,0
1799,874,2,3,1
1792,875,1,5,4
1794,875,5,6,1
1798,875,6,8,2
1799,875,7,7,0
1792,876,7,7,0
1796,876,2,2,0
1797,876,10,10,0
1798,876,4,10,6
1795,877,74,87,13
1796,877,94,94,0
1797,877,93,93,0
1798,877,40,47,7
1795,878,91,97,6
1796,878,139,139,0
1797,878,134,134,0
1798,878,80,88,8
1799,878,14,16,2
1795,879,112,112,0
1796,879,177,178,1
1797,879,146,147,1
1798,879,81,90,9
1792,880,8,9,1
1795,880,1,7,6
1796,880,78,79,1
1797,880,51,54,3
1798,880,3,14,11
1794,881,6,7,1
1796,881,6,7,1
1799,881,1,2,1
1792,882,8,9,1
1794,882,16,17,1
1797,882,5,6,1
1799,882,8,13,5
1796,883,9,10,1
1797,883,2,4,2
1798,883,24,25,1
1796,884,118,119,1
1797,884,99,100,1
1798,884,124,125,1
1795,885,1,34,33
1796,885,139,140,1
1797,885,124,125,1
1798,885,168,169,1
1799,885,77,77,0
1796,886,140,145,5
1797,886,205,210,5
1798,886,143,144,1
1799,886,37,41,4
1793,887,5,6,1
1796,887,5,6,1
1797,887,84,85,1
1799,887,8,11,3
1794,888,4,4,0
1795,888,10,10,0
1800,888,6,6,0
1801,888,3,3,0
1807,888,2,2,0
1795,889,7,9,2
1806,889,1,1,0
1807,889,1,1,0
1796,890,4,7,3
1803,890,2,2,0
1804,890,3,3,0
1805,890,2,2,0
1806,890,1,1,0
1795,891,9,10,1
1796,891,48,78,30
1797,891,119,119,0
1798,891,116,117,1
1799,891,113,113,0
1803,891,1,1,0
1804,891,1,1,0
1805,891,1,1,0
1796,892,88,88,0
1797,892,145,163,18
1798,892,156,156,0
1799,892,120,124,4
1800,892,6,6,0
1801,892,4,4,0
1802,892,1,1,0
1796,893,93,93,0
1797,893,163,183,20
1798,893,193,193,0
1799,893,156,156,0
1800,893,9,9,0
1801,893,6,6,0
1802,893,1,1,0
1796,894,13,21,8
1797,894,65,65,0
1798,894,57,76,19
1799,894,50,50,0
1800,894,5,5,0
1801,894,4,4,0
1802,894,1,1,0
1795,895,4,4,0
1798,895,5,10,5
1802,895,1,1,0
1803,895,2,2,0
1804,895,2,2,0
1794,896,2,2,0
1800,896,10,10,0
1801,896,3,3,0
1804,896,9,9,0
1795,897,6,6,0
1797,897,1,1,0
1799,897,14,14,0
1802,897,6,6,0
1805,897,2,2,0
1806,897,7,7,0
1797,898,45,51,6
1798,898,80,80,0
1799,898,72,72,0
1800,898,15,15,0
1802,898,2,2,0
1803,898,1,1,0
1806,898,13,13,0
1797,899,120,120,0
1798,899,180,198,18
1799,899,213,213,0
1800,899,93,93,0
1801,899,8,8,0
1803,899,10,10,0
1804,899,1,1,0
1806,899,5,5,0
1796,900,15,15,0
1797,900,19,52,33
1798,900,123,123,0
1799,900,188,188,0
1800,900,93,93,0
1801,900,8,8,0
1803,900,10,10,0
1804,900,1,1,0
1806,900,5,5,0
1792,901,6,6,0
1799,901,28,28,0
1800,901,15,15,0
1802,901,2,2,0
1803,901,1,1,0
1806,901,13,13,0
1794,902,11,11,0
1796,902,2,2,0
1797,902,11,11,0
1798,902,9,9,0
1802,902,6,6,0
1805,902,2,2,0
1806,902,7,7,0
1792,903,10,11,1
1796,903,7,10,3
1797,903,2,2,0
1800,903,10,10,0
1801,903,3,3,0
1804,903,9,9,0
1792,904,1,6,5
1796,904,8,8,0
1797,904,11,11,0
1798,904,2,4,2
1800,904,12,12,0
1804,904,2,2,0
1807,904,10,10,0
1798,905,52,52,0
1799,905,109,114,5
1800,905,54,54,0
1801,905,22,22,0
1803,905,2,2,0
1804,905,10,10,0
1805,905,4,4,0
1798,906,97,97,0
1799,906,199,199,0
1800,906,136,136,0
1801,906,77,77,0
1802,906,16,16,0
1804,906,3,3,0
1805,906,7,7,0
1806,906,4,4,0
1798,907,67,70,3
1799,907,118,131,13
1800,907,125,125,0
1801,907,71,71,0
1802,907,14,14,0
1805,907,4,4,0
1806,907,7,7,0
1807,907,8,8,0
1792,908,3,3,0
1797,908,3,3,0
1798,908,8,8,0
1799,908,8,8,0
1800,908,16,16,0
1801,908,5,5,0
1804,908,1,1,0
1793,909,4,4,0
1803,909,4,4,0
1804,909,1,1,0
1794,910,3,3,0
1795,910,3,3,0
1796,910,4,4,0
1797,910,8,8,0
1798,910,8,9,1
1799,910,7,7,0
1800,910,11,11,0
1801,910,11,11,0
1802,910,8,8,0
1803,910,2,2,0
1806,910,3,3,0
1807,910,6,6,0
1792,911,6,9,3
1796,911,3,3,0
1799,911,1,1,0
1804,911,4,4,0
1805,911,6,6,0
1798,912,15,15,0
1799,912,81,81,0
1800,912,77,77,0
1801,912,60,60,0
1802,912,18,18,0
1805,912,4,4,0
1797,913,5,5,0
1798,913,24,44,20
1799,913,107,110,3
1800,913,172,172,0
1801,913,135,135,0
1802,913,61,61,0
1803,913,2,2,0
1807,913,5,5,0
1792,914,2,7,5
1796,914,4,4,0
1798,914,26,26,0
1799,914,64,77,13
1800,914,117,117,0
1801,914,95,95,0
1802,914,42,42,0
1807,914,4,4,0
1793,915,1,1,0
1799,915,15,15,0
1800,915,12,12,0
1801,915,16,16,0
1802,915,3,3,0
1804,915,5,5,0
1805,915,8,8,0
1795,916,3,3,0
1796,916,1,10,9
1799,916,1,1,0
1800,916,7,7,0
1801,916,15,15,0
1802,916,5,5,0
1804,916,3,3,0
1805,916,3,3,0
1793,917,4,4,0
1796,917,7,7,0
1797,917,3,3,0
1799,917,5,8,3
1801,917,4,4,0
1804,917,2,2,0
1805,917,3,3,0
1799,918,3,3,0
1801,918,6,6,0
1802,918,2,2,0
1804,918,3,3,0
1805,918,4,4,0
1807,918,5,5,0
1799,919,2,2,0
1800,919,75,75,0
1801,919,74,74,0
1802,919,43,43,0
1803,919,9,9,0
1807,919,4,4,0
1798,920,9,9,0
1799,920,37,37,0
1800,920,119,119,0
1801,920,203,203,0
1802,920,88,88,0
1804,920,5,5,0
1806,920,1,1,0
1798,921,6,14,8
1799,921,28,38,10
1800,921,89,89,0
1801,921,157,157,0
1802,921,68,68,0
1803,921,2,2,0
1804,921,10,10,0
1806,921,6,6,0
1792,922,1,1,0
1798,922,6,6,0
1799,922,21,21,0
1800,922,27,27,0
1801,922,68,68,0
1802,922,16,16,0
1804,922,5,5,0
1806,922,7,7,0
1807,922,2,2,0
1792,923,4,4,0
1799,923,1,1,0
1801,923,9,9,0
1804,923,4,4,0
1806,923,6,6,0
1792,924,8,8,0
1793,924,2,2,0
1800,924,6,6,0
1801,924,3,3,0
1803,924,3,3,0
1804,924,8,8,0
1805,924,3,3,0
1806,924,7,7,0
1796,925,2,2,0
1797,925,3,3,0
1798,925,2,2,0
1801,925,7,7,0
1802,925,10,10,0
1803,925,2,2,0
1805,925,2,2,0
1806,925,3,3,0
1800,926,7,7,0
1801,926,52,52,0
1802,926,63,63,0
1803,926,21,21,0
1807,926,2,2,0
1792,927,2,2,0
1798,927,2,2,0
1800,927,63,63,0
1801,927,131,131,0
1802,927,142,142,0
1803,927,65,65,0
1804,927,15,15,0
1805,927,4,4,0
1807,927,2,2,0
1800,928,83,83,0
1801,928,176,176,0
1802,928,112,112,0
1803,928,69,69,0
1805,928,8,8,0
1800,929,16,16,0
1801,929,66,66,0
1802,929,67,67,0
1804,929,18,18,0
1806,929,19,19,0
1801,930,12,12,0
1802,930,8,8,0
1804,930,10,10,0
1806,930,8,8,0
1800,931,3,3,0
1801,931,7,7,0
1803,931,8,8,0
1804,931,1,1,0
1805,931,7,7,0
1800,932,3,3,0
1802,932,6,6,0
1804,932,9,9,0
1806,932,3,3,0
1807,932,5,5,0
1801,933,8,8,0
1802,933,36,36,0
1803,933,39,39,0
1805,933,4,4,0
1807,933,11,11,0
1801,934,55,55,0
1802,934,100,100,0
1803,934,98,98,0
1805,934,16,16,0
1807,934,5,5,0
1800,935,8,8,0
1801,935,62,62,0
1802,935,181,181,0
1803,935,99,99,0
1804,935,40,40,0
1806,935,10,10,0
1801,936,34,34,0
1802,936,69,69,0
1803,936,62,62,0
1804,936,8,8,0
1800,937,10,10,0
1802,937,11,11,0
1804,937,6,6,0
1805,937,1,1,0
1806,937,20,20,0
1800,938,4,4,0
1801,938,3,3,0
1803,938,11,11,0
1805,938,14,14,0
1800,939,5,5,0
1802,939,20,20,0
1804,939,12,12,0
1806,939,7,7,0
1803,940,40,40,0
1805,940,14,14,0
1807,940,3,3,0
1802,941,73,73,0
1803,941,81,81,0
1804,941,76,76,0
1806,941,3,3,0
1801,942,25,25,0
1802,942,85,85,0
1803,942,142,142,0
1804,942,69,69,0
1805,942,13,13,0
1807,942,8,8,0
1800,943,3,3,0
1802,943,34,34,0
1803,943,69,69,0
1804,943,52,52,0
1807,943,6,6,0
1803,944,5,5,0
1804,944,1,1,0
1807,944,2,2,0
1802,945,12,12,0
1804,945,6,6,0
1806,945,4,4,0
1801,946,16,16,0
1803,946,14,14,0
1805,946,15,15,0
1807,946,10,10,0
1800,947,1,1,0
1804,947,22,22,0
1806,947,1,1,0
1801,948,5,5,0
1803,948,102,102,0
1804,948,67,67,0
1805,948,75,75,0
1807,948,4,4,0
1800,949,9,9,0
1801,949,3,3,0
1802,949,53,53,0
1803,949,129,129,0
1804,949,155,155,0
1805,949,92,92,0
1806,949,27,27,0
1801,950,6,6,0
1802,950,1,1,0
1803,950,93,93,0
1804,950,57,57,0
1805,950,72,72,0
1801,951,9,9,0
1803,951,7,7,0
1805,951,19,19,0
1807,951,2,2,0
1802,952,2,2,0
1803,952,2,2,0
1804,952,1,1,0
1800,953,2,2,0
1806,953,2,2,0
1807,953,3,3,0
1800,954,6,6,0
1803,954,3,3,0
1804,954,14,14,0
1805,954,16,16,0
1806,954,4,4,0
1800,955,1,1,0
1802,955,12,12,0
1803,955,44,44,0
1804,955,72,72,0
1805,955,69,69,0
1806,955,31,31,0
1802,956,20,20,0
1803,956,70,70,0
1804,956,114,114,0
1805,956,114,114,0
1806,956,67,67,0
1807,956,18,18,0
1800,957,2,2,0
1802,957,11,11,0
1803,957,48,48,0
1804,957,84,84,0
1805,957,86,86,0
1806,957,49,49,0
1807,957,11,11,0
1800,958,8,8,0
1801,958,2,2,0
1802,958,1,1,0
1803,958,11,11,0
1804,958,23,23,0
1805,958,24,24,0
1806,958,9,9,0
1806,959,1,1,0
1807,959,5,5,0
1800,960,2,2,0
1801,960,1,1,0
1803,960,4,4,0
1804,960,3,3,0
1805,960,5,5,0
1802,961,5,5,0
1804,961,2,2,0
1806,961,4,4,0
1802,962,15,15,0
1803,962,3,3,0
1804,962,53,53,0
1805,962,54,54,0
1806,962,53,53,0
1807,962,10,10,0
1800,963,9,9,0
1802,963,12,12,0
1803,963,13,13,0
1804,963,112,112,0
1805,963,123,123,0
1806,963,107,107,0
1807,963,25,25,0
1800,964,7,7,0
1802,964,2,2,0
1804,964,96,96,0
1805,964,109,109,0
1806,964,95,95,0
1807,964,16,16,0
1800,965,5,5,0
1802,965,3,3,0
1804,965,31,31,0
1805,965,34,34,0
1806,965,39,39,0
1800,966,4,4,0
1801,966,4,4,0
1802,966,5,5,0
1806,966,4,4,0
1803,967,2,2,0
1804,967,2,2,0
1805,967,4,4,0
1800,968,1,1,0
1804,968,3,3,0
1805,968,7,7,0
1806,968,4,4,0
1801,969,1,1,0
1803,969,5,5,0
1804,969,37,37,0
1805,969,70,70,0
1806,969,58,58,0
1807,969,22,22,0
1801,970,4,4,0
1802,970,2,2,0
1803,970,9,9,0
1804,970,71,71,0
1805,970,141,141,0
1806,970,133,133,0
1807,970,76,76,0
1801,971,7,7,0
1804,971,59,59,0
1805,971,131,131,0
1806,971,135,135,0
1807,971,90,90,0
1800,972,6,6,0
1801,972,7,7,0
1804,972,16,16,0
1805,972,49,49,0
1806,972,53,53,0
1807,972,35,35,0
1802,973,1,1,0
1802,974,1,1,0
1800,975,2,2,0
1801,975,6,6,0
1805,975,4,4,0
1806,975,7,7,0
1800,976,1,1,0
1801,976,2,2,0
1802,976,3,3,0
1804,976,11,11,0
1805,976,55,55,0
1806,976,79,79,0
1807,976,62,62,0
1808,976,10,10,0
1811,976,1,1,0
1813,976,1,1,0
1814,976,6,6,0
1802,977,1,1,0
1803,977,1,1,0
1804,977,25,25,0
1805,977,91,91,0
1806,977,145,145,0
1807,977,152,152,0
1808,977,61,61,0
1809,977,17,17,0
1810,977,3,3,0
1811,977,14,14,0
1812,977,8,8,0
1800,978,4,4,0
1801,978,3,3,0
1802,978,3,3,0
1804,978,7,7,0
1805,978,64,64,0
1806,978,120,120,0
1807,978,136,136,0
1808,978,69,69,0
1809,978,12,12,0
1811,978,10,10,0
1812,978,9,9,0
1815,978,5,5,0
1800,979,4,4,0
1801,979,1,1,0
1802,979,4,4,0
1805,979,13,13,0
1806,979,39,39,0
1807,979,39,39,0
1808,979,37,37,0
1811,979,1,1,0
1812,979,1,1,0
1814,979,1,1,0
1815,979,5,5,0
1802,980,2,2,0
1803,980,7,7,0
1805,980,5,5,0
1806,980,9,9,0
1808,980,14,14,0
1809,980,1,1,0
1810,980,3,3,0
1811,980,5,5,0
1814,980,4,4,0
1800,981,4,4,0
1803,981,7,7,0
1810,981,9,9,0
1811,981,5,5,0
1813,981,3,3,0
1814,981,8,8,0
1800,982,15,15,0
1802,982,1,1,0
1803,982,2,2,0
1806,982,4,4,0
1807,982,11,11,0
1808,982,7,7,0
1811,982,1,1,0
1814,982,6,6,0
1800,983,5,5,0
1802,983,1,1,0
1803,983,8,8,0
1805,983,6,6,0
1806,983,39,39,0
1807,983,61,61,0
1808,983,40,40,0
1809,983,5,5,0
1811,983,6,6,0
1801,984,6,6,0
1802,984,9,9,0
1805,984,29,29,0
1806,984,86,86,0
1807,984,127,127,0
1808,984,90,90,0
1809,984,30,30,0
1812,984,8,8,0
1801,985,3,3,0
1802,985,6,6,0
1804,985,2,2,0
1805,985,35,35,0
1806,985,82,82,0
1807,985,114,114,0
1808,985,85,85,0
1809,985,36,36,0
1812,985,4,4,0
1813,985,2,2,0
1815,985,5,5,0
1801,986,4,4,0
1802,986,3,3,0
1805,986,17,17,0
1806,986,42,42,0
1807,986,57,57,0
1808,986,22,22,0
1809,986,6,6,0
1812,986,5,5,0
1813,986,4,4,0
1800,987,4,4,0
1801,987,4,4,0
1802,987,1,1,0
1805,987,2,2,0
1806,987,4,4,0
1807,987,5,5,0
1813,987,3,3,0
1802,988,1,1,0
1803,988,5,5,0
1804,988,6,6,0
1805,988,4,4,0
1808,988,5,5,0
1809,988,10,10,0
1810,988,7,7,0
1813,988,3,3,0
1814,988,8,8,0
1815,988,6,6,0
1802,989,1,1,0
1803,989,4,4,0
1804,989,1,1,0
1807,989,7,7,0
1810,989,1,1,0
1811,989,2,2,0
1812,989,3,3,0
1813,989,4,4,0
1800,990,5,5,0
1801,990,3,3,0
1802,990,1,1,0
1806,990,13,13,0
1807,990,35,35,0
1808,990,3,3,0
1811,990,2,2,0
1812,990,7,7,0
1813,990,2,2,0
1800,991,3,3,0
1801,991,1,1,0
1805,991,9,9,0
1806,991,46,46,0
1807,991,83,83,0
1808,991,84,84,0
1809,991,47,47,0
1810,991,10,10,0
1814,991,2,2,0
1815,991,11,11,0
1800,992,1,1,0
1801,992,3,3,0
1805,992,3,3,0
1806,992,68,68,0
1807,992,155,155,0
1808,992,89,89,0
1809,992,51,51,0
1810,992,10,10,0
1813,992,3,3,0
1814,992,4,4,0
1815,992,4,4,0
1800,993,1,1,0
1801,993,4,4,0
1806,993,16,16,0
1807,993,64,64,0
1808,993,60,60,0
1809,993,36,36,0
1810,993,11,11,0
1811,993,4,4,0
1812,993,4,4,0
1813,993,1,1,0
1801,994,2,2,0
1803,994,1,1,0
1804,994,10,10,0
1805,994,1,1,0
1807,994,5,5,0
1808,994,15,15,0
1809,994,6,6,0
1811,994,2,2,0
1812,994,2,2,0
1800,995,3,3,0
1801,995,5,5,0
1804,995,11,11,0
1805,995,10,10,0
1811,995,1,1,0
1815,995,7,7,0
1800,996,5,5,0
1801,996,8,8,0
1808,996,3,3,0
1809,996,1,1,0
1810,996,3,3,0
1811,996,6,6,0
1812,996,3,3,0
1815,996,4,4,0
1801,997,3,3,0
1802,997,1,1,0
1804,997,4,4,0
1807,997,19,19,0
1808,997,9,9,0
1809,997,1,1,0
1811,997,1,1,0
1812,997,3,3,0
1815,997,1,1,0
1803,998,7,7,0
1804,998,10,10,0
1806,998,13,13,0
1807,998,52,52,0
1808,998,67,67,0
1809,998,38,38,0
1810,998,8,8,0
1815,998,3,3,0
1800,999,6,6,0
1801,999,1,1,0
1803,999,1,1,0
1804,999,2,2,0
1806,999,9,9,0
1807,999,59,59,0
1808,999,161,161,0
1809,999,108,108,0
1810,999,44,44,0
1811,999,6,6,0
1815,999,2,2,0
1806,1000,11,11,0
1807,1000,28,28,0
1808,1000,77,77,0
1809,1000,68,68,0
1810,1000,30,30,0
1813,1000,2,2,0
1814,1000,1,1,0
1815,1000,5,5,0
1800,1001,5,5,0
1801,1001,1,1,0
1803,1001,1,1,0
1806,1001,3,3,0
1807,1001,15,15,0
1809,1001,6,6,0
1812,1001,9,9,0
1813,1001,9,9,0
1800,1002,6,6,0
1801,1002,1,1,0
1803,1002,2,2,0
1804,1002,1,1,0
1807,1002,3,3,0
1812,1002,7,7,0
1813,1002,2,2,0
1815,1002,1,1,0
1800,1003,2,2,0
1803,1003,2,2,0
1804,1003,5,5,0
1805,1003,1,1,0
1808,1003,12,12,0
1809,1003,13,13,0
1810,1003,2,2,0
1812,1003,2,2,0
1815,1003,7,7,0
1800,1004,1,1,0
1803,1004,2,2,0
1804,1004,5,5,0
1805,1004,1,1,0
1809,1004,10,10,0
1810,1004,7,7,0
1811,1004,1,1,0
1812,1004,5,5,0
1813,1004,2,2,0
1815,1004,6,6,0
1800,1005,4,4,0
1803,1005,2,2,0
1804,1005,1,1,0
1807,1005,5,5,0
1808,1005,48,48,0
1809,1005,62,62,0
1810,1005,41,41,0
1811,1005,5,5,0
1814,1005,1,1,0
1815,1005,7,7,0
1800,1006,2,2,0
1806,1006,5,5,0
1807,1006,18,18,0
1808,1006,96,96,0
1809,1006,111,111,0
1810,1006,74,74,0
1811,1006,8,8,0
1814,1006,4,4,0
1815,1006,3,3,0
1806,1007,14,14,0
1807,1007,31,31,0
1808,1007,54,54,0
1809,1007,89,89,0
1810,1007,69,69,0
1811,1007,10,10,0
1813,1007,7,7,0
1814,1007,5,5,0
1808,1008,6,6,0
1809,1008,19,19,0
1810,1008,14,14,0
1811,1008,3,3,0
1812,1008,2,2,0
1815,1008,9,9,0
1809,1009,7,7,0
1812,1009,6,6,0
1813,1009,8,8,0
1814,1009,1,1,0
1815,1009,5,5,0
1809,1010,5,5,0
1812,1010,6,6,0
1813,1010,12,12,0
1809,1011,13,13,0
1810,1011,10,10,0
1813,1011,3,3,0
1808,1012,10,10,0
1809,1012,52,52,0
1810,1012,58,58,0
1811,1012,24,24,0
1812,1012,1,1,0
1815,1012,6,6,0
1808,1013,68,68,0
1809,1013,119,119,0
1810,1013,120,120,0
1811,1013,63,63,0
1812,1013,16,16,0
1815,1013,7,7,0
1808,1014,76,76,0
1809,1014,124,124,0
1810,1014,120,120,0
1811,1014,58,58,0
1812,1014,14,14,0
1813,1014,2,2,0
1808,1015,20,20,0
1809,1015,66,66,0
1810,1015,63,63,0
1811,1015,15,15,0
1813,1015,2,2,0
1814,1015,3,3,0
1809,1016,2,2,0
1810,1016,5,5,0
1811,1016,2,2,0
1813,1016,2,2,0
1814,1016,1,1,0
1808,1017,5,5,0
1812,1017,3,3,0
1813,1017,2,2,0
1814,1017,1,1,0
1815,1017,1,1,0
1808,1018,4,4,0
1811,1018,1,1,0
1812,1018,2,2,0
1815,1018,2,2,0
1809,1019,18,18,0
1810,1019,31,31,0
1811,1019,17,17,0
1809,1020,56,56,0
1810,1020,84,84,0
1811,1020,46,46,0
1812,1020,6,6,0
1813,1020,2,2,0
1814,1020,4,4,0
1808,1021,9,9,0
1809,1021,75,75,0
1810,1021,106,106,0
1811,1021,62,62,0
1812,1021,14,14,0
1813,1021,7,7,0
1814,1021,8,8,0
1808,1022,10,10,0
1809,1022,46,46,0
1810,1022,63,63,0
1811,1022,41,41,0
1812,1022,11,11,0
1813,1022,2,2,0
1814,1022,3,3,0
1810,1023,5,5,0
1811,1023,8,8,0
1812,1023,1,1,0
1815,1023,3,3,0
1809,1024,2,2,0
1811,1024,4,4,0
1813,1024,3,3,0
1808,1025,3,3,0
1810,1025,2,2,0
1812,1025,6,6,0
1814,1025,5,5,0
1815,1025,7,7,0
1809,1026,6,6,0
1811,1026,37,37,0
1813,1026,4,4,0
1815,1026,11,11,0
1808,1027,3,3,0
1809,1027,7,7,0
1810,1027,70,70,0
1811,1027,64,64,0
1812,1027,74,74,0
1809,1028,39,39,0
1810,1028,67,67,0
1811,1028,128,128,0
1812,1028,61,61,0
1813,1028,32,32,0
1815,1028,8,8,0
1809,1029,4,4,0
1810,1029,63,63,0
1811,1029,57,57,0
1812,1029,62,62,0
1809,1030,2,2,0
1811,1030,23,23,0
1813,1030,5,5,0
1808,1031,13,13,0
1812,1031,4,4,0
1813,1031,5,5,0
1814,1031,8,8,0
1808,1032,1,1,0
1815,1032,1,1,0
1811,1033,5,5,0
1812,1033,5,5,0
1809,1034,4,4,0
1810,1034,28,28,0
1811,1034,57,57,0
1812,1034,57,57,0
1813,1034,28,28,0
1814,1034,4,4,0
1809,1035,10,10,0
1810,1035,56,56,0
1811,1035,108,108,0
1812,1035,108,108,0
1813,1035,56,56,0
1814,1035,10,10,0
1810,1036,40,40,0
1811,1036,87,87,0
1812,1036,87,87,0
1813,1036,40,40,0
1810,1037,6,6,0
1811,1037,26,26,0
1812,1037,26,26,0
1813,1037,6,6,0
1808,1038,6,6,0
1815,1038,6,6,0
1810,1039,2,2,0
1811,1039,4,4,0
1812,1039,4,4,0
1813,1039,2,2,0
1809,1040,14,14,0
1811,1040,15,15,0
1813,1040,24,24,0
1815,1040,7,7,0
1809,1041,5,5,0
1810,1041,12,12,0
1811,1041,85,85,0
1812,1041,67,67,0
1813,1041,65,65,0
1814,1041,2,2,0
1808,1042,6,6,0
1810,1042,5,5,0
1811,1042,93,93,0
1812,1042,90,90,0
1813,1042,69,69,0
1814,1042,5,5,0
1815,1042,2,2,0
1809,1043,1,1,0
1810,1043,28,28,0
1811,1043,118,118,0
1812,1043,119,119,0
1813,1043,84,84,0
1814,1043,10,10,0
1809,1044,4,4,0
1810,1044,21,21,0
1811,1044,69,69,0
1812,1044,68,68,0
1813,1044,52,52,0
1814,1044,8,8,0
1808,1045,1,1,0
1809,1045,1,1,0
1810,1046,7,7,0
1811,1046,10,10,0
1812,1046,13,13,0
1813,1046,9,9,0
1808,1047,10,10,0
1812,1047,1,1,0
1814,1047,1,1,0
1815,1047,2,2,0
1808,1048,10,10,0
1811,1048,24,24,0
1812,1048,38,38,0
1813,1048,22,22,0
1814,1048,4,4,0
1815,1048,2,2,0
1810,1049,19,19,0
1811,1049,57,57,0
1812,1049,93,93,0
1813,1049,91,91,0
1814,1049,44,44,0
1809,1050,3,3,0
1810,1050,7,7,0
1811,1050,28,28,0
1812,1050,77,77,0
1813,1050,106,106,0
1814,1050,61,61,0
1808,1051,3,3,0
1809,1051,4,4,0
1812,1051,22,22,0
1813,1051,57,57,0
1814,1051,38,38,0
1808,1052,1,1,0
1809,1052,6,6,0
1810,1052,7,7,0
1811,1052,3,3,0
1812,1052,6,6,0
1813,1052,13,13,0
1814,1052,8,8,0
1809,1053,1,1,0
1810,1053,6,6,0
1811,1053,6,6,0
1815,1053,6,6,0
1813,1054,1,1,0
1814,1054,3,3,0
1815,1054,6,6,0
1808,1055,1,1,0
1811,1055,13,13,0
1812,1055,35,35,0
1813,1055,43,43,0
1814,1055,22,22,0
1808,1056,6,6,0
1811,1056,51,51,0
1812,1056,75,75,0
1813,1056,83,83,0
1814,1056,88,88,0
1815,1056,21,21,0
1808,1057,1,1,0
1811,1057,43,43,0
1812,1057,72,72,0
1813,1057,90,90,0
1814,1057,101,101,0
1815,1057,47,47,0
1808,1058,3,3,0
1811,1058,16,16,0
1812,1058,32,32,0
1813,1058,44,44,0
1814,1058,52,52,0
1815,1058,15,15,0
1808,1059,3,3,0
1809,1059,2,2,0
1813,1059,3,3,0
1814,1059,5,5,0
1809,1060,2,2,0
1810,1060,7,7,0
1812,1060,1,1,0
1813,1060,7,7,0
1814,1060,2,2,0
1815,1060,6,6,0
1810,1061,4,4,0
1813,1061,7,7,0
1808,1062,2,2,0
1812,1062,25,25,0
1813,1062,47,47,0
1814,1062,10,10,0
1815,1062,17,17,0
1808,1063,6,6,0
1810,1063,1,1,0
1811,1063,12,12,0
1812,1063,86,86,0
1813,1063,133,133,0
1814,1063,99,99,0
1815,1063,107,107,0
1808,1064,2,2,0
1811,1064,4,4,0
1812,1064,105,105,0
1813,1064,181,181,0
1814,1064,140,140,0
1815,1064,120,120,0
1816,1064,5,5,0
1817,1064,4,4,0
1818,1064,2,2,0
1808,1065,7,7,0
1809,1065,10,10,0
1810,1065,8,8,0
1811,1065,6,6,0
1812,1065,86,86,0
1813,1065,159,159,0
1814,1065,128,128,0
1815,1065,106,106,0
1816,1065,4,4,0
1817,1065,3,3,0
1818,1065,1,1,0
1809,1066,2,2,0
1812,1066,18,18,0
1813,1066,67,67,0
1814,1066,45,45,0
1815,1066,24,24,0
1816,1066,1,1,0
1817,1066,1,1,0
1823,1066,1,1,0
1808,1067,1,1,0
1809,1067,8,8,0
1810,1067,4,4,0
1813,1067,9,9,0
1822,1067,2,2,0
1823,1067,3,3,0
1808,1068,5,5,0
1809,1068,3,3,0
1810,1068,4,4,0
1811,1068,12,12,0
1812,1068,5,5,0
1814,1068,3,3,0
1815,1068,2,2,0
1822,1068,2,2,0
1823,1068,3,3,0
1811,1069,9,9,0
1814,1069,8,8,0
1816,1069,1,1,0
1817,1069,1,1,0
1823,1069,1,1,0
1808,1070,4,4,0
1809,1070,6,6,0
1811,1070,8,8,0
1812,1070,3,3,0
1813,1070,16,16,0
1814,1070,47,47,0
1815,1070,12,12,0
1816,1070,4,4,0
1817,1070,3,3,0
1818,1070,1,1,0
1809,1071,6,6,0
1812,1071,3,3,0
1813,1071,45,45,0
1814,1071,87,87,0
1815,1071,32,32,0
1816,1071,5,5,0
1817,1071,4,4,0
1818,1071,2,2,0
1809,1072,6,6,0
1810,1072,5,5,0
1813,1072,22,22,0
1814,1072,27,27,0
1815,1072,16,16,0
1816,1072,2,2,0
1817,1072,1,1,0
1821,1072,2,2,0
1808,1073,1,1,0
1809,1073,7,7,0
1810,1073,5,5,0
1813,1073,5,5,0
1814,1073,5,5,0
1816,1073,2,2,0
1817,1073,2,2,0
1818,1073,2,2,0
1819,1073,1,1,0
1820,1073,1,1,0
1821,1073,1,1,0
1809,1074,1,1,0
1810,1074,3,3,0
1811,1074,3,3,0
1812,1074,3,3,0
1813,1074,3,3,0
1814,1074,1,1,0
1817,1074,2,2,0
1818,1074,4,4,0
1819,1074,5,5,0
1820,1074,2,2,0
1811,1075,6,6,0
1812,1075,6,6,0
1815,1075,5,5,0
1818,1075,1,1,0
1819,1075,4,4,0
1820,1075,2,2,0
1823,1075,4,4,0
1808,1076,1,1,0
1815,1076,3,3,0
1819,1076,2,2,0
1820,1076,1,1,0
1823,1076,6,6,0
1813,1077,9,9,0
1814,1077,25,25,0
1815,1077,37,37,0
1816,1077,12,12,0
1820,1077,1,1,0
1823,1077,5,5,0
1809,1078,3,3,0
1810,1078,3,3,0
1812,1078,6,6,0
1813,1078,37,37,0
1814,1078,67,67,0
1815,1078,80,80,0
1816,1078,31,31,0
1817,1078,9,9,0
1820,1078,3,3,0
1823,1078,1,1,0
1809,1079,12,12,0
1810,1079,7,7,0
1812,1079,1,1,0
1813,1079,41,41,0
1814,1079,76,76,0
1815,1079,87,87,0
1816,1079,46,46,0
1817,1079,18,18,0
1819,1079,1,1,0
1820,1079,5,5,0
1809,1080,3,3,0
1810,1080,5,5,0
1811,1080,2,2,0
1812,1080,3,3,0
1813,1080,11,11,0
1814,1080,22,22,0
1815,1080,29,29,0
1819,1080,1,1,0
1820,1080,4,4,0
1821,1080,6,6,0
1822,1080,2,2,0
1808,1081,2,2,0
1814,1081,1,1,0
1816,1081,4,4,0
1817,1081,5,5,0
1818,1081,4,4,0
1822,1081,2,2,0
1823,1081,5,5,0
1812,1082,1,1,0
1813,1082,2,2,0
1817,1082,3,3,0
1818,1082,6,6,0
1819,1082,3,3,0
1823,1082,7,7,0
1808,1083,2,2,0
1811,1083,1,1,0
1814,1083,3,3,0
1815,1083,10,10,0
1819,1083,5,5,0
1820,1083,4,4,0
1808,1084,4,4,0
1809,1084,4,4,0
1810,1084,5,5,0
1811,1084,2,2,0
1814,1084,3,3,0
1815,1084,25,25,0
1816,1084,16,16,0
1817,1084,3,3,0
1819,1084,1,1,0
1820,1084,6,6,0
1821,1084,2,2,0
1810,1085,4,4,0
1811,1085,4,4,0
1814,1085,25,25,0
1815,1085,60,60,0
1816,1085,45,45,0
1817,1085,18,18,0
1820,1085,1,1,0
1821,1085,1,1,0
1822,1085,1,1,0
1823,1085,6,6,0
1811,1086,5,5,0
1812,1086,3,3,0
1813,1086,7,7,0
1814,1086,38,38,0
1815,1086,75,75,0
1816,1086,40,40,0
1817,1086,15,15,0
1820,1086,1,1,0
1823,1086,9,9,0
1808,1087,10,10,0
1809,1087,1,1,0
1811,1087,1,1,0
1814,1087,19,19,0
1815,1087,49,49,0
1816,1087,14,14,0
1819,1087,6,6,0
1820,1087,5,5,0
1823,1087,4,4,0
1809,1088,3,3,0
1810,1088,4,4,0
1815,1088,4,4,0
1816,1088,3,3,0
1819,1088,5,5,0
1820,1088,4,4,0
1823,1088,1,1,0
1810,1089,1,1,0
1811,1089,1,1,0
1812,1089,2,2,0
1813,1089,2,2,0
1817,1089,6,6,0
1818,1089,7,7,0
1819,1089,1,1,0
1822,1089,2,2,0
1823,1089,2,2,0
1811,1090,2,2,0
1812,1090,5,5,0
1813,1090,4,4,0
1817,1090,4,4,0
1818,1090,6,6,0
1821,1090,6,6,0
1822,1090,7,7,0
1808,1091,2,2,0
1814,1091,1,1,0
1815,1091,6,6,0
1816,1091,1,1,0
1821,1091,6,6,0
1822,1091,2,2,0
1808,1092,3,3,0
1814,1092,15,15,0
1815,1092,37,37,0
1816,1092,57,57,0
1817,1092,19,19,0
1820,1092,3,3,0
1808,1093,2,2,0
1810,1093,1,1,0
1811,1093,3,3,0
1813,1093,1,1,0
1814,1093,27,27,0
1815,1093,58,58,0
1816,1093,101,101,0
1817,1093,43,43,0
1820,1093,3,3,0
1823,1093,7,7,0
1808,1094,1,1,0
1811,1094,5,5,0
1812,1094,2,2,0
1814,1094,17,17,0
1815,1094,42,42,0
1816,1094,66,66,0
1817,1094,29,29,0
1820,1094,3,3,0
1823,1094,5,5,0
1808,1095,1,1,0
1811,1095,4,4,0
1812,1095,2,2,0
1815,1095,13,13,0
1820,1095,5,5,0
1821,1095,6,6,0
1822,1095,2,2,0
1810,1096,1,1,0
1811,1096,1,1,0
1814,1096,1,1,0
1815,1096,4,4,0
1818,1096,1,1,0
1810,1097,1,1,0
1811,1097,2,2,0
1817,1097,1,1,0
1818,1097,2,2,0
1819,1097,3,3,0
1820,1097,4,4,0
1821,1097,3,3,0
1822,1097,2,2,0
1823,1097,1,1,0
1810,1098,2,2,0
1811,1098,2,2,0
1815,1098,1,1,0
1816,1098,7,7,0
1817,1098,3,3,0
1820,1098,2,2,0
1821,1098,3,3,0
1813,1099,2,2,0
1814,1099,6,6,0
1815,1099,10,10,0
1816,1099,39,39,0
1817,1099,25,25,0
1818,1099,7,7,0
1808,1100,2,2,0
1809,1100,1,1,0
1813,1100,4,4,0
1814,1100,14,14,0
1815,1100,21,21,0
1816,1100,77,77,0
1817,1100,55,55,0
1818,1100,25,25,0
1819,1100,6,6,0
1821,1100,1,1,0
1822,1100,3,3,0
1823,1100,3,3,0
1808,1101,3,3,0
1809,1101,1,1,0
1813,1101,4,4,0
1814,1101,15,15,0
1815,1101,23,23,0
1816,1101,73,73,0
1817,1101,53,53,0
1818,1101,26,26,0
1819,1101,4,4,0
1822,1101,1,1,0
1823,1101,3,3,0
1813,1102,1,1,0
1814,1102,7,7,0
1815,1102,12,12,0
1816,1102,31,31,0
1817,1102,23,23,0
1818,1102,10,10,0
1823,1102,1,1,0
1810,1103,1,1,0
1811,1103,1,1,0
1815,1103,1,1,0
1818,1103,3,3,0
1819,1103,3,3,0
1820,1103,1,1,0
1821,1103,1,1,0
1822,1103,3,3,0
1823,1103,5,5,0
1808,1104,6,6,0
1811,1104,3,3,0
1812,1104,5,5,0
1813,1104,1,1,0
1815,1104,2,2,0
1816,1104,2,2,0
1817,1104,4,4,0
1820,1104,4,4,0
1823,1104,4,4,0
1808,1105,4,4,0
1815,1105,1,1,0
1817,1105,4,4,0
1820,1105,5,5,0
1821,1105,2,2,0
1823,1105,2,2,0
1808,1106,1,1,0
1811,1106,1,1,0
1814,1106,1,1,0
1815,1106,11,11,0
1816,1106,25,25,0
1817,1106,35,35,0
1818,1106,19,19,0
1821,1106,4,4,0
1810,1107,1,1,0
1811,1107,4,4,0
1812,1107,1,1,0
1814,1107,12,12,0
1815,1107,27,27,0
1816,1107,77,77,0
1817,1107,80,80,0
1818,1107,46,46,0
1819,1107,1,1,0
1810,1108,1,1,0
1811,1108,4,4,0
1812,1108,1,1,0
1814,1108,12,12,0
1815,1108,27,27,0
1816,1108,77,77,0
1817,1108,80,80,0
1818,1108,46,46,0
1819,1108,1,1,0
1808,1109,1,1,0
1811,1109,1,1,0
1814,1109,1,1,0
1815,1109,11,11,0
1816,1109,25,25,0
1817,1109,35,35,0
1818,1109,19,19,0
1821,1109,4,4,0
1808,1110,4,4,0
1815,1110,1,1,0
1817,1110,4,4,0
1820,1110,5,5,0
1821,1110,2,2,0
1823,1110,2,2,0
1808,1111,6,6,0
1811,1111,3,3,0
1812,1111,5,5,0
1813,1111,1,1,0
1815,1111,2,2,0
1816,1111,2,2,0
1817,1111,4,4,0
1820,1111,4,4,0
1823,1111,4,4,0
1814,1112,2,2,0
1815,1112,3,3,0
1816,1112,7,7,0
1819,1112,3,3,0
1820,1112,4,4,0
1823,1112,3,3,0
1814,1113,2,2,0
1815,1113,2,2,0
1816,1113,9,9,0
1817,1113,19,19,0
1818,1113,18,18,0
1819,1113,1,1,0
1822,1113,5,5,0
1823,1113,5,5,0
1814,1114,2,2,0
1815,1114,2,2,0
1816,1114,43,43,0
1817,1114,70,70,0
1818,1114,63,63,0
1819,1114,16,16,0
1821,1114,1,1,0
1822,1114,9,9,0
1814,1115,2,2,0
1815,1115,2,2,0
1816,1115,56,56,0
1817,1115,80,80,0
1818,1115,71,71,0
1819,1115,24,24,0
1821,1115,1,1,0
1822,1115,6,6,0
1814,1116,2,2,0
1815,1116,2,2,0
1816,1116,20,20,0
1817,1116,26,26,0
1818,1116,23,23,0
1819,1116,9,9,0
1822,1116,2,2,0
1823,1116,1,1,0
1814,1117,2,2,0
1815,1117,2,2,0
1820,1117,3,3,0
1823,1117,3,3,0
1814,1118,2,2,0
1815,1118,2,2,0
1816,1118,7,7,0
1819,1118,3,3,0
1820,1118,4,4,0
1814,1119,2,2,0
1815,1119,2,2,0
1816,1119,7,7,0
1817,1119,6,6,0
1818,1119,4,4,0
1819,1119,3,3,0
1820,1119,1,1,0
1823,1119,2,2,0
1817,1120,11,11,0
1818,1120,4,4,0
1821,1120,8,8,0
1822,1120,2,2,0
1816,1121,26,26,0
1817,1121,46,46,0
1818,1121,39,39,0
1819,1121,15,15,0
1820,1121,8,8,0
1821,1121,4,4,0
1816,1122,38,38,0
1817,1122,62,62,0
1818,1122,57,57,0
1819,1122,29,29,0
1820,1122,11,11,0
1823,1122,1,1,0
1816,1123,14,14,0
1817,1123,37,37,0
1818,1123,36,36,0
1819,1123,16,16,0
1820,1123,4,4,0
1823,1123,6,6,0
1817,1124,9,9,0
1818,1124,7,7,0
1820,1124,1,1,0
1823,1124,6,6,0
1817,1125,5,5,0
1820,1125,5,5,0
1821,1125,4,4,0
1823,1125,2,2,0
1816,1126,1,1,0
1817,1126,6,6,0
1820,1126,7,7,0
1821,1126,3,3,0
1823,1126,2,2,0
1817,1127,1,1,0
1820,1127,4,4,0
1823,1127,6,6,0
1817,1128,19,19,0
1818,1128,31,31,0
1819,1128,15,15,0
1822,1128,2,2,0
1816,1129,20,20,0
1817,1129,45,45,0
1818,1129,55,55,0
1819,1129,35,35,0
1820,1129,10,10,0
1821,1129,2,2,0
1822,1129,2,2,0
1823,1129,1,1,0
1816,1130,6,6,0
1817,1130,28,28,0
1818,1130,39,39,0
1819,1130,23,23,0
1820,1130,3,3,0
1822,1130,1,1,0
1823,1130,2,2,0
1817,1131,2,2,0
1818,1131,8,8,0
1822,1131,2,2,0
1823,1131,2,2,0
1816,1132,11,11,0
1817,1132,9,9,0
1818,1132,4,4,0
1821,1132,5,5,0
1822,1132,4,4,0
1816,1133,9,9,0
1817,1133,4,4,0
1820,1133,2,2,0
1821,1133,5,5,0
1822,1133,2,2,0
1819,1134,4,4,0
1820,1134,4,4,0
1821,1134,2,2,0
1817,1135,11,11,0
1818,1135,25,25,0
1819,1135,28,28,0
1820,1135,17,17,0
1821,1135,4,4,0
1823,1135,2,2,0
1817,1136,27,27,0
1818,1136,75,75,0
1819,1136,79,79,0
1820,1136,35,35,0
1821,1136,3,3,0
1822,1136,1,1,0
1816,1137,8,8,0
1817,1137,35,35,0
1818,1137,73,73,0
1819,1137,72,72,0
1820,1137,29,29,0
1817,1138,9,9,0
1818,1138,35,35,0
1819,1138,36,36,0
1820,1138,6,6,0
1818,1139,1,1,0
1819,1139,4,4,0
1822,1139,3,3,0
1816,1140,20,20,0
1817,1140,3,3,0
1821,1140,3,3,0
1822,1140,9,9,0
1816,1141,8,8,0
1819,1141,1,1,0
1822,1141,5,5,0
1818,1142,18,18,0
1819,1142,23,23,0
1820,1142,3,3,0
1822,1142,1,1,0
1816,1143,5,5,0
1817,1143,29,29,0
1818,1143,65,65,0
1819,1143,65,65,0
1820,1143,26,26,0
1821,1143,2,2,0
1822,1143,3,3,0
1823,1143,2,2,0
1816,1144,3,3,0
1817,1144,28,28,0
1818,1144,66,66,0
1819,1144,84,84,0
1820,1144,57,57,0
1821,1144,12,12,0
1823,1144,6,6,0
1817,1145,6,6,0
1818,1145,24,24,0
1819,1145,34,34,0
1820,1145,21,21,0
1823,1145,3,3,0
1819,1146,2,2,0
1820,1146,1,1,0
1823,1146,3,3,0
1816,1147,6,6,0
1817,1147,5,5,0
1818,1147,2,2,0
1820,1147,2,2,0
1821,1147,4,4,0
1822,1147,3,3,0
1816,1148,2,2,0
1817,1148,2,2,0
1818,1148,4,4,0
1819,1148,3,3,0
1820,1148,1,1,0
1818,1149,6,6,0
1819,1149,17,17,0
1820,1149,14,14,0
1821,1149,1,1,0
1823,1149,8,8,0
1816,1150,3,3,0
1818,1150,20,20,0
1819,1150,52,52,0
1820,1150,53,53,0
1821,1150,22,22,0
1822,1150,4,4,0
1823,1150,10,10,0
1816,1151,2,2,0
1818,1151,32,32,0
1819,1151,83,83,0
1820,1151,86,86,0
1821,1151,38,38,0
1816,1152,4,4,0
1818,1152,7,7,0
1819,1152,26,26,0
1820,1152,26,26,0
1821,1152,7,7,0
1823,1152,4,4,0
1818,1153,2,2,0
1819,1153,14,14,0
1820,1153,14,14,0
1821,1153,1,1,0
1816,1154,2,2,0
1819,1154,1,1,0
1820,1154,1,1,0
1823,1154,2,2,0
1816,1155,6,6,0
1817,1155,4,4,0
1822,1155,6,6,0
1823,1155,8,8,0
1818,1156,5,5,0
1819,1156,9,9,0
1820,1156,10,10,0
1821,1156,7,7,0
1822,1156,3,3,0
1823,1156,1,1,0
1817,1157,1,1,0
1818,1157,23,23,0
1819,1157,48,48,0
1820,1157,49,49,0
1821,1157,26,26,0
1822,1157,5,5,0
1817,1158,1,1,0
1818,1158,29,29,0
1819,1158,67,67,0
1820,1158,68,68,0
1821,1158,32,32,0
1822,1158,6,6,0
1823,1158,5,5,0
1816,1159,3,3,0
1818,1159,14,14,0
1819,1159,55,55,0
1820,1159,56,56,0
1821,1159,18,18,0
1823,1159,8,8,0
1816,1160,3,3,0
1817,1160,1,1,0
1821,1160,2,2,0
1822,1160,2,2,0
1823,1160,1,1,0
1817,1161,1,1,0
1818,1161,5,5,0
1821,1161,2,2,0
1822,1161,4,4,0
1817,1162,2,2,0
1818,1162,6,6,0
1822,1162,3,3,0
1816,1163,4,4,0
1818,1163,2,2,0
1819,1163,9,9,0
1820,1163,8,8,0
1823,1163,3,3,0
1816,1164,12,12,0
1818,1164,1,1,0
1819,1164,38,38,0
1820,1164,48,48,0
1821,1164,20,20,0
1822,1164,1,1,0
1823,1164,5,5,0
1816,1165,4,4,0
1818,1165,4,4,0
1819,1165,55,55,0
1820,1165,74,74,0
1821,1165,41,41,0
1822,1165,9,9,0
1823,1165,4,4,0
1818,1166,4,4,0
1819,1166,33,33,0
1820,1166,49,49,0
1821,1166,36,36,0
1822,1166,12,12,0
1817,1167,3,3,0
1820,1167,4,4,0
1821,1167,16,16,0
1822,1167,9,9,0
1817,1168,1,1,0
1820,1168,9,9,0
1821,1168,7,7,0
1823,1168,3,3,0
1816,1169,3,3,0
1817,1169,9,9,0
1818,1169,2,2,0
1820,1169,5,5,0
1821,1169,2,2,0
1823,1169,2,2,0
1817,1170,4,4,0
1820,1170,12,12,0
1821,1170,9,9,0
1819,1171,14,14,0
1820,1171,50,50,0
1821,1171,51,51,0
1822,1171,20,20,0
1823,1171,1,1,0
1816,1172,2,2,0
1819,1172,39,39,0
1820,1172,95,95,0
1821,1172,98,98,0
1822,1172,48,48,0
1823,1172,7,7,0
1816,1173,5,5,0
1817,1173,1,1,0
1818,1173,1,1,0
1819,1173,38,38,0
1820,1173,92,92,0
1821,1173,93,93,0
1822,1173,41,41,0
1819,1174,13,13,0
1820,1174,44,44,0
1821,1174,41,41,0
1822,1174,12,12,0
1817,1175,4,4,0
1820,1175,3,3,0
1823,1175,3,3,0
1818,1176,1,1,0
1819,1176,7,7,0
1820,1176,3,3,0
1823,1176,6,6,0
1816,1177,9,9,0
1817,1177,6,6,0
1818,1177,1,1,0
1820,1177,1,1,0
1821,1177,2,2,0
1816,1178,5,5,0
1817,1178,3,3,0
1820,1178,14,14,0
1821,1178,27,27,0
1822,1178,14,14,0
1818,1179,1,1,0
1819,1179,13,13,0
1820,1179,44,44,0
1821,1179,64,64,0
1822,1179,40,40,0
1817,1180,2,2,0
1818,1180,7,7,0
1819,1180,20,20,0
1820,1180,52,52,0
1821,1180,74,74,0
1822,1180,51,51,0
1823,1180,10,10,0
1816,1181,4,4,0
1817,1181,4,4,0
1819,1181,4,4,0
1820,1181,22,22,0
1821,1181,37,37,0
1822,1181,26,26,0
1823,1181,3,3,0
1816,1182,2,2,0
1821,1182,1,1,0
1818,1183,5,5,0
1819,1183,10,10,0
1820,1183,5,5,0
1823,1183,8,8,0
1817,1184,1,1,0
1818,1184,1,1,0
1820,1184,4,4,0
1821,1184,10,10,0
1822,1184,5,5,0
1816,1185,3,3,0
1817,1185,3,3,0
1820,1185,16,16,0
1821,1185,33,33,0
1822,1185,23,23,0
1817,1186,1,1,0
1819,1186,4,4,0
1820,1186,43,43,0
1821,1186,81,81,0
1822,1186,71,71,0
1823,1186,36,36,0
1817,1187,2,2,0
1819,1187,5,5,0
1820,1187,48,48,0
1821,1187,93,93,0
1822,1187,87,87,0
1823,1187,50,50,0
1816,1188,2,2,0
1817,1188,8,8,0
1818,1188,2,2,0
1820,1188,19,19,0
1821,1188,48,48,0
1822,1188,41,41,0
1823,1188,12,12,0
1816,1189,1,1,0
1817,1189,6,6,0
1818,1189,2,2,0
1821,1189,8,8,0
1822,1189,4,4,0
1823,1190,2,2,0
1816,1191,3,3,0
1819,1191,2,2,0
1820,1191,1,1,0
1823,1191,5,5,0
1816,1192,1,1,0
1818,1192,5,5,0
1820,1192,1,1,0
1821,1192,32,32,0
1822,1192,16,16,0
1823,1192,2,2,0
1816,1193,1,1,0
1818,1193,4,4,0
1820,1193,28,28,0
1821,1193,68,68,0
1822,1193,52,52,0
1823,1193,35,35,0
1816,1194,3,3,0
1818,1194,2,2,0
1819,1194,5,5,0
1820,1194,43,43,0
1821,1194,85,85,0
1822,1194,67,67,0
1823,1194,46,46,0
1816,1195,3,3,0
1818,1195,1,1,0
1820,1195,27,27,0
1821,1195,59,59,0
1822,1195,37,37,0
1823,1195,19,19,0
1818,1196,4,4,0
1820,1196,4,4,0
1821,1196,23,23,0
1822,1196,4,4,0
1818,1197,9,9,0
1821,1197,8,8,0
1818,1198,11,11,0
1821,1198,6,6,0
1823,1198,7,7,0
1816,1199,1,1,0
1818,1199,9,9,0
1821,1199,4,4,0
1823,1199,3,3,0
1817,1200,6,6,0
1820,1200,6,6,0
1821,1200,38,38,0
1822,1200,42,42,0
1823,1200,23,23,0
1824,1200,5,5,0
1825,1200,2,2,0
1828,1200,1,1,0
1829,1200,3,3,0
1830,1200,2,2,0
1817,1201,6,6,0
1818,1201,4,4,0
1820,1201,22,22,0
1821,1201,57,57,0
1822,1201,66,66,0
1823,1201,52,52,0
1824,1201,7,7,0
1825,1201,4,4,0
1826,1201,1,1,0
1828,1201,1,1,0
1829,1201,1,1,0
1817,1202,4,4,0
1820,1202,10,10,0
1821,1202,36,36,0
1822,1202,42,42,0
1823,1202,31,31,0
1824,1202,9,9,0
1825,1202,6,6,0
1826,1202,2,2,0
1817,1203,1,1,0
1821,1203,7,7,0
1822,1203,6,6,0
1824,1203,7,7,0
1825,1203,4,4,0
1826,1203,1,1,0
1828,1203,1,1,0
1829,1203,1,1,0
1817,1204,1,1,0
1818,1204,3,3,0
1819,1204,3,3,0
1820,1204,5,5,0
1821,1204,7,7,0
1822,1204,5,5,0
1823,1204,2,2,0
1824,1204,4,4,0
1825,1204,1,1,0
1828,1204,2,2,0
1829,1204,3,3,0
1830,1204,3,3,0
1831,1204,2,2,0
1818,1205,1,1,0
1819,1205,4,4,0
1820,1205,2,2,0
1822,1205,1,1,0
1823,1205,5,5,0
1824,1205,2,2,0
1828,1205,2,2,0
1829,1205,4,4,0
1830,1205,4,4,0
1831,1205,3,3,0
1816,1206,3,3,0
1823,1206,13,13,0
1824,1206,4,4,0
1825,1206,1,1,0
1828,1206,2,2,0
1829,1206,3,3,0
1830,1206,3,3,0
1831,1206,2,2,0
1816,1207,8,8,0
1817,1207,1,1,0
1819,1207,3,3,0
1820,1207,4,4,0
1821,1207,6,6,0
1822,1207,24,24,0
1823,1207,47,47,0
1824,1207,6,6,0
1825,1207,3,3,0
1828,1207,1,1,0
1829,1207,2,2,0
1830,1207,1,1,0
1817,1208,1,1,0
1820,1208,9,9,0
1821,1208,37,37,0
1822,1208,63,63,0
1823,1208,77,77,0
1824,1208,32,32,0
1825,1208,14,14,0
1820,1209,10,10,0
1821,1209,33,33,0
1822,1209,53,53,0
1823,1209,63,63,0
1824,1209,14,14,0
1825,1209,3,3,0
1831,1209,2,2,0
1817,1210,3,3,0
1818,1210,4,4,0
1820,1210,1,1,0
1821,1210,11,11,0
1822,1210,18,18,0
1823,1210,20,20,0
1824,1210,2,2,0
1831,1210,3,3,0
1817,1211,6,6,0
1818,1211,7,7,0
1819,1211,1,1,0
1824,1211,2,2,0
1826,1211,3,3,0
1827,1211,6,6,0
1828,1211,4,4,0
1831,1211,3,3,0
1817,1212,3,3,0
1818,1212,6,6,0
1819,1212,2,2,0
1821,1212,3,3,0
1822,1212,4,4,0
1824,1212,2,2,0
1826,1212,3,3,0
1827,1212,6,6,0
1828,1212,4,4,0
1831,1212,3,3,0
1817,1213,4,4,0
1818,1213,2,2,0
1822,1213,4,4,0
1823,1213,4,4,0
1824,1213,2,2,0
1831,1213,3,3,0
1816,1214,3,3,0
1817,1214,4,4,0
1821,1214,7,7,0
1822,1214,22,22,0
1823,1214,28,28,0
1824,1214,14,14,0
1825,1214,3,3,0
1831,1214,2,2,0
1820,1215,9,9,0
1821,1215,37,37,0
1822,1215,64,64,0
1823,1215,78,78,0
1824,1215,32,32,0
1825,1215,14,14,0
1817,1216,2,2,0
1820,1216,4,4,0
1821,1216,29,29,0
1822,1216,61,61,0
1823,1216,83,83,0
1824,1216,18,18,0
1825,1216,5,5,0
1827,1216,1,1,0
1828,1216,6,6,0
1829,1216,4,4,0
1816,1217,1,1,0
1817,1217,3,3,0
1818,1217,1,1,0
1821,1217,5,5,0
1822,1217,20,20,0
1823,1217,31,31,0
1824,1217,8,8,0
1828,1217,1,1,0
1818,1218,1,1,0
1819,1218,2,2,0
1823,1218,2,2,0
1824,1218,5,5,0
1827,1218,3,3,0
1828,1218,3,3,0
1831,1218,1,1,0
1819,1219,4,4,0
1820,1219,3,3,0
1824,1219,3,3,0
1825,1219,1,1,0
1826,1219,3,3,0
1827,1219,6,6,0
1828,1219,4,4,0
1831,1219,5,5,0
1816,1220,7,7,0
1817,1220,1,1,0
1823,1220,8,8,0
1827,1220,1,1,0
1816,1221,6,6,0
1819,1221,2,2,0
1821,1221,1,1,0
1822,1221,19,19,0
1823,1221,42,42,0
1824,1221,10,10,0
1825,1221,3,3,0
1827,1221,1,1,0
1831,1221,2,2,0
1819,1222,7,7,0
1820,1222,5,5,0
1821,1222,6,6,0
1822,1222,31,31,0
1823,1222,62,62,0
1824,1222,23,23,0
1825,1222,11,11,0
1826,1222,2,2,0
1827,1222,2,2,0
1828,1222,4,4,0
1829,1222,2,2,0
1830,1222,2,2,0
1831,1222,5,5,0
1818,1223,3,3,0
1819,1223,7,7,0
1822,1223,13,13,0
1823,1223,45,45,0
1824,1223,25,25,0
1825,1223,9,9,0
1817,1224,9,9,0
1818,1224,6,6,0
1822,1224,5,5,0
1823,1224,23,23,0
1824,1224,1,1,0
1825,1224,1,1,0
1826,1224,1,1,0
1827,1224,1,1,0
1828,1224,4,4,0
1829,1224,4,4,0
1817,1225,3,3,0
1820,1225,3,3,0
1821,1225,2,2,0
1823,1225,9,9,0
1824,1225,5,5,0
1825,1225,6,6,0
1826,1225,5,5,0
1827,1225,1,1,0
1830,1225,2,2,0
1831,1225,4,4,0
1816,1226,3,3,0
1817,1226,5,5,0
1820,1226,11,11,0
1821,1226,8,8,0
1825,1226,2,2,0
1826,1226,5,5,0
1827,1226,3,3,0
1830,1226,1,1,0
1831,1226,9,9,0
1816,1227,5,5,0
1817,1227,6,6,0
1820,1227,8,8,0
1821,1227,2,2,0
1823,1227,2,2,0
1827,1227,5,5,0
1828,1227,4,4,0
1831,1227,1,1,0
1823,1228,23,23,0
1824,1228,19,19,0
1825,1228,5,5,0
1827,1228,2,2,0
1828,1228,5,5,0
1829,1228,1,1,0
1817,1229,2,2,0
1818,1229,2,2,0
1819,1229,1,1,0
1820,1229,2,2,0
1822,1229,17,17,0
1823,1229,55,55,0
1824,1229,48,48,0
1825,1229,21,21,0
1831,1229,2,2,0
1817,1230,6,6,0
1818,1230,7,7,0
1819,1230,7,7,0
1820,1230,6,6,0
1822,1230,20,20,0
1823,1230,62,62,0
1824,1230,42,42,0
1825,1230,17,17,0
1831,1230,7,7,0
1817,1231,3,3,0
1818,1231,1,1,0
1822,1231,4,4,0
1823,1231,43,43,0
1824,1231,13,13,0
1827,1231,6,6,0
1828,1231,6,6,0
1831,1231,5,5,0
1817,1232,1,1,0
1818,1232,2,2,0
1823,1232,1,1,0
1824,1232,1,1,0
1825,1232,2,2,0
1826,1232,1,1,0
1816,1233,1,1,0
1817,1233,1,1,0
1820,1233,3,3,0
1821,1233,4,4,0
1822,1233,3,3,0
1825,1233,3,3,0
1826,1233,6,6,0
1827,1233,5,5,0
1828,1233,3,3,0
1829,1233,1,1,0
1816,1234,7,7,0
1820,1234,6,6,0
1821,1234,7,7,0
1822,1234,3,3,0
1825,1234,2,2,0
1826,1234,5,5,0
1827,1234,6,6,0
1828,1234,4,4,0
1829,1234,1,1,0
1816,1235,7,7,0
1820,1235,1,1,0
1822,1235,2,2,0
1823,1235,6,6,0
1824,1235,18,18,0
1825,1235,7,7,0
1828,1235,2,2,0
1829,1235,2,2,0
1830,1235,1,1,0
1831,1235,2,2,0
1816,1236,2,2,0
1819,1236,1,1,0
1822,1236,11,11,0
1823,1236,29,29,0
1824,1236,50,50,0
1825,1236,22,22,0
1828,1236,1,1,0
1829,1236,3,3,0
1830,1236,1,1,0
1819,1237,5,5,0
1820,1237,2,2,0
1821,1237,1,1,0
1822,1237,21,21,0
1823,1237,46,46,0
1824,1237,66,66,0
1825,1237,32,32,0
1826,1237,2,2,0
1828,1237,4,4,0
1829,1237,2,2,0
1819,1238,7,7,0
1820,1238,5,5,0
1822,1238,12,12,0
1823,1238,33,33,0
1824,1238,39,39,0
1825,1238,16,16,0
1826,1238,1,1,0
1827,1238,3,3,0
1828,1238,5,5,0
1831,1238,2,2,0
1816,1239,5,5,0
1819,1239,5,5,0
1820,1239,4,4,0
1823,1239,8,8,0
1827,1239,4,4,0
1828,1239,4,4,0
1831,1239,6,6,0
1816,1240,4,4,0
1817,1240,3,3,0
1818,1240,2,2,0
1819,1240,1,1,0
1822,1240,1,1,0
1823,1240,1,1,0
1824,1240,1,1,0
1831,1240,1,1,0
1816,1241,2,2,0
1817,1241,2,2,0
1818,1241,1,1,0
1821,1241,1,1,0
1822,1241,2,2,0
1823,1241,3,3,0
1824,1241,3,3,0
1825,1241,2,2,0
1826,1241,1,1,0
1820,1242,1,1,0
1821,1242,2,2,0
1822,1242,4,4,0
1823,1242,5,5,0
1824,1242,7,7,0
1825,1242,6,6,0
1826,1242,4,4,0
1827,1242,2,2,0
1820,1243,1,1,0
1821,1243,3,3,0
1822,1243,5,5,0
1823,1243,6,6,0
1824,1243,9,9,0
1825,1243,8,8,0
1826,1243,6,6,0
1827,1243,3,3,0
1828,1243,1,1,0
1820,1244,1,1,0
1821,1244,3,3,0
1822,1244,5,5,0
1823,1244,6,6,0
1824,1244,9,9,0
1825,1244,8,8,0
1826,1244,6,6,0
1827,1244,3,3,0
1828,1244,1,1,0
1820,1245,1,1,0
1821,1245,2,2,0
1822,1245,4,4,0
1823,1245,5,5,0
1824,1245,7,7,0
1825,1245,6,6,0
1826,1245,4,4,0
1827,1245,2,2,0
1816,1246,2,2,0
1817,1246,2,2,0
1818,1246,1,1,0
1821,1246,1,1,0
1822,1246,2,2,0
1823,1246,3,3,0
1824,1246,3,3,0
1825,1246,2,2,0
1826,1246,1,1,0
1816,1247,4,4,0
1817,1247,3,3,0
1818,1247,2,2,0
1819,1247,1,1,0
1822,1247,1,1,0
1823,1247,1,1,0
1824,1247,1,1,0
1831,1247,1,1,0
1816,1248,2,2,0
1817,1248,2,2,0
1818,1248,3,3,0
1819,1248,3,3,0
1820,1248,2,2,0
1821,1248,1,1,0
1824,1248,1,1,0
1825,1248,4,4,0
1826,1248,6,6,0
1827,1248,5,5,0
1828,1248,2,2,0
1831,1248,1,1,0
1816,1249,1,1,0
1817,1249,1,1,0
1818,1249,1,1,0
1819,1249,1,1,0
1820,1249,1,1,0
1821,1249,2,2,0
1822,1249,2,2,0
1823,1249,2,2,0
1824,1249,5,5,0
1825,1249,2,2,0
1816,1250,1,1,0
1821,1250,2,2,0
1822,1250,4,4,0
1823,1250,6,6,0
1824,1250,27,27,0
1825,1250,16,16,0
1826,1250,3,3,0
1829,1250,1,1,0
1830,1250,4,4,0
1831,1250,5,5,0
1816,1251,1,1,0
1821,1251,2,2,0
1822,1251,6,6,0
1823,1251,9,9,0
1824,1251,42,42,0
1825,1251,27,27,0
1826,1251,10,10,0
1827,1251,1,1,0
1828,1251,2,2,0
1829,1251,6,6,0
1830,1251,6,6,0
1831,1251,3,3,0
1816,1252,1,1,0
1821,1252,2,2,0
1822,1252,6,6,0
1823,1252,9,9,0
1824,1252,26,26,0
1825,1252,14,14,0
1826,1252,2,2,0
1829,1252,2,2,0
1816,1253,1,1,0
1821,1253,2,2,0
1822,1253,4,4,0
1823,1253,6,6,0
1824,1253,4,4,0
1829,1253,2,2,0
1816,1254,1,1,0
1817,1254,1,1,0
1818,1254,1,1,0
1819,1254,1,1,0
1820,1254,1,1,0
1821,1254,2,2,0
1822,1254,2,2,0
1823,1254,2,2,0
1826,1254,1,1,0
1827,1254,2,2,0
1828,1254,3,3,0
1829,1254,3,3,0
1830,1254,2,2,0
1831,1254,1,1,0
1816,1255,2,2,0
1817,1255,2,2,0
1818,1255,3,3,0
1819,1255,3,3,0
1820,1255,2,2,0
1821,1255,1,1,0
1825,1255,2,2,0
1826,1255,4,4,0
1827,1255,3,3,0
1822,1256,2,2,0
1823,1256,3,3,0
1826,1256,2,2,0
1829,1256,5,5,0
1830,1256,4,4,0
1822,1257,2,2,0
1823,1257,2,2,0
1824,1257,16,16,0
1825,1257,18,18,0
1826,1257,14,14,0
1827,1257,5,5,0
1828,1257,2,2,0
1829,1257,4,4,0
1830,1257,3,3,0
1822,1258,2,2,0
1823,1258,2,2,0
1824,1258,26,26,0
1825,1258,26,26,0
1826,1258,18,18,0
1827,1258,6,6,0
1829,1258,2,2,0
1830,1258,2,2,0
1822,1259,2,2,0
1823,1259,2,2,0
1824,1259,12,12,0
1825,1259,13,13,0
1826,1259,9,9,0
1829,1259,1,1,0
1830,1259,1,1,0
1822,1260,2,2,0
1823,1260,2,2,0
1826,1260,1,1,0
1829,1260,1,1,0
1822,1261,2,2,0
1823,1261,2,2,0
1825,1261,1,1,0
1826,1261,2,2,0
1829,1261,3,3,0
1830,1261,1,1,0
1822,1262,2,2,0
1823,1262,2,2,0
1824,1262,1,1,0
1825,1262,5,5,0
1826,1262,4,4,0
1829,1262,3,3,0
1830,1262,3,3,0
1822,1263,2,2,0
1823,1263,2,2,0
1824,1263,3,3,0
1825,1263,6,6,0
1826,1263,2,2,0
1829,1263,3,3,0
1830,1263,6,6,0
1831,1263,4,4,0
1824,1264,6,6,0
1825,1264,5,5,0
1826,1264,4,4,0
1827,1264,3,3,0
1828,1264,2,2,0
1829,1264,1,1,0
1824,1265,5,5,0
1825,1265,5,5,0
1826,1265,4,4,0
1827,1265,3,3,0
1828,1265,2,2,0
1829,1265,1,1,0
1824,1266,4,4,0
1825,1266,4,4,0
1826,1266,3,3,0
1827,1266,3,3,0
1828,1266,2,2,0
1829,1266,1,1,0
1824,1267,3,3,0
1825,1267,3,3,0
1826,1267,3,3,0
1827,1267,2,2,0
1828,1267,1,1,0
1829,1267,1,1,0
1824,1268,2,2,0
1825,1268,2,2,0
1826,1268,2,2,0
1827,1268,1,1,0
1828,1268,1,1,0
1829,1268,1,1,0
1830,1268,1,1,0
1824,1269,1,1,0
1825,1269,1,1,0
1826,1269,1,1,0
1827,1269,1,1,0
1828,1269,1,1,0
1829,1269,1,1,0
1830,1269,1,1,0
1831,1269,1,1,0
1828,1270,1,1,0
1829,1270,1,1,0
1830,1270,1,1,0
1831,1270,1,1,0
1829,1271,1,1,0
1830,1271,1,1,0
1831,1271,1,1,0
2733,1728,1,1,0
2734,1728,2,2,0
2735,1728,2,2,0
2733,1729,1,1,0
2734,1729,1,1,0
2735,1729,2,2,0
2733,1730,1,1,0
2733,1739,1,3,2
2734,1739,1,1,0
2733,1740,1,3,2
2722,1741,1,1,0
2732,1741,1,3,2
2733,1741,1,2,1
2734,1741,1,1,0
2720,1742,2,2,0
2721,1742,1,1,0
2722,1742,1,1,0
2730,1742,1,3,2
2731,1742,1,2,1
2732,1742,1,1,0
2733,1742,1,1,0
2734,1742,1,1,0
2735,1742,2,2,0
2720,1743,2,2,0
2721,1743,2,2,0
2722,1743,1,1,0
2734,1743,2,2,0
