X,Y,Subtracted,Original 1,Original 2
1815,1263,1,1,0
1786,832,1,1,0
1789,832,1,5,4
1792,832,2,2,0
1799,832,5,5,0
1784,833,6,6,0
1785,833,1,1,0
1790,833,4,5,1
1791,833,7,7,0
1794,833,4,4,0
1795,833,9,9,0
1796,833,6,6,0
1784,834,1,2,1
1787,834,1,7,6
1799,834,2,2,0
1787,835,8,9,1
1788,835,2,2,0
1792,835,7,21,14
1793,835,2,7,5
1799,835,3,3,0
1784,836,9,10,1
1790,836,2,55,53
1791,836,5,112,107
1794,836,2,11,9
1797,836,1,1,0
1786,837,1,4,3
1797,837,1,1,0
1786,838,6,8,2
1787,838,10,10,0
1788,838,4,4,0
1792,838,7,22,15
1793,838,1,5,4
1798,838,2,2,0
1799,838,5,5,0
1784,839,4,6,2
1785,839,2,4,2
1795,839,4,5,1
1796,839,4,5,1
1785,840,7,9,2
1788,840,3,3,0
1792,840,9,12,3
1799,840,5,5,0
1785,841,3,5,2
1797,841,2,2,0
1788,842,3,3,0
1789,842,1,1,0
1791,842,5,48,43
1793,842,8,36,28
1794,842,9,9,0
1785,843,2,2,0
1786,843,1,6,5
1788,843,1,1,0
1791,843,1,106,105
1793,843,7,89,82
1794,843,16,19,3
1797,843,4,4,0
1798,843,4,4,0
1785,844,5,5,0
1794,844,8,14,6
1795,844,1,1,0
1788,845,5,9,4
1791,845,6,9,3
1795,845,10,11,1
1796,845,5,5,0
1799,845,5,5,0
1788,846,4,11,7
1789,846,2,8,6
1795,846,5,5,0
1799,846,7,13,6
1785,847,7,9,2
1791,847,1,9,8
1792,847,5,10,5
1796,847,3,5,2
1784,848,2,2,0
1788,848,1,1,0
1789,848,1,1,0
1793,848,6,9,3
1794,848,7,7,0
1797,848,1,1,0
1784,849,3,3,0
1789,849,2,2,0
1790,849,5,7,2
1791,849,6,10,4
1798,849,2,4,2
1799,849,7,7,0
1790,850,3,13,10
1791,850,7,23,16
1792,850,8,74,66
1795,850,3,6,3
1796,850,1,1,0
1799,850,4,4,0
1786,851,3,4,1
1790,851,1,12,11
1791,851,7,23,16
1792,851,17,76,59
1793,851,2,69,67
1785,852,1,2,1
1786,852,3,5,2
1787,852,1,2,1
1791,852,4,12,8
1792,852,10,21,11
1793,852,9,21,12
1794,852,1,2,1
1797,852,1,1,0
1786,853,1,4,3
1793,853,1,1,0
1797,853,3,3,0
1788,854,1,1,0
1793,854,1,8,7
1794,854,2,5,3
1799,854,1,1,0
1784,855,2,2,0
1788,855,1,1,0
1789,855,2,2,0
1796,855,2,2,0
1799,855,4,5,1
1797,856,2,2,0
1798,856,4,4,0
1797,857,2,3,1
1792,858,2,40,38
1793,858,3,77,74
1794,858,3,65,62
1795,858,1,14,13
1798,858,1,5,4
1793,859,3,25,22
1794,859,5,19,14
1799,859,4,9,5
1799,860,3,3,0
1799,861,2,5,3
1793,862,3,16,13
1797,862,1,3,2
1792,863,13,38,25
1793,863,8,79,71
1794,863,1,69,68
1795,863,1,18,17
1797,863,3,5,2
1792,864,12,55,43
1793,864,10,126,116
1795,864,6,68,62
1798,864,3,8,5
1795,865,17,61,44
1793,866,17,25,8
1795,866,20,20,0
1798,866,1,1,0
1799,866,2,2,0
1792,867,1,1,0
1793,867,4,4,0
1795,867,1,4,3
1793,868,9,11,2
1795,868,14,19,5
1796,868,5,10,5
1797,868,8,8,0
1793,869,16,18,2
1794,869,1,1,0
1795,869,13,13,0
1798,869,3,3,0
1799,869,3,3,0
1793,870,14,65,51
1798,870,1,7,6
1799,870,6,10,4
1792,871,12,20,8
1793,871,27,143,116
1794,871,1,188,187
1795,871,19,159,140
1796,871,8,56,48
1797,871,17,17,0
1798,871,2,2,0
1792,872,6,6,0
1795,872,16,98,82
1792,873,2,6,4
1794,873,2,7,5
1795,873,3,3,0
1798,873,5,10,5
1795,874,6,8,2
1793,875,1,16,15
1799,875,1,6,5
1796,876,8,21,13
1797,877,1,4,3
1795,878,7,145,138
1792,879,5,10,5
1794,879,13,68,55
1795,879,23,83,60
1798,879,6,6,0
1793,880,4,6,2
1794,880,6,6,0
1793,881,3,4,1
1794,881,5,8,3
1797,881,3,3,0
1798,881,1,1,0
1793,882,1,2,1
1797,882,1,5,4
1798,882,1,5,4
1792,883,3,9,6
1795,883,4,4,0
1796,883,7,10,3
1798,883,1,2,1
1799,883,3,7,4
1792,884,4,4,0
1795,884,5,76,71
1796,884,5,82,77
1799,884,2,2,0
1793,885,8,8,0
1795,885,5,150,145
1796,885,4,152,148
1798,885,8,10,2
1793,886,14,14,0
1795,886,7,111,104
1796,886,8,109,101
1798,886,11,11,0
1793,887,2,2,0
1795,887,8,8,0
1796,887,2,2,0
1793,888,4,10,6
1796,888,2,3,1
1799,888,9,9,0
1793,889,3,4,1
1796,889,5,5,0
1792,890,2,10,8
1797,890,6,6,0
1799,890,2,10,8
1796,891,6,106,100
1797,891,8,95,87
1798,891,1,23,22
1792,892,4,5,1
1793,893,3,3,0
1794,893,6,38,32
1795,893,11,130,119
1796,893,15,130,115
1793,894,3,3,0
1795,894,12,22,10
1796,894,22,36,14
1797,894,11,35,24
1799,894,2,2,0
1793,895,6,9,3
1796,895,3,9,6
1795,896,3,4,1
1796,896,4,6,2
1797,896,2,5,3
1792,898,5,5,0
1794,898,5,10,5
1795,898,3,66,63
1796,898,3,93,90
1797,898,5,65,60
1798,898,8,24,16
1799,898,6,6,0
1794,900,3,3,0
1795,900,9,40,31
1796,900,12,85,73
1797,900,13,92,79
1798,900,13,46,33
1793,902,3,3,0
1794,902,7,7,0
1795,902,1,1,0
1799,902,3,4,1
1792,903,1,5,4
1799,903,4,4,0
1793,904,1,6,5
1794,904,1,11,10
1795,904,1,4,3
1796,905,1,40,39
1797,905,1,72,71
1798,905,1,51,50
1799,905,1,5,4
1792,906,1,4,3
1796,906,1,71,70
1797,906,1,121,120
1799,906,1,15,14
1792,907,1,1,0
1794,907,1,2,1
1797,907,1,77,76
1799,907,1,11,10
1793,912,7,11,4
1796,912,6,9,3
1797,912,1,67,66
1793,913,2,2,0
1798,913,6,157,151
1799,913,20,113,93
1792,914,5,7,2
1793,914,3,3,0
1795,914,3,10,7
1798,914,13,109,96
1799,914,19,73,54
1792,915,1,2,1
1794,915,2,2,0
1798,915,4,4,0
1795,916,3,3,0
1792,917,3,3,0
1798,917,3,3,0
1792,918,1,8,7
1793,918,6,6,0
1793,919,2,2,0
1794,919,7,7,0
1796,919,7,16,9
1799,919,1,64,63
1792,920,8,13,5
1796,920,16,22,6
1800,920,10,32,22
1803,920,7,7,0
1806,920,1,1,0
1794,921,1,1,0
1795,921,10,11,1
1796,921,15,42,27
1797,921,13,99,86
1798,921,5,126,121
1799,921,1,110,109
1800,921,9,42,33
1801,921,1,14,13
1802,921,6,6,0
1803,921,8,11,3
1806,921,1,1,0
1793,922,4,6,2
1794,922,3,4,1
1797,922,13,29,16
1798,922,10,41,31
1800,922,6,18,12
1802,922,3,3,0
1803,922,3,3,0
1806,922,4,6,2
1798,923,2,3,1
1806,923,4,9,5
1795,924,2,13,11
1796,924,4,6,2
1799,924,4,10,6
1800,924,1,1,0
1803,924,4,6,2
1806,924,3,4,1
1792,925,11,13,2
1795,925,7,7,0
1800,925,3,3,0
1803,925,4,4,0
1806,925,4,4,0
1794,926,2,2,0
1800,926,3,15,12
1806,926,5,5,0
1793,927,4,4,0
1794,927,7,7,0
1797,927,9,68,59
1798,927,10,106,96
1800,927,5,50,45
1803,927,6,7,1
1806,927,1,1,0
1792,928,1,4,3
1793,928,2,2,0
1796,928,2,2,0
1797,928,2,27,25
1798,928,1,76,75
1800,929,6,16,10
1804,929,1,2,1
1800,930,4,4,0
1801,930,2,2,0
1792,931,1,5,4
1795,931,1,1,0
1796,931,2,2,0
1798,931,1,4,3
1799,931,1,11,10
1793,932,2,2,0
1794,932,3,9,6
1795,932,3,10,7
1800,933,9,21,12
1801,933,6,11,5
1805,933,1,1,0
1797,934,1,20,19
1800,934,9,65,56
1801,934,7,33,26
1802,934,2,4,2
1803,934,1,1,0
1804,934,1,5,4
1795,935,2,4,2
1796,935,3,3,0
1797,935,7,14,7
1798,935,7,43,36
1799,935,9,73,64
1800,935,2,74,72
1794,936,2,3,1
1795,936,11,11,0
1796,936,7,7,0
1805,936,6,6,0
1806,936,2,2,0
1792,937,6,6,0
1799,937,1,3,2
1806,937,1,1,0
1793,938,1,1,0
1797,938,2,5,3
1798,938,2,2,0
1801,938,2,2,0
1802,938,1,4,3
1793,939,1,2,1
1794,939,4,4,0
1796,939,2,2,0
1797,939,6,6,0
1798,939,2,2,0
1805,939,1,1,0
1793,940,4,4,0
1794,940,3,9,6
1798,940,6,9,3
1799,940,4,17,13
1805,940,3,5,2
1806,940,3,4,1
1794,941,3,4,1
1802,941,1,14,13
1805,941,2,2,0
1806,941,2,2,0
1795,942,5,5,0
1802,942,2,21,19
1792,943,10,10,0
1795,943,5,9,4
1798,943,7,21,14
1799,943,35,74,39
1793,944,6,6,0
1794,944,1,1,0
1799,944,7,7,0
1802,944,1,1,0
1803,944,1,1,0
1793,945,8,9,1
1794,945,4,4,0
1796,945,3,3,0
1797,945,4,7,3
1806,945,1,2,1
1807,945,2,5,3
1793,946,3,9,6
1794,946,1,4,3
1796,946,2,2,0
1806,946,5,5,0
1807,946,9,9,0
1793,947,3,3,0
1799,947,14,20,6
1800,947,28,37,9
1801,947,27,27,0
1802,947,14,14,0
1803,947,7,7,0
1804,947,5,5,0
1792,948,3,3,0
1796,948,1,1,0
1799,948,14,60,46
1806,948,3,8,5
1807,948,6,6,0
1795,949,1,6,5
1796,949,6,6,0
1799,949,3,76,73
1800,949,18,153,135
1801,949,20,112,92
1802,949,20,57,37
1803,949,16,19,3
1804,949,5,5,0
1805,949,1,1,0
1793,950,3,3,0
1796,950,3,4,1
1806,950,4,8,4
1807,950,7,11,4
1793,951,11,11,0
1794,951,2,4,2
1801,951,2,2,0
1802,951,3,4,1
1803,951,1,5,4
1792,952,3,4,1
1799,952,1,3,2
1806,952,8,8,0
1795,953,3,5,2
1796,953,4,4,0
1801,953,4,6,2
1803,953,1,1,0
1804,953,3,3,0
1806,953,9,9,0
1794,954,1,1,0
1795,954,4,5,1
1796,954,2,2,0
1798,954,1,1,0
1799,954,1,10,9
1800,954,3,4,1
1801,954,16,36,20
1802,954,3,8,5
1806,954,2,2,0
1792,955,3,4,1
1793,955,1,1,0
1798,955,5,17,12
1799,955,8,36,28
1800,955,16,52,36
1801,955,24,86,62
1802,955,3,33,30
1792,956,4,4,0
1793,956,1,1,0
1798,956,3,17,14
1799,956,5,36,31
1801,956,11,103,92
1806,956,3,3,0
1807,956,5,5,0
1794,957,1,1,0
1795,957,5,5,0
1796,957,2,2,0
1801,957,6,60,54
1802,957,3,28,25
1803,957,5,5,0
1804,957,8,8,0
1806,957,1,1,0
1795,958,4,5,1
1796,958,4,4,0
1801,958,11,12,1
1802,958,1,1,0
1803,958,2,2,0
1804,958,1,1,0
1806,958,1,2,1
1799,959,3,3,0
1806,959,10,12,2
1807,959,1,1,0
1803,960,2,3,1
1804,960,3,5,2
1805,960,1,1,0
1800,961,8,9,1
1801,961,5,6,1
1802,961,1,1,0
1800,962,4,49,45
1801,962,7,51,44
1802,962,7,37,30
1803,962,3,11,8
1806,962,1,5,4
1807,962,2,2,0
1802,963,10,71,61
1803,963,12,30,18
1804,963,5,5,0
1802,964,5,53,48
1803,964,8,19,11
1806,965,1,2,1
1806,966,1,3,2
1807,966,4,4,0
1800,967,2,8,6
1803,967,2,2,0
1804,967,3,3,0
1801,968,21,24,3
1804,968,5,5,0
1805,968,8,10,2
1807,968,4,7,3
1801,969,9,79,70
1804,969,7,7,0
1805,969,4,4,0
1801,970,5,117,112
1804,970,13,13,0
1805,970,4,4,0
1807,970,4,4,0
1801,971,9,81,72
1802,971,2,83,81
1807,971,10,10,0
1801,972,7,14,7
1802,972,4,18,14
1807,972,3,3,0
1803,973,3,3,0
1804,973,5,6,1
1803,974,6,6,0
1804,974,4,4,0
1805,974,1,3,2
1806,974,1,4,3
1803,975,1,1,0
1806,975,3,6,3
1800,976,11,11,0
1801,976,13,57,44
1802,976,8,64,56
1803,976,2,18,16
1806,976,9,14,5
1802,977,1,151,150
1803,977,12,102,90
1804,977,13,26,13
1800,978,1,27,26
1802,978,1,95,94
1803,978,8,67,59
1804,978,15,22,7
1800,979,7,8,1
1806,979,2,5,3
1801,981,4,4,0
1802,981,11,11,0
1803,981,10,10,0
1804,981,2,2,0
1807,981,1,1,0
1801,983,3,23,20
1802,983,5,42,37
1803,983,12,36,24
1804,983,17,18,1
1805,983,6,6,0
1800,984,4,5,1
1803,984,5,48,43
1806,984,1,1,0
1807,984,4,4,0
1807,985,1,8,7
1800,986,3,3,0
1801,986,8,32,24
1802,986,2,51,49
1803,986,10,38,28
1805,986,5,5,0
1806,986,2,2,0
1805,987,5,5,0
1801,988,2,2,0
1801,989,2,2,0
1801,990,2,2,0
1804,990,2,2,0
1801,991,19,30,11
1802,991,3,65,62
1804,991,13,32,19
1807,991,6,7,1
1802,992,11,64,53
1804,992,6,55,49
1805,992,15,15,0
1807,992,2,8,6
1802,993,1,21,20
1804,993,2,21,19
1805,993,4,4,0
1807,993,4,6,2
1804,994,2,2,0
1805,994,7,7,0
1807,994,5,5,0
1800,995,4,8,4
1801,995,3,3,0
1804,995,2,2,0
1805,995,6,9,3
1804,997,8,14,6
1806,997,1,1,0
1807,997,1,1,0
1801,998,1,1,0
1803,998,3,43,40
1804,998,14,55,41
1805,998,1,13,12
1806,998,7,7,0
1807,998,2,3,1
1801,999,4,4,0
1803,999,1,77,76
1804,999,11,92,81
1806,999,1,5,4
1802,1000,10,47,37
1804,1000,17,71,54
1800,1001,1,4,3
1802,1001,6,12,6
1804,1001,11,12,1
1807,1001,1,3,2
1801,1002,2,2,0
1802,1002,2,4,2
1801,1003,3,3,0
1802,1003,1,7,6
1802,1004,1,2,1
1803,1004,2,12,10
1804,1004,4,4,0
1807,1004,5,6,1
1801,1005,2,2,0
1803,1005,6,66,60
1804,1005,4,49,45
1805,1005,9,19,10
1807,1005,4,7,3
1801,1006,7,8,1
1803,1006,3,102,99
1805,1006,7,53,46
1807,1006,2,2,0
1801,1007,5,6,1
1805,1007,4,54,50
1807,1007,2,2,0
1801,1008,1,1,0
1805,1008,7,7,0
1806,1008,2,2,0
1802,1009,1,4,3
1804,1009,4,5,1
1805,1009,5,5,0
1806,1009,4,4,0
1807,1009,3,3,0
1800,1011,1,4,3
1804,1011,2,2,0
1802,1012,3,4,1
1806,1012,8,8,0
1806,1013,4,22,18
1800,1014,2,2,0
1802,1014,1,13,12
1805,1014,10,49,39
1806,1014,13,18,5
1802,1015,1,1,0
1803,1015,21,23,2
1804,1015,29,33,4
1805,1015,17,20,3
1800,1016,2,4,2
1801,1016,2,8,6
1804,1016,5,8,3
1805,1016,1,5,4
1800,1018,3,3,0
1801,1018,7,12,5
1802,1018,7,7,0
1803,1018,3,3,0
1804,1018,5,12,7
1805,1018,5,9,4
1806,1018,6,6,0
1807,1018,6,16,10
1806,1020,2,19,17
1800,1021,1,1,0
1801,1021,5,5,0
1802,1021,9,12,3
1804,1021,2,95,93
1805,1021,10,89,79
1806,1021,11,37,26
1801,1023,5,7,2
1800,1024,3,4,1
1803,1024,3,4,1
1804,1024,8,8,0
1805,1024,4,4,0
1801,1025,2,6,4
1802,1025,6,9,3
1807,1025,8,8,0
1801,1026,3,4,1
1802,1026,6,7,1
1803,1027,3,11,8
1804,1027,8,43,35
1805,1027,7,62,55
1800,1028,3,3,0
1803,1028,3,23,20
1804,1028,8,66,58
1805,1028,8,88,80
1801,1029,2,2,0
1802,1029,5,5,0
1807,1029,5,5,0
1802,1030,1,1,0
1807,1030,1,1,0
1800,1031,3,7,4
1803,1031,3,4,1
1804,1031,4,4,0
1802,1032,3,8,5
1803,1032,6,6,0
1807,1032,2,4,2
1801,1034,3,3,0
1805,1034,5,40,35
1806,1034,6,31,25
1801,1035,7,7,0
1802,1035,3,4,1
1805,1035,15,79,64
1806,1035,16,68,52
1801,1036,2,2,0
1805,1036,15,69,54
1806,1036,16,57,41
1807,1036,1,20,19
1801,1037,1,1,0
1805,1037,5,30,25
1806,1037,7,20,13
1802,1039,2,3,1
1803,1039,2,2,0
1807,1039,5,6,1
1803,1040,4,4,0
1804,1040,1,3,2
1807,1040,6,6,0
1800,1041,3,7,4
1801,1041,2,2,0
1803,1041,2,2,0
1804,1041,8,35,27
1805,1041,5,60,55
1801,1042,3,6,3
1804,1042,3,55,52
1805,1042,13,112,99
1806,1042,5,96,91
1801,1043,3,7,4
1802,1043,5,5,0
1806,1043,6,92,86
1807,1043,11,63,52
1801,1044,5,6,1
1802,1044,6,6,0
1807,1044,8,28,20
1800,1045,1,1,0
1803,1045,3,3,0
1804,1045,2,2,0
1803,1046,1,5,4
1804,1046,8,8,0
1805,1046,5,5,0
1806,1046,2,2,0
1801,1047,5,5,0
1802,1047,5,5,0
1806,1047,2,2,0
1807,1047,3,5,2
1805,1048,6,25,19
1806,1048,15,29,14
1807,1048,3,3,0
1810,1048,1,1,0
1801,1049,4,4,0
1802,1049,6,6,0
1805,1049,6,64,58
1806,1049,7,70,63
1810,1049,1,1,0
1801,1050,3,3,0
1802,1050,4,4,0
1805,1050,14,72,58
1806,1050,17,79,62
1810,1050,1,1,0
1805,1051,16,37,21
1806,1051,20,40,20
1810,1051,1,1,0
1800,1052,4,4,0
1803,1052,10,10,0
1804,1052,3,3,0
1805,1052,1,4,3
1806,1052,3,7,4
1810,1052,1,1,0
1800,1053,3,3,0
1803,1053,13,16,3
1804,1053,4,4,0
1810,1053,1,1,0
1800,1054,1,1,0
1803,1054,6,6,0
1806,1054,10,10,0
1807,1054,4,9,5
1810,1054,1,1,0
1800,1055,2,9,7
1802,1055,1,1,0
1805,1055,7,12,5
1806,1055,13,23,10
1810,1055,1,1,0
1801,1056,4,4,0
1805,1056,41,41,0
1807,1056,2,38,36
1808,1056,2,8,6
1812,1056,3,4,1
1813,1056,3,3,0
1801,1057,3,4,1
1804,1057,7,9,2
1805,1057,10,51,41
1807,1057,9,57,48
1802,1058,2,2,0
1805,1058,14,25,11
1807,1058,3,30,27
1815,1058,6,6,0
1806,1059,5,5,0
1815,1059,4,8,4
1800,1060,5,5,0
1803,1060,7,8,1
1808,1060,1,3,2
1812,1060,1,3,2
1800,1061,2,2,0
1806,1061,8,8,0
1812,1061,3,4,1
1802,1062,2,2,0
1806,1062,30,30,0
1812,1062,1,1,0
1813,1062,1,1,0
1814,1062,1,1,0
1815,1062,1,4,3
1802,1063,8,8,0
1803,1063,2,2,0
1804,1063,1,6,5
1806,1063,19,81,62
1810,1063,1,1,0
1815,1063,1,1,0
1804,1064,1,13,12
1807,1064,9,171,162
1809,1064,5,22,17
1807,1065,3,130,127
1809,1065,2,14,12
1814,1065,2,2,0
1800,1066,1,1,0
1802,1066,1,2,1
1804,1066,1,5,4
1807,1066,3,67,64
1813,1066,3,3,0
1814,1066,6,7,1
1807,1067,1,11,10
1813,1067,3,5,2
1814,1067,4,9,5
1800,1069,4,4,0
1803,1069,3,4,1
1804,1069,3,3,0
1807,1069,1,1,0
1800,1070,4,4,0
1803,1070,3,3,0
1804,1070,2,2,0
1805,1070,1,1,0
1800,1071,1,1,0
1814,1071,1,3,2
1815,1071,2,2,0
1802,1072,1,1,0
1805,1072,3,3,0
1806,1072,16,28,12
1807,1072,11,53,42
1808,1072,2,6,4
1809,1072,2,3,1
1801,1073,1,1,0
1802,1073,2,2,0
1806,1073,8,16,8
1807,1073,8,36,28
1808,1073,4,4,0
1809,1073,2,2,0
1800,1074,5,5,0
1801,1074,1,2,1
1803,1074,1,3,2
1807,1074,5,13,8
1808,1074,2,3,1
1809,1074,2,3,1
1810,1074,2,2,0
1814,1074,1,2,1
1815,1074,2,6,4
1800,1075,4,4,0
1803,1075,4,4,0
1804,1075,1,1,0
1800,1076,1,1,0
1803,1076,4,4,0
1804,1076,2,2,0
1807,1076,4,4,0
1803,1077,3,3,0
1804,1077,2,2,0
1807,1077,6,22,16
1812,1077,2,2,0
1813,1077,2,3,1
1814,1077,2,2,0
1802,1078,2,2,0
1803,1078,2,3,1
1805,1078,3,3,0
1806,1078,5,22,17
1807,1078,2,42,40
1808,1078,2,20,18
1809,1078,1,9,8
1812,1078,2,2,0
1813,1078,2,5,3
1814,1078,2,2,0
1801,1079,2,2,0
1802,1079,4,4,0
1803,1079,1,3,2
1805,1079,5,5,0
1806,1079,7,29,22
1805,1080,2,2,0
1806,1080,3,15,12
1807,1080,1,24,23
1811,1080,2,2,0
1815,1080,1,1,0
1806,1081,1,1,0
1807,1081,3,4,1
1808,1081,2,7,5
1810,1081,2,3,1
1811,1081,6,6,0
1812,1081,3,3,0
1815,1081,2,2,0
1802,1082,1,1,0
1803,1082,3,4,1
1807,1082,3,3,0
1808,1082,4,4,0
1811,1082,3,5,2
1812,1082,4,4,0
1815,1082,2,3,1
1803,1083,4,4,0
1804,1083,1,6,5
1807,1083,1,3,2
1812,1083,2,2,0
1800,1084,1,9,8
1808,1084,6,9,3
1812,1084,1,1,0
1800,1085,4,6,2
1804,1085,3,3,0
1805,1085,4,4,0
1808,1085,15,28,13
1809,1085,7,15,8
1810,1085,1,4,3
1811,1085,3,3,0
1812,1085,2,3,1
1808,1086,12,36,24
1809,1086,7,20,13
1810,1086,4,5,1
1811,1086,2,2,0
1815,1086,2,2,0
1807,1087,4,43,39
1815,1087,7,7,0
1803,1088,1,4,3
1810,1089,1,5,4
1811,1089,1,1,0
1800,1090,4,5,1
1806,1090,1,2,1
1807,1090,1,1,0
1809,1090,1,1,0
1810,1090,2,5,3
1811,1090,1,3,2
1815,1090,2,5,3
1800,1091,2,2,0
1802,1091,1,2,1
1811,1091,1,4,3
1812,1091,1,4,3
1815,1091,1,3,2
1803,1092,2,7,5
1803,1093,1,1,0
1803,1094,2,2,0
1806,1094,1,21,20
1800,1095,2,5,3
1803,1095,1,8,7
1804,1095,2,6,4
1807,1095,6,15,9
1808,1095,2,16,14
1811,1095,2,3,1
1812,1095,2,10,8
1813,1095,2,2,0
1815,1095,1,2,1
1807,1096,3,3,0
1809,1096,3,3,0
1810,1096,1,1,0
1800,1097,2,2,0
1804,1097,3,6,3
1809,1097,2,2,0
1810,1097,3,5,2
1800,1098,7,7,0
1804,1098,7,8,1
1805,1098,4,5,1
1809,1098,1,1,0
1800,1099,6,6,0
1804,1099,1,1,0
1808,1099,7,14,7
1809,1099,5,7,2
1814,1099,1,1,0
1806,1100,2,9,7
1807,1100,10,24,14
1808,1100,9,47,38
1809,1100,8,27,19
1810,1100,3,4,1
1813,1100,5,5,0
1814,1100,4,4,0
1802,1101,2,2,0
1803,1101,3,3,0
1806,1101,1,18,17
1807,1101,13,38,25
1808,1101,5,61,56
1809,1101,7,38,31
1810,1101,7,12,5
1812,1101,2,2,0
1813,1101,7,7,0
1814,1101,4,4,0
1803,1102,3,4,1
1807,1102,8,24,16
1809,1102,5,22,17
1810,1102,8,10,2
1811,1102,3,3,0
1812,1102,1,2,1
1813,1102,3,3,0
1814,1102,1,1,0
1810,1103,1,1,0
1811,1103,2,2,0
1801,1104,1,1,0
1804,1104,1,1,0
1805,1104,2,2,0
1806,1104,3,3,0
1807,1104,3,4,1
1808,1104,1,1,0
1810,1104,3,3,0
1813,1104,2,2,0
1815,1104,2,2,0
1800,1105,1,1,0
1801,1105,1,1,0
1804,1105,1,1,0
1805,1105,1,2,1
1806,1105,1,3,2
1807,1105,1,4,3
1812,1105,2,4,2
1813,1105,5,5,0
1815,1105,1,1,0
1800,1106,1,1,0
1801,1106,1,1,0
1810,1106,5,5,0
1812,1106,1,2,1
1813,1106,3,3,0
1800,1107,1,1,0
1801,1107,1,1,0
1808,1107,12,37,25
1809,1107,1,40,39
1810,1107,8,18,10
1815,1107,1,3,2
1800,1108,1,1,0
1801,1108,1,1,0
1808,1108,13,44,31
1809,1108,1,45,44
1810,1108,7,22,15
1815,1108,1,2,1
1800,1109,1,1,0
1801,1109,1,1,0
1810,1109,8,14,6
1811,1109,2,2,0
1812,1109,2,6,4
1813,1109,4,4,0
1800,1110,1,1,0
1801,1110,1,1,0
1804,1110,1,1,0
1805,1110,1,2,1
1806,1110,1,3,2
1807,1110,1,4,3
1810,1110,4,4,0
1812,1110,2,6,4
1813,1110,6,6,0
1801,1111,1,1,0
1804,1111,1,1,0
1805,1111,2,2,0
1806,1111,3,3,0
1807,1111,3,4,1
1810,1111,1,1,0
1813,1111,1,1,0
1815,1111,2,2,0
1801,1112,1,1,0
1804,1112,1,1,0
1808,1112,1,7,6
1813,1112,1,1,0
1808,1113,2,2,0
1813,1113,1,1,0
1808,1114,9,38,29
1809,1114,5,27,22
1810,1114,2,12,10
1811,1114,1,1,0
1808,1115,8,63,55
1809,1115,6,50,44
1810,1115,3,30,27
1811,1115,1,12,11
1812,1115,2,2,0
1808,1116,6,34,28
1809,1116,3,26,23
1811,1116,1,6,5
1812,1116,2,2,0
1813,1116,1,1,0
1814,1116,1,1,0
1815,1116,1,1,0
1805,1117,1,1,0
1806,1117,2,3,1
1808,1117,4,8,4
1809,1117,1,4,3
1812,1117,3,3,0
1813,1117,5,5,0
1814,1117,5,5,0
1815,1117,3,4,1
1808,1118,4,7,3
1809,1118,2,5,3
1813,1118,2,3,1
1801,1119,1,1,0
1802,1119,1,1,0
1803,1119,1,2,1
1808,1119,3,3,0
1809,1119,1,1,0
1809,1120,7,13,6
1810,1120,9,9,0
1813,1120,2,5,3
1808,1122,2,30,28
1811,1122,1,1,0
1815,1122,3,3,0
1808,1123,1,17,16
1815,1123,6,6,0
1809,1124,5,11,6
1810,1124,4,4,0
1809,1125,7,7,0
1810,1125,4,4,0
1809,1126,2,8,6
1810,1126,4,4,0
1812,1127,4,4,0
1815,1127,5,5,0
1809,1128,13,17,4
1810,1128,7,14,7
1815,1128,2,2,0
1808,1129,2,16,14
1809,1129,12,35,23
1810,1129,6,25,19
1815,1129,2,2,0
1808,1130,2,28,26
1809,1130,10,41,31
1810,1130,4,28,24
1812,1130,2,2,0
1815,1130,2,2,0
1809,1131,8,26,18
1810,1131,2,16,14
1812,1131,2,2,0
1813,1131,1,1,0
1815,1131,3,3,0
1809,1132,6,9,3
1812,1132,4,4,0
1813,1132,2,2,0
1809,1133,5,5,0
1812,1133,6,7,1
1813,1133,3,3,0
1809,1134,3,5,2
1812,1134,7,7,0
1813,1134,2,2,0
1809,1135,2,3,1
1812,1135,4,4,0
1813,1135,1,1,0
1809,1136,7,29,22
1810,1136,3,32,29
1813,1136,2,2,0
1809,1137,5,45,40
1810,1137,2,42,40
1812,1137,7,8,1
1813,1137,6,6,0
1809,1138,1,23,22
1812,1138,6,6,0
1809,1139,1,1,0
1812,1139,3,3,0
1815,1139,2,2,0
1808,1140,3,3,0
1809,1140,7,9,2
1812,1140,7,7,0
1813,1140,2,3,1
1815,1140,4,4,0
1809,1141,4,7,3
1813,1141,3,3,0
1815,1141,2,2,0
1809,1142,13,13,0
1810,1142,5,7,2
1813,1142,2,2,0
1808,1143,12,23,11
1809,1143,37,49,12
1810,1143,26,39,13
1813,1143,8,8,0
1814,1143,2,2,0
1814,1145,2,8,6
1815,1145,1,1,0
1809,1146,4,13,9
1810,1146,7,19,12
1811,1146,5,7,2
1814,1146,2,2,0
1810,1147,1,1,0
1812,1151,1,12,11
1813,1151,6,7,1
1814,1151,1,5,4
1808,1152,2,2,0
1810,1153,3,11,8
1811,1153,5,5,0
1815,1153,3,3,0
1815,1154,2,2,0
1808,1155,5,8,3
1812,1155,2,4,2
1808,1156,7,7,0
1809,1156,1,1,0
1812,1156,2,4,2
1809,1157,6,6,0
1810,1157,11,11,0
1811,1157,6,6,0
1814,1157,1,1,0
1809,1158,4,21,17
1810,1158,9,33,24
1811,1158,2,15,13
1814,1158,2,4,2
1813,1159,2,2,0
1814,1159,1,5,4
1815,1160,1,1,0
1815,1161,1,1,0
1815,1162,1,1,0
1815,1163,1,1,0
1808,1164,3,5,2
1809,1164,4,7,3
1810,1164,2,8,6
1814,1164,1,1,0
1808,1165,2,7,5
1809,1165,5,13,8
1810,1165,4,18,14
1813,1165,2,2,0
1809,1166,5,14,9
1810,1166,7,26,19
1811,1166,3,24,21
1812,1166,2,12,10
1809,1167,6,13,7
1810,1167,9,29,20
1811,1167,5,28,23
1812,1167,3,12,9
1810,1168,4,11,7
1814,1168,3,10,7
1815,1168,4,4,0
1814,1169,2,2,0
1808,1170,2,11,9
1809,1170,2,2,0
1813,1170,3,11,8
1814,1170,1,14,13
1810,1171,4,4,0
1809,1172,1,14,13
1810,1172,9,38,29
1811,1172,1,30,29
1814,1172,2,2,0
1815,1172,4,4,0
1813,1173,6,6,0
1814,1173,6,9,3
1812,1174,2,12,10
1809,1175,1,1,0
1810,1175,1,12,11
1813,1175,1,6,5
1814,1175,1,10,9
1808,1176,1,1,0
1809,1176,6,6,0
1812,1176,6,6,0
1815,1176,2,2,0
1810,1177,1,1,0
1811,1177,5,6,1
1812,1177,4,4,0
1815,1177,3,5,2
1811,1178,3,11,8
1814,1178,5,7,2
1808,1179,2,4,2
1810,1179,3,17,14
1814,1179,9,9,0
1808,1180,3,9,6
1810,1180,9,44,35
1811,1180,2,58,56
1814,1180,11,11,0
1809,1181,3,10,7
1810,1181,13,42,29
1811,1181,14,52,38
1812,1181,4,17,13
1814,1181,3,3,0
1809,1182,3,3,0
1810,1182,4,15,11
1811,1182,8,19,11
1812,1182,5,5,0
1808,1183,1,2,1
1809,1183,2,2,0
1812,1183,1,1,0
1815,1183,10,10,0
1808,1184,1,1,0
1810,1184,1,3,2
1811,1184,4,4,0
1814,1184,6,6,0
1808,1185,5,5,0
1810,1185,3,3,0
1811,1185,5,5,0
1814,1185,7,8,1
1815,1186,4,7,3
1809,1187,6,8,2
1815,1187,1,1,0
1808,1188,2,9,7
1809,1188,11,14,3
1815,1188,5,5,0
1808,1189,1,1,0
1809,1189,1,1,0
1815,1189,4,4,0
1808,1191,4,4,0
1810,1191,5,6,1
1811,1191,6,6,0
1813,1191,1,7,6
1814,1191,9,9,0
1809,1192,1,1,0
1810,1192,2,2,0
1811,1192,6,6,0
1812,1192,4,5,1
1813,1192,1,1,0
1814,1192,1,3,2
1815,1192,2,9,7
1812,1193,3,12,9
1813,1193,1,1,0
1812,1194,5,30,25
1813,1194,8,11,3
1812,1195,6,35,29
1813,1195,8,15,7
1814,1195,4,4,0
1809,1196,3,5,2
1810,1196,3,16,13
1811,1196,2,23,21
1815,1196,1,1,0
1810,1197,1,1,0
1808,1198,2,7,5
1808,1199,5,5,0
1812,1199,2,6,4
1813,1199,4,4,0
1813,1200,1,1,0
1809,1201,3,3,0
1812,1201,9,34,25
1813,1201,3,8,5
1815,1201,1,1,0
1811,1202,4,64,60
1812,1202,14,50,36
1815,1202,6,6,0
1812,1203,8,26,18
1815,1203,2,6,4
1809,1204,3,3,0
1813,1204,2,2,0
1809,1205,5,5,0
1810,1205,3,3,0
1813,1205,12,13,1
1814,1205,2,10,8
1809,1206,2,2,0
1810,1206,1,1,0
1812,1206,5,5,0
1813,1206,7,9,2
1808,1207,1,6,5
1812,1207,3,3,0
1809,1208,2,2,0
1810,1208,2,3,1
1813,1208,6,7,1
1814,1208,3,3,0
1809,1209,1,1,0
1810,1209,5,28,23
1811,1209,3,57,54
1810,1210,1,17,16
1811,1210,6,46,40
1815,1210,8,8,0
1815,1211,1,11,10
1809,1212,4,4,0
1810,1212,6,7,1
1813,1212,8,9,1
1814,1212,5,5,0
1809,1213,6,6,0
1810,1213,5,5,0
1813,1213,11,11,0
1814,1213,7,7,0
1810,1215,3,13,10
1811,1215,7,25,18
1815,1215,8,8,0
1810,1216,9,20,11
1811,1216,11,57,46
1812,1216,8,57,49
1813,1216,5,21,16
1809,1217,1,1,0
1810,1217,8,20,12
1811,1217,10,46,36
1812,1217,8,47,39
1813,1217,4,21,17
1814,1217,1,4,3
1810,1218,7,9,2
1811,1218,8,20,12
1812,1218,6,20,14
1813,1218,2,10,8
1813,1219,1,2,1
1814,1219,1,1,0
1809,1220,1,4,3
1810,1220,3,3,0
1815,1220,2,2,0
1809,1221,1,2,1
1810,1221,1,2,1
1815,1221,1,1,0
1808,1223,1,4,3
1814,1223,1,4,3
1815,1223,4,6,2
1808,1224,6,6,0
1811,1224,2,11,9
1812,1224,3,15,12
1815,1224,4,4,0
1808,1225,2,2,0
1811,1225,4,10,6
1812,1225,4,11,7
1808,1226,1,1,0
1810,1226,2,5,3
1811,1226,5,10,5
1812,1226,5,8,3
1808,1227,3,5,2
1809,1227,2,3,1
1810,1227,3,6,3
1811,1227,5,9,4
1812,1227,4,4,0
1808,1228,1,6,5
1809,1228,2,2,0
1810,1228,1,1,0
1811,1228,2,4,2
1812,1228,1,1,0
1814,1231,1,10,9
1808,1232,4,4,0
1809,1232,4,5,1
1812,1232,1,2,1
1813,1232,4,5,1
1814,1232,7,7,0
1815,1232,6,6,0
1811,1233,1,3,2
1812,1233,3,4,1
1813,1233,1,3,2
1810,1234,1,2,1
1811,1234,4,5,1
1812,1234,4,5,1
1813,1234,2,3,1
1808,1235,3,4,1
1814,1235,2,2,0
1815,1235,7,7,0
1815,1236,1,1,0
1810,1237,5,10,5
1811,1237,5,27,22
1809,1238,2,2,0
1810,1238,11,13,2
1811,1238,10,31,21
1812,1238,5,32,27
1815,1238,2,6,4
1808,1239,1,6,5
1815,1239,7,8,1
1808,1250,1,1,0
1809,1250,1,2,1
1810,1250,1,3,2
1813,1250,1,3,2
1814,1250,1,2,1
1815,1250,1,1,0
1808,1251,2,2,0
1809,1251,2,3,1
1810,1251,2,4,2
1811,1251,1,4,3
1812,1251,1,4,3
1813,1251,2,4,2
1814,1251,2,3,1
1815,1251,2,2,0
1808,1252,2,2,0
1809,1252,2,3,1
1810,1252,2,4,2
1811,1252,1,4,3
1812,1252,1,4,3
1813,1252,2,4,2
1814,1252,2,3,1
1815,1252,2,2,0
1808,1253,1,1,0
1809,1253,1,2,1
1810,1253,1,3,2
1813,1253,1,3,2
1814,1253,1,2,1
1815,1253,1,1,0
1814,1256,1,1,0
1815,1257,1,1,0
1810,1260,2,5,3
1811,1260,3,8,5
1812,1260,3,8,5
1813,1260,2,6,4
1810,1261,3,3,0
1811,1261,5,5,0
1812,1261,5,6,1
1813,1261,3,4,1
1814,1261,1,2,1
1810,1262,1,1,0
1811,1262,1,2,1
1812,1262,1,2,1
1813,1262,1,2,1
