X,Y,Subtracted,Original 1,Original 2
2727,1738,1,4,3
1784,832,4,7,3
1785,832,3,7,4
1786,832,1,1,0
1791,832,1,1,0
1792,832,3,3,0
1799,832,4,4,0
1790,833,1,1,0
1792,833,4,4,0
1793,833,2,2,0
1794,833,2,4,2
1795,833,7,7,0
1796,833,3,4,1
1791,834,4,6,2
1795,834,3,3,0
1796,834,1,2,1
1790,835,1,18,17
1791,835,2,55,53
1799,835,1,3,2
1784,836,1,4,3
1786,836,1,1,0
1787,836,1,5,4
1793,836,10,46,36
1794,836,9,11,2
1786,837,2,6,4
1787,837,1,7,6
1793,837,5,42,37
1794,837,4,6,2
1798,837,1,1,0
1786,838,1,4,3
1787,838,1,1,0
1798,838,2,2,0
1799,838,6,6,0
1789,839,2,6,4
1790,839,1,4,3
1795,839,5,5,0
1796,839,3,5,2
1793,840,3,6,3
1794,840,5,11,6
1795,840,4,6,2
1799,840,5,9,4
1792,842,5,73,68
1793,842,6,44,38
1794,842,8,10,2
1797,842,4,6,2
1798,842,5,6,1
1799,842,2,2,0
1792,845,6,6,0
1793,845,3,3,0
1796,847,3,3,0
1786,848,1,1,0
1796,848,5,5,0
1799,848,4,4,0
1786,849,3,4,1
1787,849,1,1,0
1791,849,2,14,12
1785,850,1,4,3
1786,850,1,6,5
1787,850,1,1,0
1791,850,1,27,26
1793,850,12,87,75
1794,850,13,57,44
1795,850,1,9,8
1796,850,1,2,1
1797,850,12,13,1
1798,850,9,9,0
1791,851,1,23,22
1793,851,1,66,65
1794,851,1,38,37
1797,851,1,1,0
1784,852,1,3,2
1796,852,2,2,0
1784,853,2,3,1
1788,853,1,4,3
1789,853,2,5,3
1795,853,7,7,0
1796,853,14,18,4
1799,853,11,15,4
1788,854,2,2,0
1789,854,2,2,0
1793,855,7,9,2
1794,855,3,3,0
1797,855,7,7,0
1798,855,2,2,0
1799,856,1,1,0
1793,857,3,96,93
1794,857,2,87,85
1796,857,6,6,0
1797,857,4,6,2
1793,858,15,73,58
1794,858,12,63,51
1797,858,5,5,0
1798,858,1,4,3
1793,859,16,17,1
1794,859,6,9,3
1797,859,3,3,0
1798,859,2,2,0
1799,859,2,2,0
1792,860,1,7,6
1793,860,6,6,0
1796,860,4,10,6
1799,860,2,2,0
1796,861,8,8,0
1793,862,10,15,5
1794,862,2,13,11
1792,863,7,42,35
1793,863,27,86,59
1794,863,6,78,72
1797,863,3,3,0
1798,863,3,3,0
1792,864,2,57,55
1793,864,25,131,106
1795,864,4,72,68
1796,864,1,4,3
1797,864,12,12,0
1798,864,13,13,0
1794,865,3,86,83
1795,865,15,64,49
1793,866,13,22,9
1795,866,15,17,2
1798,866,4,4,0
1792,867,13,13,0
1793,867,6,6,0
1797,867,7,8,1
1795,868,19,19,0
1793,869,11,14,3
1795,869,13,13,0
1798,869,1,1,0
1799,869,8,8,0
1792,870,1,5,4
1793,870,10,61,51
1798,870,2,6,4
1793,871,7,122,115
1795,871,14,157,143
1797,871,8,8,0
1798,871,1,1,0
1792,872,6,6,0
1793,872,18,50,32
1794,872,3,62,59
1796,872,19,19,0
1797,872,4,4,0
1798,872,6,6,0
1799,872,2,2,0
1796,873,10,16,6
1798,873,5,21,16
1795,874,5,8,3
1798,874,4,7,3
1795,875,23,30,7
1799,875,6,7,1
1792,876,2,8,6
1795,876,1,1,0
1796,876,3,21,18
1798,876,6,13,7
1795,877,16,82,66
1796,877,4,58,54
1798,877,3,4,1
1793,878,16,46,30
1795,878,8,149,141
1796,878,2,64,62
1797,878,7,15,8
1799,878,3,5,2
1793,879,10,10,0
1792,880,2,5,3
1793,880,3,3,0
1794,880,7,7,0
1795,880,8,12,4
1796,880,5,7,2
1799,880,2,7,5
1792,882,2,2,0
1793,882,4,9,5
1794,882,2,5,3
1797,882,7,10,3
1798,882,7,12,5
1799,882,1,1,0
1793,885,7,17,10
1794,885,7,81,74
1795,885,6,157,151
1796,885,2,159,157
1797,885,2,86,84
1798,885,4,19,15
1794,886,4,49,45
1794,887,2,2,0
1795,887,9,9,0
1799,887,4,10,6
1794,888,7,7,0
1797,888,5,7,2
1797,889,2,12,10
1797,890,9,14,5
1799,890,9,12,3
1793,891,4,11,7
1796,891,14,103,89
1793,892,9,9,0
1796,892,5,99,94
1793,893,3,3,0
1794,893,2,43,41
1796,893,9,122,113
1799,893,4,4,0
1794,894,1,1,0
1795,894,6,17,11
1796,894,13,29,16
1797,894,19,48,29
1798,894,15,15,0
1799,894,10,10,0
1794,895,3,6,3
1796,895,3,4,1
1797,895,15,17,2
1793,896,1,1,0
1795,896,2,4,2
1796,896,4,4,0
1797,896,5,5,0
1798,896,8,8,0
1799,896,4,10,6
1792,897,4,11,7
1795,897,1,1,0
1796,897,1,1,0
1792,898,5,5,0
1795,898,19,66,47
1796,898,12,98,86
1799,898,1,1,0
1795,899,11,100,89
1796,899,8,166,158
1799,899,5,5,0
1798,900,1,47,46
1792,901,4,4,0
1793,901,4,4,0
1797,901,6,11,5
1798,901,5,8,3
1793,902,5,5,0
1794,902,4,7,3
1799,902,1,4,3
1795,903,6,7,1
1796,903,1,7,6
1799,903,3,3,0
1795,904,1,1,0
1792,905,1,6,5
1795,905,4,6,2
1796,905,4,44,40
1799,905,1,15,14
1795,906,4,10,6
1799,906,13,30,17
1794,907,3,3,0
1795,907,4,10,6
1799,907,11,19,8
1795,908,5,7,2
1796,908,3,7,4
1799,908,1,4,3
1792,909,6,11,5
1795,909,2,2,0
1796,909,3,3,0
1792,910,7,8,1
1796,910,2,2,0
1798,911,1,2,1
1793,912,2,10,8
1797,912,3,78,75
1800,912,2,2,0
1801,912,2,2,0
1802,912,1,1,0
1793,913,1,1,0
1797,913,4,151,147
1798,913,3,154,151
1800,913,2,2,0
1801,913,1,1,0
1802,913,1,1,0
1793,914,2,2,0
1795,914,1,4,3
1797,914,4,104,100
1798,914,5,102,97
1799,914,2,69,67
1800,914,1,1,0
1801,914,1,1,0
1802,914,1,1,0
1793,915,4,4,0
1794,915,2,2,0
1797,915,1,4,3
1798,915,3,3,0
1793,916,1,1,0
1794,916,6,10,4
1793,917,2,2,0
1797,917,4,6,2
1798,917,1,1,0
1805,917,1,1,0
1806,917,1,1,0
1807,917,1,1,0
1792,918,1,12,11
1796,918,1,1,0
1797,918,14,17,3
1798,918,9,11,2
1805,918,1,1,0
1806,918,1,1,0
1807,918,2,2,0
1796,919,9,23,14
1797,919,21,59,38
1798,919,16,74,58
1799,919,3,69,66
1805,919,1,1,0
1806,919,2,2,0
1807,919,2,2,0
1793,920,5,5,0
1794,920,3,3,0
1796,920,3,4,1
1804,920,7,11,4
1794,921,1,1,0
1795,921,1,3,2
1796,921,7,28,21
1797,921,3,86,83
1799,921,7,111,104
1800,921,12,45,33
1801,921,18,20,2
1807,921,8,8,0
1792,922,2,9,7
1794,922,1,1,0
1797,922,8,21,13
1798,922,13,36,23
1799,922,6,23,17
1800,922,1,12,11
1801,922,7,7,0
1802,922,2,2,0
1804,922,1,1,0
1805,922,1,2,1
1807,922,1,1,0
1792,923,9,9,0
1795,923,2,2,0
1798,923,4,4,0
1803,923,1,3,2
1804,923,5,5,0
1805,923,4,7,3
1795,924,3,8,5
1798,924,7,10,3
1800,924,6,6,0
1801,924,9,9,0
1807,924,3,3,0
1792,925,6,7,1
1804,925,2,2,0
1805,925,3,3,0
1797,926,4,31,27
1798,926,5,59,54
1799,926,15,59,44
1804,926,12,12,0
1805,926,4,4,0
1796,927,4,10,6
1799,927,17,113,96
1800,927,9,50,41
1801,927,9,17,8
1807,927,11,12,1
1801,928,2,16,14
1802,928,3,3,0
1805,928,2,2,0
1794,929,4,4,0
1795,929,3,6,3
1805,929,1,2,1
1795,930,2,2,0
1796,930,3,5,2
1797,930,2,2,0
1799,930,2,2,0
1803,930,1,2,1
1804,930,4,5,1
1805,930,1,1,0
1796,931,3,5,2
1797,931,5,6,1
1798,931,6,7,1
1799,931,7,10,3
1800,931,2,2,0
1803,931,2,5,3
1804,931,6,6,0
1792,932,1,1,0
1794,932,3,3,0
1804,932,2,2,0
1807,932,2,4,2
1793,933,1,1,0
1800,933,6,25,19
1804,933,1,1,0
1807,933,2,2,0
1797,934,4,18,14
1798,934,7,68,61
1799,934,10,114,104
1800,934,1,64,63
1801,934,5,36,31
1802,934,5,9,4
1793,935,1,1,0
1794,935,2,5,3
1797,935,2,6,4
1798,935,5,42,37
1799,935,6,77,71
1801,935,9,35,26
1802,935,2,2,0
1806,935,3,3,0
1807,935,1,2,1
1796,936,1,1,0
1797,936,5,6,1
1792,937,4,8,4
1797,937,1,1,0
1798,937,3,3,0
1800,937,1,7,6
1796,938,3,3,0
1797,938,4,4,0
1798,938,2,2,0
1807,938,1,2,1
1795,939,1,5,4
1799,939,1,3,2
1805,939,1,2,1
1807,939,1,1,0
1794,940,4,6,2
1795,940,2,4,2
1804,940,1,5,4
1805,940,1,4,3
1793,941,3,3,0
1794,941,6,6,0
1795,941,3,3,0
1799,941,1,93,92
1804,941,1,2,1
1805,941,1,1,0
1794,942,3,3,0
1795,942,4,5,1
1797,942,1,11,10
1798,942,1,55,54
1799,942,1,102,101
1804,942,1,2,1
1807,942,2,2,0
1805,943,1,1,0
1807,943,3,5,2
1795,944,5,6,1
1805,944,3,3,0
1792,945,2,2,0
1798,945,3,3,0
1806,945,2,2,0
1798,946,6,6,0
1806,946,1,1,0
1794,947,1,4,3
1798,947,4,4,0
1800,947,5,41,36
1801,947,4,29,25
1802,947,2,14,12
1803,947,2,6,4
1804,947,3,5,2
1805,947,3,3,0
1795,948,5,5,0
1798,948,5,14,9
1800,948,6,49,43
1801,948,4,22,18
1805,948,3,5,2
1792,949,7,10,3
1798,949,9,25,16
1799,949,4,74,70
1800,949,4,151,147
1801,949,2,108,106
1803,949,1,16,15
1804,949,1,4,3
1805,949,1,2,1
1792,950,8,10,2
1798,950,9,16,7
1799,950,5,45,40
1800,950,1,36,35
1794,951,2,2,0
1795,951,3,3,0
1797,951,1,1,0
1792,952,1,1,0
1793,952,2,4,2
1794,952,2,2,0
1797,952,1,3,2
1798,952,1,5,4
1799,952,1,2,1
1801,952,2,2,0
1804,952,2,2,0
1806,952,11,15,4
1793,953,1,1,0
1794,953,2,4,2
1795,953,1,4,3
1796,953,1,1,0
1801,953,6,7,1
1806,953,3,3,0
1792,954,2,2,0
1794,954,2,2,0
1795,954,1,8,7
1796,954,1,3,2
1800,954,7,7,0
1801,954,5,21,16
1807,954,7,7,0
1792,955,1,9,8
1795,955,1,5,4
1796,955,1,1,0
1798,955,2,15,13
1799,955,2,46,44
1801,955,7,70,63
1804,955,3,6,3
1796,956,2,2,0
1798,956,4,17,13
1799,956,5,49,44
1801,956,15,111,96
1802,956,1,54,53
1805,956,1,4,3
1806,956,1,1,0
1796,957,2,4,2
1798,957,4,4,0
1799,957,5,20,15
1800,957,1,39,38
1801,957,21,77,56
1805,957,5,5,0
1806,957,11,11,0
1794,958,1,3,2
1795,958,1,4,3
1796,958,1,1,0
1801,958,15,17,2
1806,958,13,14,1
1792,959,5,5,0
1793,959,6,8,2
1794,959,4,4,0
1803,959,10,11,1
1804,959,5,5,0
1806,959,3,7,4
1798,960,2,2,0
1799,960,3,3,0
1798,961,2,2,0
1799,961,2,2,0
1800,962,12,36,24
1801,962,10,43,33
1802,962,9,37,28
1803,962,7,14,7
1806,962,2,2,0
1801,965,2,9,7
1802,965,2,9,7
1806,965,5,5,0
1807,965,5,5,0
1798,966,2,2,0
1799,966,2,2,0
1798,967,2,2,0
1799,967,2,2,0
1800,967,5,5,0
1802,967,1,1,0
1803,967,2,6,4
1804,967,1,5,4
1807,967,1,1,0
1800,968,1,1,0
1801,968,2,6,4
1802,968,4,4,0
1805,968,2,2,0
1806,968,6,6,0
1803,969,2,17,15
1800,970,16,75,59
1803,970,13,57,44
1804,970,5,8,3
1806,970,3,9,6
1807,970,1,1,0
1800,971,10,50,40
1801,971,9,79,70
1802,971,9,80,71
1801,972,3,6,3
1802,972,6,9,3
1800,973,6,6,0
1803,973,4,4,0
1804,973,3,11,8
1806,973,5,5,0
1807,973,8,8,0
1800,974,2,2,0
1801,975,8,8,0
1802,975,14,14,0
1805,975,6,6,0
1806,975,10,10,0
1806,976,3,5,2
1800,977,26,68,42
1801,977,35,128,93
1802,977,38,153,115
1803,977,26,99,73
1804,977,6,26,20
1807,977,7,7,0
1800,979,7,7,0
1801,979,6,25,19
1803,979,1,19,18
1804,979,11,11,0
1805,979,15,15,0
1806,979,9,11,2
1801,980,4,9,5
1802,980,9,10,1
1804,981,6,6,0
1805,981,9,15,6
1806,981,14,15,1
1807,981,10,10,0
1800,982,9,9,0
1801,982,1,1,0
1804,982,4,10,6
1805,982,7,7,0
1807,983,6,11,5
1801,984,3,49,46
1802,984,11,79,68
1803,984,2,60,58
1800,985,10,10,0
1801,985,7,74,67
1802,985,1,122,121
1804,985,5,43,38
1805,985,5,5,0
1806,985,1,1,0
1800,986,2,2,0
1805,987,3,7,4
1806,987,5,6,1
1802,988,7,11,4
1803,988,3,9,6
1800,990,8,15,7
1801,990,11,11,0
1802,990,9,9,0
1803,990,7,10,3
1804,990,7,12,5
1805,990,12,12,0
1806,990,11,11,0
1807,990,8,9,1
1802,991,9,56,47
1807,991,5,5,0
1802,992,14,61,47
1804,992,12,59,47
1802,993,13,28,15
1803,993,8,49,41
1804,993,8,26,18
1800,994,1,4,3
1802,994,1,1,0
1803,994,9,9,0
1806,994,1,1,0
1800,996,3,3,0
1802,996,3,3,0
1806,996,5,5,0
1800,997,4,4,0
1802,997,4,9,5
1804,997,2,5,3
1806,997,2,2,0
1800,998,1,6,5
1803,998,7,53,46
1805,998,7,19,12
1806,998,4,7,3
1801,999,2,2,0
1803,999,24,91,67
1805,999,23,47,24
1806,999,1,15,14
1800,1000,6,6,0
1801,1000,2,2,0
1804,1000,4,67,63
1805,1000,14,24,10
1800,1001,3,7,4
1804,1001,2,8,6
1805,1001,3,3,0
1801,1002,1,3,2
1805,1002,2,6,4
1806,1002,2,8,6
1802,1003,3,7,4
1802,1004,2,6,4
1803,1004,1,12,11
1807,1004,2,7,5
1803,1005,3,62,59
1807,1005,3,6,3
1803,1006,3,94,91
1804,1006,2,95,93
1800,1007,3,3,0
1803,1007,3,67,64
1804,1007,4,78,74
1800,1008,9,9,0
1803,1008,10,16,6
1804,1008,14,20,6
1807,1008,4,4,0
1807,1009,1,1,0
1801,1010,3,11,8
1805,1010,4,4,0
1806,1010,7,12,5
1800,1012,4,4,0
1803,1012,12,40,28
1804,1012,11,53,42
1800,1013,9,12,3
1802,1013,1,25,24
1803,1013,20,86,66
1804,1013,16,107,91
1807,1013,3,8,5
1802,1014,5,9,4
1803,1014,11,53,42
1804,1014,7,71,64
1806,1015,1,5,4
1801,1016,4,9,5
1802,1016,2,2,0
1805,1016,3,3,0
1801,1017,3,7,4
1802,1017,1,2,1
1805,1017,2,2,0
1801,1018,2,4,2
1805,1018,6,9,3
1800,1019,6,9,3
1801,1019,10,10,0
1802,1019,3,3,0
1803,1019,4,11,7
1804,1019,7,38,31
1805,1019,13,39,26
1806,1019,11,16,5
1807,1019,4,5,1
1800,1021,13,13,0
1801,1021,14,16,2
1802,1021,13,23,10
1803,1021,12,56,44
1804,1021,14,95,81
1805,1021,16,84,68
1806,1021,14,38,24
1807,1021,10,10,0
1800,1023,5,11,6
1801,1023,1,6,5
1804,1023,4,8,4
1805,1023,2,2,0
1807,1023,2,8,6
1801,1024,2,2,0
1802,1024,6,6,0
1800,1025,1,2,1
1800,1026,4,4,0
1801,1026,2,2,0
1803,1026,9,21,12
1805,1026,14,18,4
1801,1027,9,9,0
1803,1027,24,39,15
1805,1027,3,64,61
1801,1028,4,12,8
1803,1028,21,33,12
1805,1028,12,100,88
1807,1028,9,9,0
1801,1029,1,13,12
1803,1029,5,5,0
1805,1029,20,69,49
1800,1030,4,4,0
1801,1030,5,7,2
1805,1030,8,12,4
1802,1031,3,3,0
1807,1031,12,13,1
1805,1032,2,2,0
1806,1032,4,4,0
1807,1032,5,6,1
1800,1033,2,3,1
1801,1033,3,3,0
1801,1034,3,3,0
1801,1036,3,5,2
1801,1037,3,4,1
1804,1037,4,9,5
1805,1037,10,26,16
1806,1037,4,15,11
1804,1038,2,2,0
1805,1038,9,9,0
1806,1038,6,6,0
1801,1040,6,6,0
1802,1040,1,1,0
1805,1040,10,18,8
1806,1040,13,13,0
1803,1041,1,1,0
1804,1041,5,29,24
1805,1041,5,54,49
1803,1042,5,5,0
1804,1042,11,53,42
1805,1042,1,99,98
1800,1043,1,1,0
1804,1043,3,39,36
1805,1043,2,90,88
1806,1043,3,91,88
1807,1043,8,59,51
1801,1044,5,10,5
1802,1044,3,3,0
1806,1044,8,36,28
1807,1044,8,20,12
1801,1045,4,4,0
1802,1045,9,9,0
1803,1045,1,1,0
1803,1046,4,7,3
1800,1047,15,15,0
1804,1047,4,4,0
1807,1047,6,6,0
1801,1048,6,7,1
1802,1048,3,3,0
1804,1048,1,5,4
1805,1048,2,28,26
1806,1048,4,28,24
1807,1048,5,9,4
1804,1049,4,29,25
1805,1049,10,65,55
1806,1049,15,72,57
1807,1049,18,55,37
1804,1050,2,28,26
1805,1050,4,63,59
1806,1050,7,69,62
1807,1050,8,52,44
1800,1051,4,4,0
1801,1051,5,5,0
1805,1052,2,8,6
1806,1052,2,10,8
1807,1052,2,3,1
1809,1052,1,2,1
1802,1053,1,9,8
1803,1053,1,2,1
1809,1053,1,2,1
1801,1054,4,4,0
1802,1054,5,6,1
1808,1054,1,2,1
1809,1054,2,2,0
1801,1055,1,1,0
1804,1055,1,2,1
1808,1055,1,2,1
1809,1055,2,2,0
1803,1056,2,13,11
1805,1056,51,51,0
1808,1056,6,8,2
1812,1056,4,4,0
1813,1056,3,3,0
1805,1057,39,92,53
1808,1057,10,25,15
1809,1057,4,13,9
1810,1057,2,4,2
1811,1057,4,4,0
1812,1057,2,4,2
1800,1058,2,2,0
1802,1058,6,6,0
1803,1058,4,4,0
1804,1058,2,3,1
1805,1058,4,23,19
1807,1058,1,28,27
1815,1058,6,6,0
1802,1059,12,12,0
1804,1059,1,1,0
1815,1059,8,8,0
1802,1060,8,9,1
1804,1060,6,6,0
1806,1060,19,20,1
1808,1060,3,3,0
1809,1060,2,2,0
1810,1060,4,4,0
1801,1061,1,1,0
1802,1061,5,5,0
1804,1061,2,2,0
1806,1061,5,5,0
1800,1062,3,3,0
1801,1062,4,4,0
1806,1062,5,5,0
1812,1062,1,1,0
1813,1062,1,1,0
1814,1062,1,1,0
1815,1062,4,4,0
1804,1063,10,13,3
1806,1063,17,82,65
1807,1063,24,93,69
1810,1063,1,1,0
1815,1063,1,1,0
1800,1064,8,8,0
1805,1064,17,99,82
1808,1064,7,81,74
1809,1064,6,22,16
1811,1064,2,3,1
1800,1065,1,1,0
1803,1065,2,8,6
1805,1065,16,87,71
1811,1065,3,3,0
1812,1065,1,1,0
1803,1066,3,3,0
1805,1066,13,45,32
1811,1066,2,2,0
1803,1067,2,2,0
1805,1067,11,12,1
1807,1067,1,8,7
1811,1067,1,1,0
1813,1067,1,2,1
1814,1067,1,7,6
1803,1068,7,7,0
1805,1068,7,7,0
1807,1068,3,3,0
1810,1068,2,4,2
1811,1068,1,1,0
1814,1068,2,9,7
1800,1069,1,1,0
1801,1069,1,1,0
1803,1069,7,7,0
1807,1069,2,4,2
1808,1069,4,4,0
1810,1069,4,5,1
1811,1069,2,4,2
1814,1069,1,7,6
1801,1070,2,2,0
1803,1070,4,4,0
1804,1070,4,4,0
1806,1070,6,8,2
1810,1070,2,2,0
1811,1070,2,7,5
1803,1071,5,5,0
1804,1071,14,15,1
1806,1071,8,36,28
1811,1071,3,10,7
1812,1071,1,2,1
1803,1072,4,8,4
1804,1072,1,2,1
1803,1073,3,5,2
1804,1073,1,1,0
1802,1074,2,2,0
1803,1074,2,2,0
1802,1075,2,3,1
1802,1076,2,3,1
1802,1077,1,1,0
1807,1077,3,17,14
1808,1077,3,13,10
1809,1077,2,2,0
1811,1077,1,5,4
1812,1077,1,6,5
1807,1078,4,42,38
1808,1078,4,38,34
1809,1078,3,14,11
1811,1078,1,1,0
1800,1079,1,7,6
1807,1079,4,59,55
1808,1079,4,58,54
1809,1079,3,25,22
1812,1079,1,1,0
1801,1080,5,5,0
1802,1080,3,7,4
1805,1080,5,5,0
1806,1080,3,15,12
1808,1080,6,11,5
1809,1080,4,9,5
1810,1080,3,6,3
1811,1080,1,1,0
1801,1081,2,2,0
1802,1081,3,3,0
1808,1081,3,6,3
1809,1081,3,6,3
1810,1081,3,5,2
1811,1081,2,2,0
1810,1082,1,1,0
1811,1082,2,2,0
1812,1082,2,2,0
1803,1083,2,4,2
1806,1083,3,5,2
1807,1083,5,8,3
1811,1083,1,1,0
1812,1083,2,3,1
1813,1083,2,3,1
1800,1084,3,10,7
1807,1084,1,8,7
1808,1084,2,9,7
1809,1084,1,5,4
1813,1084,1,3,2
1814,1084,1,2,1
1815,1084,1,1,0
1800,1085,5,5,0
1804,1085,1,1,0
1805,1085,1,1,0
1808,1085,9,25,16
1809,1085,7,16,9
1810,1085,4,5,1
1803,1086,1,6,5
1804,1086,1,4,3
1808,1086,3,28,25
1809,1086,3,18,15
1810,1086,2,5,3
1800,1087,5,5,0
1801,1087,1,1,0
1802,1087,4,4,0
1803,1087,7,7,0
1807,1087,5,35,30
1812,1087,3,3,0
1813,1087,2,5,3
1814,1087,1,3,2
1801,1088,3,3,0
1802,1088,6,6,0
1803,1088,2,2,0
1806,1088,2,3,1
1807,1088,1,7,6
1802,1089,1,1,0
1803,1089,1,1,0
1806,1089,1,4,3
1807,1089,2,3,1
1808,1089,2,6,4
1814,1089,1,2,1
1815,1089,2,3,1
1809,1090,1,1,0
1810,1090,1,2,1
1814,1090,1,1,0
1815,1090,3,7,4
1807,1091,5,5,0
1808,1091,2,4,2
1809,1091,1,1,0
1810,1091,1,1,0
1815,1091,1,1,0
1803,1092,1,1,0
1806,1092,4,10,6
1807,1092,15,30,15
1803,1093,6,8,2
1804,1093,2,2,0
1806,1093,2,21,19
1807,1093,13,47,34
1800,1094,1,1,0
1803,1094,7,9,2
1804,1094,5,5,0
1807,1094,8,34,26
1808,1094,1,51,50
1815,1094,1,6,5
1800,1095,3,5,2
1803,1095,7,7,0
1804,1095,3,3,0
1807,1095,4,8,4
1808,1095,3,10,7
1812,1095,1,9,8
1815,1095,1,1,0
1808,1096,6,6,0
1815,1096,3,7,4
1815,1097,5,5,0
1804,1098,1,1,0
1810,1098,1,3,2
1811,1098,5,8,3
1812,1098,4,4,0
1800,1099,1,1,0
1804,1099,1,1,0
1805,1099,3,3,0
1806,1099,5,5,0
1807,1099,6,7,1
1808,1099,3,9,6
1812,1099,2,2,0
1800,1100,2,3,1
1804,1100,1,1,0
1805,1100,5,6,1
1806,1100,7,13,6
1807,1100,7,17,10
1812,1100,1,1,0
1800,1101,1,3,2
1804,1101,1,1,0
1805,1101,4,7,3
1806,1101,3,13,10
1807,1101,2,17,15
1812,1101,1,2,1
1804,1102,1,2,1
1805,1102,2,4,2
1808,1102,5,31,26
1809,1102,1,16,15
1810,1102,2,5,3
1811,1102,3,3,0
1812,1102,3,3,0
1804,1103,1,3,2
1805,1103,1,1,0
1811,1103,3,4,1
1812,1103,1,1,0
1815,1103,2,5,3
1803,1104,1,1,0
1804,1104,1,1,0
1810,1104,5,5,0
1811,1104,1,1,0
1813,1104,3,3,0
1804,1105,1,1,0
1805,1105,1,1,0
1806,1105,1,2,1
1807,1105,1,2,1
1809,1105,4,4,0
1810,1105,4,4,0
1813,1105,3,6,3
1814,1105,7,7,0
1815,1105,1,3,2
1800,1106,1,1,0
1804,1106,1,1,0
1805,1106,2,3,1
1806,1106,3,6,3
1807,1106,4,8,4
1808,1106,7,7,0
1814,1106,4,4,0
1815,1106,1,1,0
1800,1107,2,2,0
1801,1107,1,1,0
1804,1107,1,1,0
1805,1107,3,5,2
1806,1107,5,9,4
1807,1107,7,12,5
1811,1107,1,1,0
1814,1107,1,1,0
1800,1108,2,2,0
1801,1108,1,1,0
1804,1108,1,1,0
1805,1108,3,5,2
1806,1108,5,9,4
1807,1108,7,12,5
1810,1108,6,25,19
1811,1108,9,9,0
1812,1108,2,2,0
1813,1108,4,4,0
1814,1108,5,5,0
1800,1109,1,1,0
1804,1109,1,1,0
1805,1109,2,3,1
1806,1109,3,6,3
1807,1109,4,8,4
1808,1109,1,20,19
1810,1109,4,14,10
1811,1109,2,3,1
1813,1109,1,2,1
1814,1109,3,3,0
1804,1110,1,1,0
1805,1110,1,1,0
1806,1110,1,2,1
1807,1110,1,2,1
1803,1111,1,1,0
1804,1111,1,1,0
1810,1111,4,4,0
1811,1111,1,1,0
1813,1111,4,4,0
1814,1111,2,2,0
1800,1112,2,2,0
1801,1112,3,3,0
1802,1112,3,4,1
1803,1112,1,2,1
1806,1112,1,1,0
1807,1112,3,3,0
1811,1112,5,7,2
1812,1112,4,5,1
1801,1113,1,2,1
1802,1113,2,3,1
1806,1113,1,2,1
1807,1113,3,4,1
1814,1113,1,4,3
1815,1113,6,6,0
1802,1114,2,2,0
1803,1114,1,1,0
1808,1114,6,28,22
1814,1114,2,2,0
1815,1114,5,5,0
1802,1115,1,1,0
1803,1115,1,1,0
1811,1115,4,11,7
1802,1116,1,1,0
1803,1116,1,1,0
1811,1116,4,4,0
1802,1117,2,2,0
1803,1117,1,1,0
1808,1117,5,5,0
1809,1117,4,4,0
1815,1117,2,2,0
1801,1118,1,2,1
1802,1118,2,3,1
1806,1118,1,2,1
1807,1118,3,4,1
1808,1118,5,5,0
1809,1118,1,4,3
1800,1119,2,2,0
1801,1119,3,3,0
1802,1119,3,4,1
1803,1119,1,2,1
1807,1119,3,3,0
1805,1120,1,1,0
1806,1120,1,1,0
1807,1120,1,1,0
1809,1120,1,7,6
1810,1120,3,3,0
1813,1120,3,3,0
1805,1121,1,1,0
1806,1121,1,1,0
1807,1121,1,1,0
1810,1121,4,20,16
1813,1121,3,3,0
1805,1122,1,1,0
1806,1122,1,1,0
1807,1122,1,1,0
1808,1122,8,37,29
1811,1122,4,5,1
1812,1122,2,2,0
1815,1122,1,1,0
1805,1123,1,1,0
1806,1123,1,1,0
1807,1123,1,1,0
1808,1123,9,25,16
1815,1123,3,3,0
1805,1124,1,1,0
1806,1124,1,1,0
1807,1124,1,1,0
1808,1124,3,3,0
1810,1124,3,6,3
1815,1124,2,3,1
1805,1125,1,1,0
1806,1125,1,1,0
1807,1125,1,1,0
1810,1125,2,2,0
1805,1126,1,1,0
1806,1126,1,1,0
1807,1126,1,1,0
1810,1126,2,2,0
1805,1127,1,1,0
1806,1127,1,1,0
1807,1127,1,1,0
1810,1127,1,1,0
1811,1128,4,4,0
1812,1128,5,5,0
1815,1128,2,4,2
1810,1129,2,27,25
1811,1129,1,3,2
1812,1129,1,1,0
1813,1129,2,4,2
1809,1130,6,44,38
1810,1130,7,33,26
1813,1130,7,8,1
1814,1130,4,4,0
1809,1131,3,25,22
1810,1131,3,16,13
1813,1131,4,5,1
1814,1131,1,1,0
1812,1132,3,6,3
1815,1132,4,5,1
1808,1133,1,1,0
1811,1133,4,4,0
1812,1133,5,12,7
1815,1133,6,6,0
1808,1134,3,5,2
1815,1134,3,3,0
1809,1135,6,15,9
1810,1135,4,4,0
1813,1135,5,6,1
1814,1135,1,1,0
1809,1136,3,41,38
1810,1136,10,52,42
1811,1136,5,16,11
1814,1136,1,6,5
1809,1137,3,44,41
1810,1137,10,51,41
1811,1137,5,21,16
1814,1137,1,3,2
1809,1138,2,17,15
1810,1138,8,24,16
1811,1138,3,11,8
1813,1138,1,2,1
1814,1138,1,4,3
1810,1139,1,1,0
1811,1139,1,2,1
1813,1139,1,1,0
1814,1139,2,3,1
1809,1140,1,2,1
1810,1140,2,2,0
1813,1142,3,3,0
1814,1142,4,6,2
1813,1143,3,6,3
1814,1143,4,7,3
1808,1144,5,13,8
1809,1144,3,51,48
1810,1144,2,59,57
1808,1145,3,15,12
1809,1145,3,42,39
1810,1145,1,45,44
1814,1145,1,5,4
1814,1146,1,4,3
1809,1149,3,3,0
1810,1149,2,7,5
1811,1149,1,4,3
1815,1149,1,1,0
1814,1150,1,3,2
1815,1150,2,4,2
1808,1152,5,5,0
1809,1152,17,24,7
1810,1152,12,28,16
1813,1152,4,4,0
1814,1152,7,7,0
1809,1153,7,8,1
1810,1153,4,10,6
1814,1153,2,2,0
1808,1155,2,9,7
1812,1155,3,3,0
1808,1156,3,4,1
1812,1156,1,1,0
1815,1156,1,1,0
1809,1158,8,28,20
1810,1158,4,40,36
1814,1158,4,4,0
1808,1159,6,10,4
1809,1159,16,56,40
1810,1159,12,71,59
1813,1159,4,4,0
1814,1159,9,9,0
1812,1160,3,3,0
1815,1160,5,6,1
1815,1161,2,2,0
1808,1162,1,6,5
1812,1162,2,3,1
1813,1162,3,7,4
1814,1162,2,6,4
1808,1163,3,6,3
1812,1163,1,3,2
1813,1163,2,5,3
1812,1165,1,12,11
1813,1166,1,5,4
1808,1169,4,4,0
1809,1169,2,2,0
1810,1169,1,1,0
1811,1169,3,3,0
1812,1169,6,6,0
1813,1169,5,5,0
1814,1169,2,2,0
1809,1171,8,8,0
1810,1171,8,11,3
1811,1171,3,3,0
1814,1171,2,2,0
1815,1171,6,6,0
1809,1172,10,25,15
1810,1172,13,49,36
1811,1172,7,38,31
1812,1172,3,9,6
1815,1172,2,7,5
1809,1173,3,40,37
1810,1173,7,77,70
1809,1174,15,31,16
1810,1174,19,57,38
1811,1174,7,45,38
1813,1174,4,4,0
1809,1175,9,12,3
1810,1175,9,16,7
1814,1175,1,3,2
1809,1176,4,4,0
1810,1176,12,16,4
1812,1176,13,13,0
1815,1176,1,1,0
1815,1177,2,2,0
1808,1178,3,7,4
1811,1178,5,18,13
1814,1178,2,2,0
1808,1179,3,3,0
1811,1179,13,60,47
1813,1179,7,7,0
1814,1179,1,1,0
1811,1180,5,74,69
1813,1180,4,5,1
1809,1182,3,4,1
1810,1182,5,18,13
1812,1182,4,4,0
1815,1182,5,5,0
1809,1183,2,2,0
1810,1183,9,11,2
1812,1183,12,12,0
1808,1184,2,2,0
1810,1184,3,3,0
1811,1184,4,5,1
1812,1184,2,2,0
1813,1184,3,9,6
1814,1184,3,9,6
1815,1187,4,4,0
1815,1188,1,3,2
1808,1190,6,6,0
1810,1190,2,3,1
1808,1191,1,4,3
1812,1193,3,12,9
1813,1193,1,1,0
1811,1194,2,41,39
1812,1194,11,36,25
1813,1194,7,10,3
1808,1195,5,5,0
1811,1195,8,52,44
1812,1195,13,44,31
1813,1195,3,13,10
1815,1195,3,8,5
1808,1196,2,3,1
1810,1196,4,16,12
1811,1196,11,31,20
1812,1196,7,23,16
1815,1196,3,5,2
1809,1197,1,1,0
1810,1197,4,4,0
1811,1197,8,8,0
1815,1197,1,3,2
1809,1198,5,5,0
1810,1198,3,3,0
1814,1198,1,4,3
1809,1199,4,4,0
1810,1199,1,1,0
1813,1199,7,7,0
1814,1199,7,7,0
1808,1200,11,17,6
1810,1200,2,2,0
1811,1200,5,18,13
1812,1200,12,13,1
1813,1200,5,5,0
1814,1200,6,6,0
1815,1200,1,5,4
1812,1201,5,32,27
1813,1201,4,9,5
1810,1202,3,43,40
1811,1202,5,66,61
1812,1202,5,43,38
1813,1202,3,14,11
1809,1203,2,4,2
1810,1203,7,31,24
1811,1203,9,45,36
1812,1203,6,24,18
1813,1203,3,6,3
1814,1203,1,5,4
1815,1203,1,2,1
1810,1204,2,2,0
1811,1204,3,9,6
1808,1205,1,3,2
1811,1205,1,1,0
1813,1205,2,2,0
1814,1205,1,6,5
1808,1206,8,8,0
1812,1206,2,2,0
1813,1206,6,8,2
1814,1206,4,10,6
1808,1207,5,6,1
1808,1208,4,10,6
1809,1208,2,2,0
1810,1208,2,7,5
1813,1208,5,7,2
1814,1208,2,2,0
1815,1208,1,10,9
1809,1209,2,2,0
1810,1209,3,27,24
1813,1209,6,27,21
1814,1209,2,2,0
1811,1210,2,37,35
1812,1210,4,37,33
1813,1210,4,18,14
1808,1211,8,8,0
1815,1211,4,8,4
1808,1212,1,1,0
1815,1212,1,1,0
1811,1213,1,2,1
1812,1213,2,2,0
1813,1213,1,1,0
1809,1214,3,3,0
1810,1214,1,1,0
1813,1214,1,1,0
1814,1214,3,3,0
1809,1215,4,4,0
1810,1215,1,13,12
1813,1215,5,13,8
1814,1215,4,4,0
1810,1216,12,21,9
1811,1216,22,66,44
1812,1216,21,66,45
1813,1216,12,22,10
1808,1217,4,4,0
1810,1217,2,17,15
1813,1217,1,18,17
1814,1217,1,1,0
1815,1217,6,6,0
1810,1218,2,3,1
1811,1218,3,16,13
1812,1218,2,16,14
1813,1218,1,4,3
1808,1220,3,3,0
1809,1220,3,3,0
1814,1220,5,5,0
1815,1220,5,5,0
1808,1221,1,1,0
1809,1221,1,1,0
1810,1221,1,2,1
1812,1221,1,6,5
1813,1221,2,4,2
1814,1221,3,3,0
1815,1221,3,3,0
1811,1222,7,12,5
1812,1222,7,12,5
1813,1222,2,2,0
1808,1223,5,5,0
1815,1223,6,7,1
1809,1224,2,2,0
1810,1224,6,9,3
1814,1224,1,1,0
1815,1224,2,6,4
1809,1225,3,3,0
1810,1225,7,7,0
1811,1225,1,12,11
1813,1225,2,5,3
1814,1225,2,2,0
1809,1226,1,4,3
1813,1226,4,4,0
1814,1226,3,4,1
1814,1227,3,4,1
1808,1228,1,1,0
1813,1228,3,5,2
1814,1228,1,3,2
1810,1229,1,1,0
1811,1229,10,10,0
1812,1229,15,15,0
1813,1229,7,9,2
1810,1230,4,4,0
1811,1230,13,27,14
1812,1230,10,32,22
1808,1231,6,10,4
1815,1231,1,1,0
1811,1232,4,8,4
1812,1232,8,8,0
1813,1232,8,8,0
1814,1232,4,4,0
1812,1233,1,1,0
1813,1233,2,2,0
1808,1234,2,4,2
1813,1234,1,1,0
1814,1234,1,3,2
1808,1235,3,3,0
1814,1235,1,1,0
1815,1235,3,5,2
1810,1237,1,8,7
1808,1238,2,7,5
1809,1238,3,3,0
1810,1238,8,12,4
1811,1238,6,28,22
1812,1238,3,29,26
1814,1238,2,5,3
1815,1238,4,9,5
1810,1239,2,2,0
1811,1239,5,19,14
1809,1240,1,2,1
1810,1240,2,4,2
1811,1240,2,6,4
1815,1240,1,1,0
1809,1241,2,2,0
1810,1241,1,1,0
1811,1241,1,1,0
1809,1242,1,1,0
1815,1242,1,3,2
1809,1243,2,2,0
1810,1243,2,2,0
1811,1243,2,2,0
1815,1243,1,2,1
1809,1244,1,2,1
1810,1244,3,6,3
1811,1244,2,9,7
1809,1245,2,3,1
1810,1245,2,8,6
1811,1245,1,12,11
1809,1246,1,2,1
1810,1246,2,6,4
1811,1246,1,9,8
1809,1247,2,2,0
1810,1247,2,3,1
1811,1247,2,5,3
1808,1256,2,2,0
1812,1256,3,3,0
1813,1256,4,4,0
1814,1256,2,3,1
1808,1259,1,1,0
1809,1259,2,2,0
1812,1259,3,11,8
1813,1259,4,10,6
1814,1259,3,5,2
1808,1260,1,1,0
1809,1260,2,2,0
1812,1260,3,11,8
1813,1260,4,10,6
1814,1260,3,5,2
1808,1263,2,2,0
1812,1263,3,3,0
1813,1263,4,4,0
1814,1263,2,3,1
3248,1585,1,1,0
3249,1585,1,1,0
3250,1585,1,1,0
3248,1586,1,1,0
3249,1586,1,1,0
3250,1586,1,1,0
3248,1587,1,1,0
3249,1587,1,1,0
3250,1587,1,1,0
3248,1591,1,1,0
3249,1591,1,1,0
3250,1591,1,1,0
2724,1736,1,1,0
2725,1736,2,3,1
2726,1736,1,4,3
2727,1736,1,5,4
2724,1737,1,1,0
2725,1737,1,2,1
2726,1737,1,4,3
2727,1737,1,5,4
2725,1738,1,2,1
2726,1738,1,3,2
