X,Y,Subtracted,Original 1,Original 2
3252,1590,1,1,0
1784,832,2,2,0
1790,832,1,6,5
1791,832,3,3,0
1795,832,2,2,0
1796,832,3,3,0
1787,833,1,4,3
1794,833,1,5,4
1795,833,2,9,7
1796,833,1,5,4
1784,834,5,5,0
1787,834,1,7,6
1791,834,2,6,4
1799,834,3,4,1
1790,835,2,22,20
1791,835,4,59,55
1792,835,1,24,23
1793,835,1,9,8
1799,835,1,4,3
1789,836,2,6,4
1790,836,3,52,49
1791,836,1,104,103
1794,836,1,12,11
1795,836,1,1,0
1796,836,1,1,0
1797,836,1,1,0
1786,837,4,6,2
1794,837,2,8,6
1797,837,2,2,0
1785,838,5,5,0
1786,838,6,6,0
1785,839,1,1,0
1789,839,4,8,4
1790,839,3,6,3
1799,839,1,2,1
1784,840,6,6,0
1789,840,1,11,10
1790,840,2,5,3
1792,840,14,14,0
1793,840,2,7,5
1797,840,2,2,0
1798,840,2,3,1
1791,841,1,3,2
1795,841,5,6,1
1787,842,4,8,4
1790,842,4,16,12
1794,842,2,9,7
1784,843,4,4,0
1786,843,2,2,0
1787,843,5,5,0
1792,843,7,145,138
1797,843,4,4,0
1798,843,2,6,4
1790,844,9,21,12
1791,844,2,59,57
1792,844,13,85,72
1793,844,1,50,49
1797,844,6,8,2
1798,844,2,2,0
1786,845,1,1,0
1787,845,5,7,2
1793,845,1,1,0
1794,845,7,7,0
1795,845,6,6,0
1786,846,7,7,0
1787,846,7,9,2
1794,846,4,4,0
1795,846,1,1,0
1786,847,1,1,0
1790,847,6,6,0
1791,847,3,4,1
1792,847,6,9,3
1797,847,4,4,0
1785,848,1,2,1
1786,848,5,5,0
1787,848,5,6,1
1793,848,8,9,1
1794,848,3,3,0
1797,848,4,7,3
1798,848,1,1,0
1787,849,1,2,1
1792,849,5,27,22
1793,849,2,37,35
1784,850,2,2,0
1789,850,2,2,0
1792,850,10,75,65
1795,850,5,7,2
1784,851,1,1,0
1785,851,1,1,0
1789,851,1,1,0
1792,851,7,64,57
1795,851,3,5,2
1791,852,2,6,4
1793,852,4,12,8
1794,852,1,1,0
1786,853,2,2,0
1787,853,2,2,0
1797,853,2,2,0
1785,854,2,2,0
1786,854,1,3,2
1791,854,2,2,0
1793,854,1,9,8
1794,854,1,4,3
1797,854,1,2,1
1784,855,2,2,0
1785,855,1,3,2
1788,855,1,1,0
1789,855,1,1,0
1790,855,3,4,1
1796,855,4,4,0
1799,855,7,7,0
1793,856,5,51,46
1799,856,9,9,0
1793,857,7,101,94
1796,857,6,6,0
1797,857,4,5,1
1793,858,8,69,61
1794,858,5,61,56
1797,858,3,3,0
1798,858,4,7,3
1793,859,4,7,3
1794,859,3,9,6
1798,859,9,9,0
1792,860,5,10,5
1795,860,2,4,2
1797,860,1,1,0
1798,860,2,2,0
1796,861,6,6,0
1793,862,13,20,7
1794,862,3,15,12
1796,862,1,1,0
1797,862,1,1,0
1793,863,32,96,64
1794,863,5,80,75
1797,863,8,8,0
1799,863,3,4,1
1794,864,16,128,112
1798,864,2,2,0
1792,865,4,28,24
1793,865,6,70,64
1794,865,13,85,72
1798,865,11,12,1
1794,866,6,8,2
1799,867,1,11,10
1795,868,1,10,9
1796,868,12,12,0
1798,868,4,4,0
1799,868,6,8,2
1793,870,2,64,62
1794,870,13,87,74
1798,870,5,5,0
1792,871,2,5,3
1793,871,17,124,107
1794,871,34,200,166
1795,871,7,150,143
1796,871,17,57,40
1797,871,9,11,2
1796,872,18,27,9
1792,873,2,6,4
1794,873,3,3,0
1796,873,11,24,13
1798,873,2,13,11
1798,874,5,6,1
1793,875,3,19,16
1792,876,5,7,2
1798,876,6,13,7
1792,877,8,8,0
1793,877,15,32,17
1795,877,5,79,74
1797,877,5,5,0
1793,878,7,54,47
1795,878,12,150,138
1797,878,9,18,9
1795,879,13,72,59
1799,879,8,8,0
1794,880,1,1,0
1795,880,7,16,9
1796,880,3,14,11
1799,880,3,8,5
1792,882,6,8,2
1797,882,5,6,1
1798,882,3,8,5
1796,883,4,8,4
1797,883,5,8,3
1798,883,1,1,0
1794,884,2,31,29
1795,884,2,78,76
1794,885,6,73,67
1795,885,7,145,138
1796,885,1,151,150
1793,886,2,2,0
1794,886,5,40,35
1795,886,6,85,79
1796,886,4,85,81
1797,886,2,42,40
1798,886,1,3,2
1792,887,5,7,2
1793,888,3,3,0
1798,888,1,1,0
1799,888,2,2,0
1795,889,1,11,10
1796,889,1,1,0
1792,890,4,10,6
1795,890,9,23,14
1797,890,4,12,8
1798,890,5,5,0
1795,891,9,141,132
1797,891,4,105,101
1798,891,38,42,4
1792,892,1,6,5
1795,892,10,122,112
1798,892,29,54,25
1799,892,8,13,5
1794,893,8,37,29
1795,893,20,122,102
1798,893,13,41,28
1795,894,18,19,1
1796,894,11,21,10
1798,894,6,10,4
1793,895,5,5,0
1796,895,3,3,0
1792,896,1,1,0
1795,896,2,2,0
1796,896,1,1,0
1799,896,6,7,1
1794,898,1,12,11
1797,898,8,78,70
1798,898,13,38,25
1794,899,6,21,15
1797,899,13,152,139
1798,899,17,76,59
1796,900,2,86,84
1797,900,10,92,82
1798,900,9,42,33
1792,901,1,4,3
1796,901,4,4,0
1797,901,2,9,7
1795,902,3,3,0
1799,902,1,7,6
1792,903,5,5,0
1793,903,3,4,1
1797,903,1,1,0
1795,904,7,9,2
1796,904,1,1,0
1799,904,16,16,0
1795,905,13,18,5
1796,905,11,56,45
1799,905,4,14,10
1793,906,1,3,2
1795,906,9,16,7
1796,906,6,77,71
1797,906,1,121,120
1793,907,7,7,0
1794,907,3,3,0
1798,907,3,51,48
1799,907,1,4,3
1793,908,3,3,0
1794,908,3,3,0
1798,908,2,5,3
1795,909,5,5,0
1796,909,3,3,0
1795,910,7,7,0
1796,910,9,9,0
1799,910,1,1,0
1795,911,1,1,0
1799,911,3,3,0
1796,912,1,9,8
1797,912,15,80,65
1798,912,5,90,85
1800,912,3,3,0
1801,912,2,2,0
1798,913,1,150,149
1800,913,2,2,0
1801,913,2,2,0
1792,914,4,7,3
1798,914,2,92,90
1800,914,2,2,0
1801,914,2,2,0
1792,915,1,1,0
1797,915,5,5,0
1798,915,4,6,2
1800,915,2,2,0
1801,915,2,2,0
1794,916,8,8,0
1795,916,10,10,0
1798,916,5,10,5
1799,916,4,9,5
1800,916,2,2,0
1801,916,2,2,0
1792,917,9,9,0
1795,917,3,4,1
1798,917,7,7,0
1800,917,2,2,0
1801,917,2,2,0
1792,918,16,16,0
1797,918,2,2,0
1798,918,3,7,4
1800,918,2,2,0
1801,918,2,2,0
1794,919,6,6,0
1795,919,13,13,0
1800,919,2,2,0
1801,919,2,2,0
1793,920,3,3,0
1803,920,2,3,1
1804,920,1,1,0
1806,920,2,5,3
1807,920,5,8,3
1793,921,3,3,0
1794,921,7,7,0
1795,921,1,6,5
1796,921,1,26,25
1797,921,9,82,73
1798,921,13,115,102
1799,921,13,104,91
1801,921,3,14,11
1802,921,5,5,0
1803,921,6,9,3
1804,921,1,1,0
1796,922,1,1,0
1797,922,25,30,5
1798,922,33,48,15
1799,922,35,38,3
1800,922,6,14,8
1801,922,1,1,0
1802,922,2,2,0
1803,922,3,3,0
1792,923,12,13,1
1793,923,2,2,0
1794,923,2,4,2
1797,923,1,1,0
1798,923,4,4,0
1792,924,1,3,2
1796,924,4,5,1
1797,924,2,5,3
1798,925,3,4,1
1800,925,4,7,3
1803,925,1,5,4
1805,925,2,2,0
1806,925,1,6,5
1792,926,12,12,0
1793,926,7,7,0
1794,926,8,8,0
1795,926,1,1,0
1800,926,3,14,11
1803,926,2,2,0
1799,927,9,102,93
1804,927,4,6,2
1792,928,9,9,0
1793,928,6,6,0
1794,928,1,1,0
1801,928,1,21,20
1802,928,5,5,0
1798,929,5,11,6
1799,929,7,25,18
1792,930,2,7,5
1803,930,1,1,0
1807,930,3,5,2
1792,931,2,9,7
1793,931,2,2,0
1795,931,2,2,0
1796,931,1,1,0
1800,931,5,5,0
1803,931,4,5,1
1804,931,3,3,0
1795,932,2,9,7
1796,932,2,2,0
1799,932,3,6,3
1807,932,2,2,0
1795,933,3,5,2
1797,933,2,4,2
1800,933,11,22,11
1801,933,3,9,6
1804,933,1,1,0
1807,933,1,4,3
1792,934,7,8,1
1793,934,6,6,0
1794,934,3,3,0
1800,934,9,60,51
1801,934,8,35,27
1802,934,3,11,8
1805,934,1,1,0
1800,935,8,69,61
1801,935,12,38,26
1802,935,5,6,1
1803,936,2,2,0
1804,936,3,5,2
1794,937,2,2,0
1795,937,6,6,0
1796,937,3,3,0
1792,938,1,3,2
1793,938,1,2,1
1797,938,4,5,1
1798,938,4,4,0
1807,938,1,1,0
1793,939,4,4,0
1794,939,1,1,0
1797,939,1,2,1
1798,939,3,3,0
1794,940,10,10,0
1795,940,4,5,1
1801,940,5,25,20
1802,940,6,6,0
1804,940,1,1,0
1805,940,3,5,2
1806,940,2,3,1
1793,941,1,2,1
1794,941,4,4,0
1798,941,3,43,40
1801,941,4,61,57
1802,941,9,20,11
1805,941,3,3,0
1806,941,2,2,0
1792,942,11,11,0
1798,942,10,54,44
1799,942,7,110,103
1801,942,1,48,47
1802,942,5,15,10
1805,942,1,1,0
1795,943,8,12,4
1796,943,1,1,0
1798,943,4,8,4
1795,944,3,3,0
1796,944,3,9,6
1801,944,2,2,0
1802,944,3,3,0
1799,945,4,4,0
1806,945,1,1,0
1807,945,3,4,1
1793,946,2,12,10
1798,946,1,1,0
1800,946,7,18,11
1801,946,12,17,5
1802,946,10,13,3
1794,947,2,5,3
1799,947,2,11,9
1805,947,2,2,0
1806,947,2,2,0
1795,948,2,2,0
1799,948,2,51,49
1800,948,2,64,62
1801,948,8,38,30
1802,948,7,8,1
1792,949,4,6,2
1798,949,4,20,16
1799,949,10,79,69
1802,949,1,41,40
1792,950,2,5,3
1793,950,2,3,1
1798,950,3,11,8
1799,950,8,49,41
1800,950,10,52,42
1801,950,15,33,18
1802,950,8,8,0
1794,951,3,3,0
1796,951,5,6,1
1802,951,1,2,1
1805,951,1,1,0
1799,952,1,1,0
1801,952,4,4,0
1804,952,5,5,0
1807,952,7,7,0
1801,953,2,3,1
1804,953,3,8,5
1795,954,1,7,6
1799,954,5,15,10
1802,954,3,9,6
1795,955,2,4,2
1798,955,3,13,10
1799,955,6,44,38
1800,955,6,54,48
1802,955,6,36,30
1806,955,1,1,0
1795,956,2,4,2
1798,956,3,13,10
1799,956,6,44,38
1800,956,8,92,84
1802,956,9,59,50
1803,956,9,9,0
1795,957,1,7,6
1799,957,5,15,10
1800,957,3,45,42
1802,957,6,33,27
1803,957,5,5,0
1801,958,2,2,0
1804,958,3,3,0
1807,958,3,8,5
1799,959,1,1,0
1801,959,2,2,0
1804,959,4,4,0
1807,959,5,5,0
1805,960,1,1,0
1807,960,5,5,0
1801,961,12,19,7
1802,961,15,15,0
1801,962,13,64,51
1802,962,24,57,33
1803,962,1,6,5
1805,962,5,5,0
1806,962,6,6,0
1801,963,9,89,80
1802,963,15,74,59
1803,963,2,20,18
1805,963,6,8,2
1806,963,7,7,0
1800,964,17,43,26
1801,964,10,57,47
1802,964,3,39,36
1803,964,4,9,5
1804,964,1,1,0
1800,965,11,11,0
1804,965,2,2,0
1807,965,5,7,2
1804,966,2,5,3
1805,966,3,3,0
1807,966,9,9,0
1801,967,6,6,0
1802,967,2,2,0
1801,968,1,2,1
1800,969,14,49,35
1801,969,10,70,60
1802,969,3,64,61
1806,969,2,2,0
1800,970,9,73,64
1801,970,7,111,104
1802,970,2,109,107
1806,970,3,8,5
1807,970,2,2,0
1803,971,3,43,40
1804,971,5,9,4
1805,971,3,3,0
1803,972,4,12,8
1804,972,4,4,0
1800,973,3,8,5
1807,973,2,2,0
1800,974,6,10,4
1801,974,4,7,3
1802,974,1,2,1
1806,974,1,6,5
1807,974,2,5,3
1802,976,6,56,50
1803,976,1,21,20
1807,976,1,1,0
1800,977,6,50,44
1801,977,1,118,117
1803,977,1,104,103
1804,977,9,31,22
1807,977,1,1,0
1800,979,5,8,3
1801,979,13,24,11
1802,979,20,27,7
1803,979,10,10,0
1804,979,2,2,0
1806,979,6,14,8
1807,979,9,9,0
1802,980,1,14,13
1804,981,4,4,0
1805,981,11,11,0
1806,981,8,12,4
1807,981,3,8,5
1801,983,8,17,9
1802,983,15,51,36
1803,983,9,51,42
1807,983,7,8,1
1802,985,10,120,110
1803,985,15,111,96
1804,985,2,46,44
1806,985,1,3,2
1800,986,3,3,0
1800,987,7,7,0
1806,987,4,6,2
1802,988,11,11,0
1803,988,15,15,0
1806,988,2,7,5
1807,988,5,5,0
1800,990,13,13,0
1805,990,5,5,0
1806,990,9,9,0
1802,991,19,60,41
1803,991,18,68,50
1807,991,4,4,0
1800,992,2,2,0
1801,992,1,15,14
1802,992,2,64,62
1805,992,12,12,0
1803,993,5,42,37
1800,994,4,4,0
1803,994,7,7,0
1800,995,4,9,5
1802,995,2,2,0
1803,995,4,4,0
1806,995,2,11,9
1807,995,2,2,0
1802,996,3,3,0
1806,996,4,4,0
1802,997,4,8,4
1800,998,2,5,3
1806,998,5,7,2
1800,999,4,4,0
1803,999,12,94,82
1804,999,10,89,79
1805,999,6,48,42
1806,999,10,14,4
1801,1000,2,2,0
1802,1000,9,31,22
1803,1000,14,70,56
1804,1000,13,64,51
1805,1000,8,19,11
1803,1001,6,6,0
1804,1001,4,5,1
1802,1003,1,7,6
1802,1004,5,6,1
1803,1004,3,12,9
1807,1004,2,7,5
1802,1005,5,27,22
1803,1005,5,61,56
1804,1005,4,55,51
1805,1005,2,15,13
1800,1006,1,1,0
1801,1006,2,5,3
1804,1006,6,98,92
1805,1006,7,51,44
1806,1006,3,8,5
1800,1007,7,7,0
1804,1007,4,81,77
1805,1007,9,52,43
1806,1007,6,14,8
1802,1008,13,13,0
1803,1008,9,28,19
1807,1008,4,8,4
1804,1009,1,2,1
1805,1009,1,1,0
1800,1010,8,8,0
1804,1010,1,1,0
1805,1010,10,14,4
1806,1010,4,14,10
1807,1011,1,1,0
1803,1012,3,35,32
1804,1012,1,45,44
1800,1013,7,19,12
1803,1013,1,74,73
1804,1013,12,105,93
1805,1013,14,71,57
1806,1013,6,24,18
1800,1014,10,10,0
1804,1014,4,69,65
1805,1014,8,47,39
1806,1014,6,13,7
1801,1015,1,1,0
1802,1015,2,5,3
1807,1015,5,5,0
1807,1017,2,3,1
1801,1018,2,7,5
1807,1018,3,5,2
1800,1019,1,3,2
1801,1019,1,4,3
1803,1019,3,5,2
1804,1019,3,28,25
1805,1019,2,28,26
1806,1019,2,11,9
1807,1019,1,5,4
1803,1020,7,27,20
1804,1020,8,70,62
1805,1020,4,68,64
1802,1021,4,7,3
1803,1021,8,43,35
1804,1021,7,88,81
1805,1021,3,81,78
1802,1022,1,5,4
1803,1022,2,23,21
1804,1022,2,51,49
1805,1022,1,45,44
1802,1024,4,4,0
1803,1024,4,8,4
1805,1025,1,1,0
1806,1025,4,4,0
1807,1025,6,6,0
1802,1026,3,3,0
1801,1027,3,4,1
1802,1027,2,8,6
1806,1028,1,54,53
1807,1028,7,10,3
1807,1029,3,3,0
1800,1030,3,8,5
1801,1030,1,1,0
1802,1031,2,4,2
1803,1031,5,8,3
1804,1031,1,1,0
1804,1033,3,6,3
1805,1033,6,10,4
1806,1033,4,4,0
1800,1034,1,1,0
1801,1034,1,1,0
1803,1034,1,3,2
1804,1034,2,25,23
1805,1034,1,43,42
1806,1034,1,35,34
1807,1034,2,14,12
1801,1035,3,4,1
1802,1035,1,3,2
1805,1036,1,55,54
1806,1036,2,45,43
1807,1036,3,16,13
1800,1037,1,1,0
1801,1037,1,2,1
1804,1037,2,8,6
1805,1037,2,20,18
1806,1037,2,11,9
1800,1038,5,5,0
1801,1038,4,4,0
1802,1038,3,3,0
1803,1038,2,2,0
1804,1038,1,2,1
1802,1040,5,6,1
1807,1040,2,2,0
1801,1041,1,2,1
1802,1041,13,13,0
1803,1041,3,3,0
1804,1041,5,25,20
1805,1041,5,58,53
1802,1042,5,6,1
1804,1042,7,45,38
1805,1042,20,112,92
1805,1043,27,105,78
1806,1043,13,93,80
1800,1044,9,11,2
1801,1044,5,5,0
1802,1044,7,7,0
1805,1044,20,47,27
1806,1044,10,37,27
1807,1044,4,26,22
1802,1045,9,9,0
1805,1045,7,7,0
1802,1046,1,6,5
1805,1046,3,4,1
1800,1047,9,9,0
1802,1047,3,7,4
1805,1047,6,10,4
1800,1048,4,4,0
1804,1048,7,11,4
1805,1048,10,32,22
1806,1048,7,28,21
1807,1048,3,9,6
1801,1050,2,2,0
1803,1050,1,1,0
1801,1051,2,5,3
1807,1051,2,9,7
1804,1052,1,1,0
1805,1052,2,5,3
1809,1052,1,2,1
1809,1053,1,2,1
1800,1054,1,1,0
1801,1054,1,2,1
1808,1054,1,2,1
1809,1054,2,2,0
1802,1055,2,2,0
1803,1055,3,3,0
1804,1055,1,1,0
1805,1055,2,2,0
1806,1055,6,8,2
1807,1055,11,15,4
1808,1055,1,2,1
1809,1055,2,2,0
1805,1056,33,35,2
1815,1056,1,1,0
1800,1057,2,2,0
1803,1057,7,9,2
1804,1057,17,17,0
1805,1057,18,63,45
1807,1057,26,72,46
1808,1057,7,23,16
1809,1057,6,11,5
1810,1057,2,2,0
1811,1057,4,4,0
1812,1057,3,5,2
1805,1058,1,26,25
1807,1058,4,23,19
1812,1058,4,4,0
1813,1058,3,3,0
1800,1059,2,10,8
1801,1059,8,8,0
1802,1059,4,4,0
1805,1059,5,5,0
1812,1059,3,3,0
1814,1059,1,1,0
1803,1060,1,4,3
1804,1060,8,8,0
1807,1060,1,1,0
1810,1060,7,7,0
1811,1060,7,11,4
1812,1060,2,4,2
1815,1060,1,3,2
1810,1061,3,3,0
1811,1061,4,7,3
1815,1061,5,5,0
1801,1062,17,17,0
1802,1062,6,6,0
1806,1062,21,21,0
1807,1062,20,67,47
1814,1062,1,1,0
1815,1062,5,6,1
1804,1063,3,14,11
1806,1063,11,77,66
1807,1063,66,146,80
1808,1063,19,46,27
1809,1063,10,21,11
1813,1063,1,3,2
1800,1064,2,2,0
1802,1064,8,8,0
1803,1064,2,4,2
1805,1064,8,78,70
1811,1064,4,4,0
1812,1064,3,4,1
1802,1065,4,10,6
1803,1065,1,7,6
1804,1065,3,3,0
1805,1065,15,69,54
1806,1065,4,72,68
1807,1065,11,129,118
1809,1065,2,12,10
1811,1065,7,7,0
1812,1065,5,6,1
1813,1065,2,2,0
1814,1065,3,4,1
1815,1065,3,3,0
1800,1066,2,6,4
1802,1066,8,9,1
1803,1066,1,2,1
1805,1066,10,35,25
1807,1066,5,59,54
1808,1066,1,21,20
1814,1066,3,7,4
1800,1067,3,3,0
1802,1067,5,5,0
1805,1067,4,9,5
1802,1068,3,4,1
1805,1068,5,5,0
1810,1068,2,6,4
1811,1068,1,4,3
1814,1068,3,11,8
1800,1069,4,4,0
1802,1069,5,6,1
1810,1069,1,5,4
1800,1070,8,8,0
1801,1070,1,4,3
1802,1070,7,7,0
1807,1070,2,15,13
1802,1071,4,4,0
1804,1071,2,16,14
1805,1071,9,9,0
1806,1071,8,52,44
1807,1071,19,56,37
1808,1071,3,20,17
1810,1071,1,1,0
1811,1071,1,8,7
1814,1071,5,5,0
1815,1071,6,6,0
1814,1072,2,2,0
1806,1073,2,2,0
1807,1073,7,18,11
1808,1073,1,6,5
1809,1073,2,5,3
1810,1073,2,3,1
1804,1074,1,1,0
1805,1074,2,2,0
1806,1074,5,5,0
1807,1074,7,7,0
1809,1074,1,3,2
1810,1074,3,4,1
1811,1074,5,5,0
1812,1074,2,2,0
1811,1075,4,5,1
1812,1075,2,2,0
1801,1076,1,4,3
1802,1076,1,3,2
1815,1076,2,3,1
1802,1077,2,2,0
1808,1077,12,15,3
1815,1077,2,5,3
1803,1078,3,6,3
1804,1078,4,5,1
1805,1078,5,7,2
1806,1078,5,28,23
1807,1078,6,55,49
1808,1078,17,38,21
1809,1078,3,14,11
1811,1078,1,1,0
1812,1078,1,4,3
1815,1078,5,5,0
1800,1079,1,5,4
1806,1079,5,23,18
1807,1079,8,61,53
1808,1079,14,55,41
1809,1079,1,24,23
1811,1079,2,2,0
1812,1079,6,6,0
1815,1079,5,5,0
1800,1083,1,1,0
1808,1083,2,4,2
1807,1084,1,4,3
1808,1084,6,12,6
1811,1084,2,2,0
1812,1084,1,3,2
1815,1084,1,1,0
1803,1085,3,4,1
1804,1085,5,5,0
1805,1085,4,4,0
1806,1085,7,17,10
1807,1085,7,35,28
1808,1085,9,23,14
1811,1085,2,2,0
1812,1085,2,4,2
1815,1085,4,4,0
1803,1086,4,7,3
1804,1086,4,7,3
1805,1086,2,8,6
1808,1086,11,34,23
1811,1086,2,2,0
1812,1086,3,4,1
1815,1086,6,6,0
1803,1087,1,1,0
1808,1087,13,41,28
1811,1087,2,2,0
1812,1087,2,3,1
1815,1087,8,8,0
1800,1088,2,4,2
1801,1088,3,3,0
1802,1088,2,2,0
1805,1088,1,1,0
1806,1088,2,2,0
1808,1088,4,4,0
1812,1088,3,3,0
1813,1088,5,5,0
1808,1089,1,5,4
1814,1089,2,2,0
1803,1090,1,2,1
1810,1090,1,3,2
1811,1090,2,2,0
1814,1090,1,1,0
1815,1090,3,5,2
1801,1091,2,2,0
1802,1091,2,2,0
1803,1091,2,2,0
1804,1091,1,1,0
1810,1091,1,1,0
1811,1091,5,5,0
1800,1092,3,4,1
1801,1092,2,2,0
1805,1092,3,3,0
1809,1092,1,17,16
1810,1092,1,1,0
1811,1092,1,1,0
1805,1093,6,7,1
1810,1093,1,3,2
1815,1093,3,4,1
1805,1094,4,6,2
1812,1094,1,2,1
1815,1094,2,5,3
1805,1095,1,1,0
1806,1095,2,2,0
1808,1095,3,9,6
1811,1095,3,8,5
1812,1095,3,10,7
1805,1096,1,3,2
1806,1096,1,5,4
1807,1096,2,6,4
1812,1096,1,3,2
1813,1096,6,6,0
1814,1096,5,6,1
1806,1097,2,3,1
1807,1097,1,3,2
1806,1098,1,1,0
1807,1098,1,1,0
1810,1098,1,4,3
1806,1099,1,2,1
1810,1099,2,4,2
1810,1100,2,5,3
1810,1101,1,6,5
1800,1102,1,1,0
1801,1102,1,1,0
1813,1102,3,3,0
1800,1103,2,4,2
1801,1103,2,3,1
1802,1103,1,2,1
1803,1103,1,1,0
1813,1103,2,2,0
1814,1103,3,3,0
1804,1104,1,1,0
1805,1104,2,2,0
1806,1104,2,3,1
1807,1104,3,4,1
1810,1104,1,2,1
1811,1104,2,2,0
1812,1104,1,1,0
1804,1105,1,1,0
1805,1105,1,2,1
1806,1105,1,3,2
1807,1105,1,4,3
1808,1105,3,3,0
1809,1105,2,2,0
1810,1105,2,2,0
1811,1105,1,1,0
1814,1105,3,5,2
1815,1105,5,6,1
1800,1106,1,1,0
1801,1106,1,1,0
1808,1106,6,11,5
1809,1106,3,7,4
1814,1106,1,2,1
1815,1106,2,4,2
1800,1107,1,1,0
1801,1107,1,1,0
1800,1108,1,1,0
1801,1108,1,1,0
1810,1108,1,22,21
1811,1108,6,11,5
1812,1108,3,3,0
1813,1108,2,2,0
1814,1108,3,3,0
1815,1108,3,5,2
1800,1109,1,1,0
1801,1109,1,1,0
1808,1109,5,23,18
1809,1109,3,18,15
1814,1109,1,1,0
1815,1109,2,2,0
1804,1110,1,1,0
1805,1110,1,2,1
1806,1110,1,3,2
1807,1110,1,4,3
1808,1110,1,1,0
1804,1111,1,1,0
1805,1111,2,2,0
1806,1111,2,3,1
1807,1111,3,4,1
1810,1111,2,2,0
1811,1111,2,2,0
1812,1111,2,2,0
1813,1111,1,1,0
1805,1112,1,1,0
1808,1112,7,7,0
1800,1113,3,3,0
1801,1113,1,3,2
1812,1113,3,3,0
1813,1113,3,4,1
1800,1114,5,5,0
1801,1114,2,3,1
1805,1114,1,1,0
1811,1114,5,5,0
1812,1114,2,2,0
1800,1115,1,1,0
1804,1115,1,1,0
1805,1115,5,5,0
1806,1115,4,10,6
1807,1115,3,13,10
1808,1115,13,61,48
1809,1115,4,47,43
1800,1116,1,1,0
1804,1116,1,1,0
1805,1116,5,5,0
1806,1116,4,10,6
1807,1116,3,13,10
1808,1116,14,33,19
1809,1116,4,23,19
1815,1116,2,3,1
1800,1117,5,5,0
1801,1117,2,3,1
1805,1117,1,1,0
1811,1117,2,2,0
1812,1117,5,5,0
1813,1117,1,5,4
1800,1118,3,3,0
1801,1118,1,3,2
1811,1118,2,5,3
1812,1118,5,6,1
1813,1118,2,4,2
1805,1119,1,1,0
1808,1119,8,8,0
1814,1119,1,1,0
1815,1119,2,2,0
1809,1121,1,32,31
1810,1121,3,21,18
1815,1121,1,1,0
1809,1122,2,45,43
1810,1122,3,28,25
1811,1122,3,4,1
1812,1122,1,2,1
1815,1122,1,1,0
1809,1123,1,31,30
1810,1123,3,17,14
1815,1123,3,3,0
1810,1124,1,4,3
1810,1126,1,2,1
1815,1126,1,4,3
1809,1127,2,7,5
1810,1127,2,2,0
1812,1127,1,6,5
1815,1127,3,7,4
1810,1128,13,13,0
1813,1128,2,2,0
1808,1129,8,16,8
1810,1129,6,28,22
1812,1129,1,4,3
1813,1129,4,4,0
1815,1129,1,1,0
1808,1130,20,27,7
1812,1130,4,4,0
1813,1130,2,2,0
1815,1130,1,1,0
1808,1131,8,8,0
1813,1132,1,1,0
1810,1133,1,1,0
1813,1133,5,5,0
1815,1133,2,5,3
1808,1134,1,5,4
1810,1134,3,3,0
1813,1134,4,4,0
1815,1134,3,4,1
1808,1135,9,9,0
1815,1135,1,1,0
1808,1136,4,4,0
1809,1136,2,44,42
1813,1136,3,9,6
1814,1136,2,6,4
1808,1137,1,16,15
1809,1137,2,50,48
1810,1137,4,47,43
1811,1137,2,13,11
1809,1138,3,27,24
1810,1138,8,27,19
1811,1138,4,7,3
1815,1138,8,8,0
1809,1139,3,5,2
1810,1139,4,4,0
1815,1139,6,10,4
1808,1140,3,4,1
1809,1140,1,8,7
1812,1140,1,8,7
1813,1140,2,3,1
1815,1140,2,2,0
1809,1141,2,7,5
1812,1141,2,7,5
1813,1141,4,6,2
1809,1142,2,12,10
1810,1142,2,9,7
1814,1142,1,1,0
1815,1142,3,5,2
1809,1143,3,38,35
1810,1143,7,37,30
1811,1143,4,11,7
1815,1143,3,3,0
1808,1144,9,30,21
1809,1144,7,54,47
1810,1144,5,54,49
1811,1144,3,22,19
1812,1144,2,2,0
1813,1144,2,7,5
1814,1144,2,8,6
1809,1145,10,44,34
1810,1145,21,59,38
1811,1145,15,29,14
1815,1145,6,6,0
1809,1146,1,8,7
1810,1146,2,14,12
1811,1146,5,7,2
1808,1147,3,3,0
1812,1147,9,9,0
1813,1147,15,15,0
1814,1147,3,6,3
1810,1148,5,5,0
1811,1148,3,3,0
1815,1148,3,3,0
1812,1150,2,2,0
1813,1150,9,11,2
1814,1150,2,7,5
1810,1151,12,80,68
1811,1151,11,46,35
1812,1151,1,3,2
1814,1151,4,4,0
1815,1151,9,9,0
1809,1152,9,22,13
1810,1152,8,30,22
1814,1152,2,4,2
1809,1153,6,10,4
1810,1153,6,15,9
1814,1153,1,2,1
1812,1156,1,4,3
1812,1157,2,2,0
1808,1158,2,2,0
1809,1158,1,25,24
1811,1158,2,22,20
1812,1158,4,4,0
1815,1158,2,2,0
1808,1159,16,17,1
1809,1159,3,49,46
1811,1159,2,37,35
1812,1159,4,8,4
1808,1160,2,2,0
1809,1160,8,13,5
1810,1160,2,17,15
1813,1160,3,3,0
1814,1160,3,3,0
1809,1161,2,2,0
1810,1161,4,5,1
1810,1162,2,2,0
1809,1163,1,3,2
1810,1163,4,4,0
1811,1163,4,4,0
1812,1163,5,6,1
1813,1163,3,7,4
1814,1163,4,6,2
1815,1163,3,3,0
1808,1164,4,4,0
1811,1164,1,8,7
1812,1164,5,6,1
1813,1164,2,2,0
1808,1165,7,8,1
1812,1165,2,13,11
1813,1165,2,2,0
1815,1165,1,1,0
1808,1166,4,8,4
1811,1166,3,33,30
1812,1166,3,20,17
1809,1167,1,9,8
1810,1167,7,26,19
1811,1167,13,32,19
1812,1167,7,16,9
1815,1167,2,2,0
1808,1168,7,7,0
1809,1168,2,7,5
1814,1168,2,2,0
1808,1170,8,9,1
1809,1170,3,3,0
1811,1170,2,2,0
1812,1170,9,10,1
1813,1170,8,13,5
1814,1170,6,8,2
1815,1170,1,1,0
1808,1173,7,7,0
1809,1173,7,42,35
1810,1173,4,74,70
1815,1173,8,8,0
1809,1175,5,5,0
1810,1175,10,10,0
1811,1175,9,9,0
1812,1175,4,4,0
1813,1175,1,1,0
1814,1175,4,4,0
1815,1175,4,8,4
1812,1176,3,3,0
1815,1177,6,7,1
1812,1178,1,1,0
1809,1179,2,2,0
1810,1179,1,15,14
1813,1179,3,3,0
1809,1180,9,15,6
1813,1180,4,7,3
1815,1180,2,4,2
1809,1181,6,13,7
1815,1181,6,8,2
1809,1182,2,2,0
1815,1182,4,4,0
1812,1183,6,6,0
1815,1183,2,2,0
1809,1184,1,8,7
1813,1184,2,7,5
1810,1185,1,1,0
1814,1185,2,2,0
1808,1186,5,7,2
1810,1186,15,18,3
1812,1186,4,4,0
1814,1186,5,5,0
1808,1187,6,11,5
1810,1187,19,45,26
1812,1187,14,27,13
1814,1187,5,5,0
1808,1188,3,6,3
1810,1188,17,47,30
1812,1188,12,32,20
1814,1188,3,3,0
1810,1189,11,22,11
1812,1189,7,13,6
1814,1189,1,1,0
1810,1190,3,3,0
1812,1190,1,1,0
1809,1191,4,8,4
1810,1191,2,2,0
1813,1191,6,7,1
1808,1192,7,7,0
1811,1192,5,5,0
1812,1192,4,4,0
1815,1192,8,8,0
1808,1193,3,3,0
1809,1193,1,1,0
1810,1193,3,10,7
1811,1193,2,22,20
1812,1193,1,18,17
1815,1193,5,5,0
1809,1194,6,6,0
1810,1194,8,24,16
1809,1195,9,9,0
1810,1195,10,27,17
1809,1196,7,7,0
1810,1196,10,17,7
1811,1196,6,22,16
1812,1196,1,14,13
1813,1196,1,3,2
1815,1196,3,3,0
1808,1197,3,3,0
1811,1197,3,3,0
1812,1197,1,1,0
1815,1197,3,3,0
1808,1198,3,3,0
1808,1199,2,2,0
1812,1199,1,2,1
1813,1199,8,8,0
1814,1199,5,5,0
1808,1200,4,11,7
1811,1200,8,21,13
1815,1200,5,8,3
1811,1201,9,52,43
1813,1201,5,15,10
1809,1202,1,6,5
1811,1202,13,68,55
1813,1202,9,24,15
1814,1202,1,1,0
1809,1203,2,6,4
1810,1203,2,21,19
1811,1203,19,49,30
1813,1203,6,13,7
1814,1203,2,2,0
1815,1203,3,5,2
1809,1204,3,3,0
1810,1204,6,6,0
1811,1204,23,24,1
1813,1204,1,1,0
1814,1204,1,1,0
1815,1204,6,8,2
1809,1205,1,1,0
1811,1205,16,16,0
1815,1205,3,3,0
1811,1206,14,14,0
1813,1206,5,8,3
1814,1206,1,2,1
1808,1207,4,4,0
1811,1207,8,9,1
1813,1207,10,10,0
1814,1207,1,3,2
1808,1208,4,8,4
1810,1208,5,8,3
1811,1208,11,29,18
1812,1208,10,29,19
1813,1208,3,8,5
1810,1209,5,28,23
1811,1209,11,62,51
1812,1209,11,62,51
1813,1209,3,28,25
1810,1210,2,18,16
1811,1210,10,44,34
1812,1210,10,44,34
1813,1210,1,18,17
1811,1211,4,7,3
1812,1211,4,7,3
1808,1212,1,1,0
1815,1212,1,1,0
1808,1214,1,4,3
1815,1214,4,4,0
1810,1215,1,10,9
1811,1215,8,19,11
1812,1215,9,19,10
1813,1215,3,10,7
1810,1216,13,23,10
1811,1216,14,63,49
1812,1216,6,59,53
1810,1217,10,19,9
1811,1217,10,48,38
1812,1217,5,44,39
1810,1218,5,7,2
1811,1218,6,20,14
1812,1218,4,17,13
1813,1218,2,2,0
1811,1219,1,1,0
1808,1220,5,6,1
1809,1220,2,5,3
1813,1220,3,4,1
1814,1220,1,6,5
1811,1221,1,1,0
1811,1222,4,12,8
1810,1223,6,8,2
1811,1223,5,31,26
1815,1223,3,3,0
1808,1224,2,2,0
1811,1224,3,28,25
1812,1224,11,32,21
1813,1224,7,11,4
1815,1224,1,1,0
1808,1225,4,6,2
1811,1225,5,11,6
1812,1225,10,12,2
1813,1225,2,2,0
1815,1225,2,6,4
1808,1226,2,4,2
1810,1226,1,3,2
1811,1226,1,1,0
1815,1226,3,6,3
1809,1227,1,6,5
1810,1227,3,10,7
1811,1227,3,4,1
1809,1228,1,4,3
1810,1228,2,7,5
1813,1229,1,4,3
1814,1229,1,2,1
1808,1230,2,7,5
1813,1230,9,15,6
1814,1230,5,5,0
1815,1230,1,4,3
1808,1231,6,7,1
1812,1231,3,49,46
1813,1231,15,30,15
1814,1231,8,8,0
1815,1231,2,2,0
1813,1232,1,4,3
1809,1233,4,4,0
1812,1233,1,4,3
1813,1233,7,8,1
1814,1233,4,4,0
1809,1234,2,3,1
1813,1234,3,6,3
1814,1234,2,4,2
1813,1235,1,2,1
1808,1236,1,3,2
1809,1236,1,1,0
1810,1236,2,2,0
1811,1236,1,6,5
1813,1236,4,7,3
1814,1236,4,4,0
1815,1236,2,3,1
1810,1237,3,11,8
1814,1237,2,5,3
1814,1239,2,4,2
1815,1239,5,7,2
1808,1240,2,2,0
1808,1241,2,3,1
1813,1241,1,3,2
1808,1242,2,3,1
1812,1242,1,1,0
1813,1242,3,3,0
1814,1242,1,3,2
1808,1243,1,1,0
1809,1243,1,1,0
1810,1243,1,2,1
1811,1243,3,4,1
1812,1243,5,7,2
1813,1243,5,7,2
1814,1243,1,4,3
1809,1244,1,2,1
1810,1244,1,6,5
1811,1244,3,12,9
1812,1244,5,14,9
1813,1244,4,11,7
1814,1244,2,5,3
1811,1245,1,13,12
1812,1245,2,15,13
1813,1245,3,12,9
1813,1246,1,8,7
1808,1247,1,1,0
1811,1248,1,1,0
1812,1248,1,1,0
1813,1248,1,1,0
1810,1249,1,1,0
1811,1249,1,2,1
1812,1249,1,2,1
1809,1250,1,1,0
1814,1250,1,3,2
1815,1250,1,2,1
1808,1251,1,1,0
1809,1251,1,2,1
1814,1251,1,4,3
1815,1251,2,3,1
1808,1252,1,1,0
1809,1252,1,2,1
1814,1252,1,4,3
1815,1252,2,3,1
1809,1253,1,1,0
1814,1253,1,3,2
1815,1253,1,2,1
1810,1254,1,1,0
1811,1254,1,2,1
1812,1254,1,2,1
1811,1255,1,1,0
1812,1255,1,1,0
1813,1255,1,1,0
1810,1257,1,1,0
1811,1257,2,2,0
1812,1257,3,3,0
1813,1257,2,2,0
1814,1257,2,2,0
1815,1257,1,1,0
1809,1258,2,2,0
1810,1258,3,5,2
1811,1258,3,7,4
1812,1258,4,8,4
1813,1258,4,6,2
1814,1258,4,4,0
1815,1258,2,2,0
1815,1259,1,1,0
1811,1262,1,1,0
1812,1262,2,2,0
1813,1262,2,2,0
1814,1262,1,1,0
1813,1263,1,2,1
1814,1263,1,2,1
1815,1263,1,3,2
3248,1584,1,2,1
3249,1584,1,2,1
3250,1584,1,2,1
3251,1584,1,1,0
3248,1588,3,4,1
3249,1588,3,4,1
3250,1588,2,3,1
3251,1588,2,2,0
3252,1588,1,1,0
3248,1589,7,8,1
3249,1589,6,7,1
3250,1589,4,5,1
3251,1589,4,4,0
3252,1589,2,2,0
3248,1590,4,5,1
3249,1590,3,4,1
3250,1590,2,3,1
3251,1590,2,2,0
