X,Y,Subtracted,Original 1,Original 2
209,2244,1,1,0
341,544,1,1,0
341,545,1,2,1
342,545,1,2,1
343,545,1,3,2
341,546,1,2,1
342,546,1,1,0
336,549,1,12,11
337,549,1,17,16
338,549,1,13,12
336,550,2,29,27
337,550,1,34,33
338,550,1,26,25
336,551,2,10,8
337,551,2,18,16
338,551,1,13,12
1784,832,3,3,0
1789,832,1,1,0
1790,832,3,5,2
1795,832,1,1,0
1797,832,4,5,1
1798,832,5,5,0
1799,832,1,1,0
1786,833,1,1,0
1787,833,3,4,1
1792,833,2,3,1
1793,833,2,5,3
1794,833,1,7,6
1795,833,1,8,7
1796,833,1,5,4
1787,834,7,7,0
1791,834,5,5,0
1792,834,1,7,6
1784,835,7,8,1
1799,835,2,6,4
1789,836,5,6,1
1786,837,6,6,0
1787,837,3,6,3
1791,837,2,68,66
1792,837,1,82,81
1786,838,5,5,0
1787,838,1,1,0
1791,838,7,9,2
1792,838,2,21,19
1793,838,2,9,7
1788,839,1,1,0
1789,839,9,9,0
1790,839,7,8,1
1795,839,1,1,0
1797,839,2,2,0
1798,839,4,4,0
1799,839,1,1,0
1784,840,4,4,0
1786,840,2,2,0
1787,840,1,1,0
1790,840,6,9,3
1794,840,6,6,0
1795,840,3,3,0
1785,841,2,3,1
1786,841,4,6,2
1787,841,1,1,0
1791,841,2,3,1
1795,841,1,1,0
1797,841,4,5,1
1785,842,6,6,0
1786,842,1,5,4
1788,842,4,4,0
1791,842,4,57,53
1792,842,3,75,72
1794,842,5,8,3
1797,842,3,3,0
1785,843,11,11,0
1788,843,8,8,0
1789,843,1,1,0
1791,843,12,95,83
1792,843,2,134,132
1794,843,4,28,24
1785,844,14,14,0
1788,844,6,6,0
1791,844,17,59,42
1792,844,2,68,66
1794,844,4,18,14
1797,844,1,2,1
1785,845,5,5,0
1788,845,6,11,5
1791,845,15,15,0
1787,846,1,4,3
1788,846,3,10,7
1789,846,2,8,6
1790,846,2,2,0
1791,846,1,1,0
1786,847,1,1,0
1789,847,1,2,1
1790,847,3,5,2
1794,847,7,7,0
1795,847,2,7,5
1784,848,1,1,0
1793,848,8,9,1
1794,848,3,3,0
1797,848,3,5,2
1792,849,5,21,16
1793,849,1,32,31
1799,849,1,1,0
1789,850,1,2,1
1790,850,3,5,2
1791,850,3,6,3
1792,850,7,64,57
1795,850,3,3,0
1799,850,1,1,0
1790,851,1,3,2
1791,851,1,4,3
1792,851,1,54,53
1795,851,2,2,0
1799,851,2,2,0
1784,852,2,2,0
1785,852,1,1,0
1793,852,1,10,9
1797,852,2,2,0
1784,853,3,4,1
1785,853,3,3,0
1786,853,1,1,0
1797,853,3,3,0
1784,854,1,2,1
1793,854,2,11,9
1794,854,2,5,3
1795,854,1,3,2
1796,854,1,9,8
1797,854,1,1,0
1789,855,1,1,0
1790,855,2,2,0
1791,855,2,3,1
1796,855,3,3,0
1792,856,5,14,9
1792,857,5,43,38
1793,857,13,95,82
1794,857,4,95,91
1799,857,1,4,3
1793,858,19,63,44
1794,858,12,55,43
1797,858,8,9,1
1798,858,1,5,4
1793,859,8,8,0
1797,859,7,13,6
1798,859,1,4,3
1793,860,2,9,7
1796,860,4,4,0
1799,860,4,9,5
1796,861,6,6,0
1799,861,3,3,0
1793,862,11,11,0
1794,862,1,1,0
1797,862,2,9,7
1793,863,10,77,67
1794,863,2,81,79
1798,863,1,1,0
1794,864,14,119,105
1795,864,4,74,70
1796,864,13,13,0
1792,865,58,58,0
1793,865,15,74,59
1796,865,20,21,1
1797,865,9,9,0
1798,865,8,8,0
1792,866,2,2,0
1795,867,3,3,0
1796,867,4,4,0
1792,868,10,10,0
1793,868,8,8,0
1797,868,3,3,0
1798,868,1,2,1
1793,870,5,53,48
1794,870,4,86,82
1795,870,15,59,44
1797,870,7,7,0
1798,870,4,8,4
1799,870,5,5,0
1792,871,4,22,18
1793,871,18,130,112
1794,871,3,200,197
1795,871,10,151,141
1797,871,1,1,0
1794,872,13,62,49
1796,872,24,24,0
1799,872,3,8,5
1793,873,11,11,0
1795,873,31,34,3
1797,873,24,24,0
1792,874,2,2,0
1794,874,4,4,0
1796,874,6,6,0
1798,874,14,14,0
1795,875,2,14,12
1798,875,3,3,0
1799,875,1,5,4
1792,876,7,7,0
1793,876,3,3,0
1795,876,17,17,0
1797,876,3,3,0
1794,877,11,78,67
1796,877,10,70,60
1798,877,8,8,0
1796,878,5,71,66
1797,878,5,15,10
1799,878,3,10,7
1794,879,2,55,53
1795,879,2,71,69
1796,879,11,78,67
1797,880,3,3,0
1798,880,4,4,0
1793,881,1,2,1
1794,881,2,5,3
1797,881,2,2,0
1798,881,3,3,0
1792,882,3,3,0
1794,882,1,9,8
1799,882,2,4,2
1795,883,7,10,3
1796,883,6,15,9
1792,884,5,8,3
1795,884,5,84,79
1796,884,4,99,95
1795,885,2,140,138
1796,885,1,156,155
1794,886,2,26,24
1797,886,3,43,40
1798,886,2,2,0
1798,887,2,2,0
1793,888,2,5,3
1794,888,3,3,0
1797,888,1,1,0
1793,891,6,11,5
1794,891,8,56,48
1795,891,3,146,143
1796,891,1,110,109
1797,891,3,118,115
1798,891,3,48,45
1793,892,7,8,1
1794,892,13,38,25
1795,892,11,126,115
1796,892,8,100,92
1797,892,8,123,115
1798,892,4,60,56
1792,894,3,3,0
1795,894,3,9,6
1797,894,4,23,19
1798,894,7,12,5
1799,894,4,4,0
1793,895,1,6,5
1794,895,4,4,0
1793,896,1,2,1
1794,896,7,7,0
1795,896,4,5,1
1799,896,4,4,0
1792,897,5,5,0
1794,898,5,12,7
1795,898,6,53,47
1796,898,6,93,87
1797,898,3,91,88
1794,899,8,17,9
1795,899,6,88,82
1792,900,11,11,0
1796,900,4,76,72
1797,900,12,83,71
1798,900,2,39,37
1792,901,6,7,1
1798,901,1,2,1
1793,902,3,3,0
1794,902,6,6,0
1795,902,2,2,0
1799,902,10,10,0
1792,903,2,2,0
1795,903,1,1,0
1796,903,3,6,3
1797,903,4,6,2
1794,904,6,8,2
1795,904,7,7,0
1799,904,5,5,0
1795,905,8,9,1
1797,905,1,81,80
1798,905,4,62,58
1792,906,5,5,0
1795,906,7,10,3
1796,906,8,76,68
1797,906,10,123,113
1798,906,2,90,88
1792,907,2,2,0
1795,907,7,9,2
1796,907,7,44,37
1797,907,9,68,59
1798,907,1,46,45
1792,908,5,5,0
1795,908,5,5,0
1797,908,1,2,1
1792,909,5,10,5
1795,909,1,1,0
1792,910,4,5,1
1798,910,3,3,0
1797,911,2,4,2
1798,911,3,3,0
1794,912,6,9,3
1799,912,15,38,23
1792,913,5,5,0
1793,913,3,3,0
1794,913,4,8,4
1796,913,18,68,50
1797,913,27,148,121
1798,913,2,141,139
1799,913,8,108,100
1792,914,6,6,0
1796,914,12,34,22
1797,914,21,89,68
1792,915,1,8,7
1793,915,1,1,0
1794,915,7,7,0
1797,915,8,9,1
1794,916,13,15,2
1799,916,8,8,0
1797,917,5,6,1
1792,918,13,17,4
1793,918,4,4,0
1794,918,4,5,1
1796,918,3,3,0
1797,918,25,27,2
1798,918,1,14,13
1799,918,10,11,1
1794,919,3,5,2
1796,919,4,19,15
1797,919,9,64,55
1799,919,5,86,81
1792,920,6,6,0
1794,920,11,15,4
1796,920,1,6,5
1797,920,5,71,66
1800,920,1,47,46
1807,920,2,2,0
1792,921,2,2,0
1794,921,8,13,5
1795,921,2,4,2
1796,921,1,20,19
1797,921,4,78,74
1800,921,9,42,33
1801,921,7,13,6
1802,921,4,4,0
1792,922,5,11,6
1794,922,4,4,0
1797,922,3,12,9
1799,922,3,13,10
1805,922,1,1,0
1806,922,2,9,7
1807,922,2,2,0
1792,923,2,2,0
1805,923,1,1,0
1806,923,7,9,2
1798,924,4,13,9
1799,924,1,2,1
1800,924,2,6,4
1801,924,2,3,1
1802,924,1,8,7
1803,924,1,5,4
1793,925,6,8,2
1798,925,3,3,0
1803,925,1,3,2
1805,925,1,2,1
1793,926,6,6,0
1798,926,10,68,58
1803,926,1,1,0
1806,926,4,6,2
1807,926,3,3,0
1793,927,13,14,1
1796,927,4,7,3
1798,927,10,110,100
1800,927,4,47,43
1801,927,4,10,6
1803,927,3,10,7
1804,927,1,4,3
1792,928,2,11,9
1793,928,1,1,0
1798,928,4,54,50
1799,928,14,113,99
1800,928,18,42,24
1801,928,11,21,10
1802,928,2,2,0
1794,929,3,6,3
1795,929,1,7,6
1798,929,2,14,12
1799,929,7,29,22
1806,929,1,1,0
1807,929,3,4,1
1794,930,2,3,1
1797,930,3,5,2
1798,930,1,2,1
1803,930,1,3,2
1804,930,4,6,2
1805,930,2,2,0
1797,931,1,1,0
1800,931,1,1,0
1803,931,3,5,2
1804,931,4,6,2
1792,932,2,2,0
1796,932,3,6,3
1799,932,2,14,12
1792,933,2,2,0
1798,933,4,32,28
1799,933,7,78,71
1800,933,7,32,25
1801,933,3,14,11
1793,934,1,1,0
1798,934,3,61,58
1799,934,8,110,102
1800,934,20,66,46
1801,934,15,38,23
1802,934,8,10,2
1803,934,1,1,0
1804,934,1,2,1
1793,935,2,9,7
1794,935,6,15,9
1795,935,1,1,0
1798,935,1,42,41
1799,935,8,67,59
1800,935,4,64,60
1801,935,1,33,32
1804,935,2,2,0
1805,935,3,5,2
1806,935,2,2,0
1798,936,2,3,1
1807,936,4,5,1
1800,937,5,6,1
1807,937,3,4,1
1792,938,5,7,2
1793,938,1,1,0
1797,938,1,1,0
1803,938,3,4,1
1804,938,3,3,0
1807,938,2,2,0
1792,939,2,2,0
1793,939,1,1,0
1796,939,1,1,0
1803,939,1,1,0
1804,939,5,7,2
1805,939,1,4,3
1798,940,1,16,15
1801,940,1,26,25
1802,940,2,2,0
1804,940,4,5,1
1805,940,2,6,4
1806,940,1,2,1
1797,941,4,9,5
1798,941,3,51,48
1799,941,1,94,93
1801,941,2,61,59
1802,941,7,18,11
1792,942,2,8,6
1797,942,2,9,7
1798,942,1,47,46
1801,942,2,42,40
1802,942,7,14,7
1792,944,5,5,0
1795,944,1,5,4
1800,944,5,5,0
1801,944,2,2,0
1794,945,2,2,0
1795,945,1,1,0
1798,945,1,1,0
1804,945,1,1,0
1805,945,1,1,0
1794,946,3,6,3
1798,946,2,4,2
1798,947,5,5,0
1800,947,8,61,53
1801,947,4,43,39
1792,948,3,3,0
1798,948,6,14,8
1800,948,14,69,55
1801,948,9,36,27
1806,948,3,8,5
1807,948,7,7,0
1795,949,8,8,0
1798,949,2,21,19
1800,949,15,151,136
1801,949,14,109,95
1802,949,11,54,43
1803,949,7,18,11
1804,949,2,6,4
1795,950,6,6,0
1798,950,2,12,10
1805,950,1,1,0
1806,950,5,5,0
1807,950,5,5,0
1792,951,3,3,0
1800,951,5,5,0
1801,951,2,3,1
1793,952,4,4,0
1794,952,3,3,0
1798,952,1,1,0
1800,952,7,7,0
1802,952,1,1,0
1806,952,4,7,3
1807,952,3,7,4
1794,953,3,3,0
1795,953,3,4,1
1796,953,1,1,0
1802,953,6,7,1
1803,953,1,1,0
1805,953,1,4,3
1806,953,2,2,0
1795,954,5,5,0
1796,954,1,1,0
1799,954,5,17,12
1802,954,5,12,7
1807,954,2,2,0
1792,955,8,8,0
1798,955,3,16,13
1799,955,20,49,29
1802,955,5,36,31
1792,956,8,8,0
1798,956,3,16,13
1799,956,20,49,29
1805,956,4,4,0
1795,957,5,5,0
1796,957,1,1,0
1799,957,5,17,12
1800,957,2,30,28
1801,957,1,51,50
1804,957,1,2,1
1805,957,6,6,0
1794,958,3,3,0
1795,958,3,4,1
1796,958,1,1,0
1805,958,3,3,0
1806,958,3,3,0
1793,959,3,3,0
1794,959,2,2,0
1798,959,1,1,0
1801,959,1,1,0
1802,959,6,6,0
1803,959,1,6,5
1801,960,6,8,2
1802,960,2,2,0
1804,960,5,5,0
1805,960,6,7,1
1801,961,13,21,8
1802,961,3,14,11
1800,962,8,42,34
1801,962,16,69,53
1802,962,2,55,53
1807,962,2,2,0
1800,963,2,64,62
1801,963,12,91,79
1801,964,8,49,41
1802,964,1,36,35
1805,964,2,6,4
1801,965,8,10,2
1802,965,2,2,0
1805,965,2,4,2
1801,966,4,4,0
1804,966,3,4,1
1804,967,3,10,7
1807,967,3,9,6
1805,968,1,4,3
1801,969,7,60,53
1802,969,8,59,51
1801,970,16,102,86
1802,970,23,108,85
1803,970,2,54,52
1806,970,3,3,0
1801,971,9,68,59
1802,971,17,80,63
1803,971,3,43,40
1806,971,7,7,0
1807,971,5,8,3
1802,972,1,15,14
1803,972,3,11,8
1807,972,4,4,0
1804,973,2,3,1
1800,974,3,6,3
1801,974,2,3,1
1801,975,5,5,0
1802,975,5,5,0
1805,975,4,4,0
1806,975,8,8,0
1800,976,4,11,7
1803,976,4,33,29
1804,976,5,6,1
1800,977,13,48,35
1804,977,8,43,35
1805,977,2,2,0
1800,978,9,19,10
1801,978,2,55,53
1803,978,1,53,52
1804,978,4,13,9
1802,979,2,2,0
1807,979,4,4,0
1801,980,1,5,4
1802,980,5,16,11
1803,980,2,14,12
1807,980,4,4,0
1800,981,2,2,0
1800,982,2,9,7
1805,982,5,5,0
1806,982,2,5,3
1801,983,8,22,14
1802,983,18,54,36
1803,983,5,50,45
1807,983,4,4,0
1803,984,4,88,84
1804,984,2,44,42
1800,985,4,20,16
1803,985,3,95,92
1804,985,2,51,49
1807,985,1,7,6
1803,986,1,42,41
1804,986,2,15,13
1807,987,3,3,0
1805,988,2,5,3
1806,988,3,5,2
1807,988,2,3,1
1801,990,4,11,7
1802,990,4,27,23
1805,990,2,6,4
1806,990,2,3,1
1801,991,5,25,20
1802,991,4,55,51
1800,992,2,2,0
1801,992,6,25,19
1802,992,9,65,56
1803,992,7,112,105
1804,992,2,57,55
1802,993,1,28,27
1802,995,2,7,5
1804,995,2,2,0
1806,995,2,14,12
1807,995,3,3,0
1802,996,1,1,0
1803,996,5,15,10
1805,996,3,3,0
1806,996,1,1,0
1805,997,1,6,5
1800,998,3,3,0
1800,999,6,6,0
1803,1000,8,64,56
1804,1000,19,59,40
1805,1000,5,10,5
1800,1001,10,10,0
1804,1001,5,6,1
1807,1001,8,8,0
1801,1002,1,4,3
1807,1002,2,2,0
1801,1003,3,3,0
1802,1003,7,7,0
1803,1003,1,1,0
1805,1003,4,5,1
1807,1004,4,4,0
1801,1005,3,4,1
1804,1005,4,58,54
1805,1005,4,20,16
1801,1006,8,8,0
1802,1006,11,47,36
1803,1006,11,93,82
1804,1006,27,97,70
1805,1006,27,55,28
1806,1006,7,11,4
1805,1007,4,52,48
1800,1008,7,10,3
1804,1008,2,15,13
1805,1008,5,5,0
1800,1010,1,1,0
1801,1010,2,13,11
1806,1010,3,13,10
1807,1010,4,8,4
1802,1012,4,4,0
1803,1012,7,36,29
1804,1012,5,49,44
1805,1012,1,28,27
1802,1013,8,24,16
1803,1013,12,79,67
1804,1013,12,100,88
1805,1013,8,66,58
1806,1013,3,24,21
1802,1014,1,5,4
1803,1014,4,43,39
1804,1014,9,62,53
1805,1014,9,43,34
1806,1014,4,13,9
1800,1015,6,6,0
1805,1015,4,16,12
1806,1015,1,9,8
1800,1016,1,1,0
1801,1016,4,6,2
1807,1016,1,4,3
1804,1018,3,12,9
1805,1018,3,8,5
1803,1019,3,3,0
1804,1019,7,35,28
1805,1019,5,37,32
1806,1019,3,14,11
1807,1019,1,1,0
1803,1020,1,21,20
1804,1020,1,72,71
1803,1021,2,36,34
1804,1021,1,86,85
1801,1022,2,2,0
1802,1022,3,3,0
1803,1022,3,20,17
1804,1022,3,49,46
1805,1022,3,44,41
1806,1022,3,14,11
1807,1023,1,7,6
1803,1024,6,6,0
1807,1024,4,4,0
1800,1025,4,5,1
1803,1025,1,1,0
1805,1025,2,2,0
1806,1025,1,2,1
1804,1026,10,14,4
1805,1026,6,24,18
1806,1026,7,14,7
1802,1027,8,8,0
1804,1027,9,48,39
1806,1027,8,38,30
1802,1028,9,9,0
1804,1028,10,63,53
1806,1028,9,53,44
1807,1028,4,4,0
1800,1029,10,11,1
1804,1029,12,34,22
1805,1029,10,52,42
1806,1029,7,33,26
1800,1030,5,5,0
1804,1030,4,4,0
1805,1030,9,9,0
1806,1030,2,4,2
1803,1031,7,7,0
1807,1031,4,4,0
1800,1032,2,2,0
1803,1032,4,6,2
1804,1032,6,6,0
1805,1032,2,2,0
1806,1032,1,4,3
1807,1032,4,11,7
1800,1033,7,10,3
1804,1033,4,6,2
1800,1034,5,5,0
1804,1034,2,27,25
1804,1035,4,42,38
1805,1035,4,74,70
1806,1035,2,64,62
1807,1035,2,33,31
1803,1036,1,3,2
1804,1036,6,24,18
1805,1036,9,46,37
1806,1036,9,38,29
1807,1036,6,11,5
1801,1037,3,4,1
1802,1037,4,4,0
1804,1037,4,4,0
1805,1037,9,13,4
1806,1037,7,7,0
1801,1038,1,1,0
1802,1038,2,2,0
1803,1038,1,2,1
1804,1038,2,3,1
1805,1038,3,3,0
1806,1038,2,2,0
1801,1039,1,1,0
1800,1040,5,5,0
1802,1040,8,9,1
1805,1040,37,40,3
1800,1041,5,5,0
1802,1041,13,13,0
1805,1041,20,76,56
1807,1041,1,24,23
1802,1042,10,12,2
1805,1042,5,113,108
1807,1042,15,62,47
1800,1043,1,1,0
1802,1043,4,4,0
1807,1043,15,58,43
1800,1044,10,10,0
1800,1045,7,7,0
1803,1045,1,1,0
1804,1045,1,1,0
1807,1045,4,4,0
1803,1046,2,5,3
1804,1046,4,4,0
1806,1046,5,5,0
1807,1046,9,9,0
1801,1047,10,10,0
1802,1047,3,3,0
1806,1047,1,5,4
1804,1048,2,4,2
1810,1048,1,1,0
1804,1049,1,26,25
1805,1049,7,67,60
1810,1049,1,1,0
1801,1050,3,3,0
1802,1050,3,4,1
1804,1050,1,16,15
1805,1050,18,64,46
1806,1050,8,73,65
1810,1050,1,1,0
1801,1051,2,2,0
1802,1051,2,2,0
1805,1051,14,24,10
1806,1051,7,27,20
1810,1051,1,1,0
1802,1052,1,6,5
1803,1052,5,10,5
1804,1052,1,1,0
1810,1052,1,1,0
1800,1053,1,1,0
1802,1053,3,5,2
1803,1053,7,14,7
1807,1053,2,4,2
1810,1053,1,1,0
1802,1054,1,1,0
1806,1054,3,7,4
1807,1054,3,3,0
1810,1054,1,1,0
1801,1055,2,2,0
1805,1055,18,22,4
1806,1055,21,36,15
1807,1055,7,20,13
1810,1055,1,1,0
1801,1056,2,2,0
1805,1056,35,35,0
1808,1056,5,15,10
1811,1056,1,4,3
1812,1056,1,4,3
1802,1057,1,2,1
1803,1057,1,1,0
1804,1057,1,16,15
1805,1057,6,64,58
1807,1057,28,92,64
1812,1057,2,7,5
1815,1057,2,2,0
1800,1058,7,13,6
1812,1058,1,2,1
1813,1058,2,6,4
1814,1058,2,4,2
1815,1058,1,1,0
1806,1059,4,4,0
1802,1060,1,1,0
1803,1060,15,15,0
1804,1060,2,6,4
1806,1060,5,5,0
1807,1060,1,1,0
1809,1060,2,8,6
1810,1060,4,13,9
1811,1060,2,5,3
1800,1061,7,12,5
1806,1061,1,1,0
1810,1061,1,3,2
1815,1061,5,5,0
1805,1062,16,26,10
1806,1062,58,58,0
1807,1062,7,66,59
1815,1062,5,9,4
1802,1063,4,5,1
1803,1063,4,4,0
1806,1063,10,80,70
1807,1063,13,85,72
1809,1063,2,19,17
1800,1064,4,4,0
1804,1064,1,1,0
1806,1064,14,86,72
1807,1064,8,151,143
1812,1064,5,5,0
1813,1064,1,1,0
1800,1065,9,11,2
1803,1065,2,10,8
1806,1065,3,55,52
1808,1065,14,67,53
1809,1065,8,19,11
1811,1065,2,5,3
1812,1065,4,5,1
1800,1066,6,6,0
1803,1066,5,5,0
1808,1066,3,24,21
1809,1066,2,2,0
1800,1067,1,1,0
1803,1067,5,5,0
1805,1067,9,15,6
1807,1067,5,13,8
1800,1068,3,4,1
1801,1068,3,5,2
1803,1068,9,9,0
1805,1068,8,8,0
1807,1068,2,2,0
1809,1068,1,1,0
1810,1068,8,11,3
1811,1068,7,7,0
1800,1069,1,1,0
1803,1069,3,3,0
1811,1069,2,4,2
1814,1069,1,6,5
1806,1070,11,13,2
1814,1070,4,6,2
1815,1070,1,1,0
1804,1071,5,9,4
1805,1071,1,12,11
1806,1071,23,38,15
1807,1071,4,42,38
1808,1071,21,35,14
1809,1071,6,6,0
1814,1071,2,2,0
1800,1072,4,4,0
1803,1072,4,4,0
1804,1072,6,6,0
1806,1072,10,29,19
1807,1072,35,62,27
1812,1072,1,1,0
1800,1073,9,9,0
1801,1073,1,1,0
1803,1073,2,2,0
1807,1073,2,18,16
1808,1073,5,5,0
1810,1073,1,2,1
1815,1073,1,1,0
1802,1074,2,3,1
1803,1074,1,2,1
1808,1074,4,4,0
1809,1074,1,3,2
1810,1074,1,3,2
1811,1074,1,1,0
1815,1074,2,3,1
1802,1075,2,2,0
1805,1075,5,5,0
1806,1075,5,5,0
1815,1075,3,3,0
1801,1076,3,3,0
1802,1076,3,3,0
1812,1076,1,3,2
1815,1076,1,1,0
1800,1077,2,2,0
1801,1077,4,4,0
1802,1077,3,3,0
1808,1077,7,12,5
1809,1077,1,1,0
1811,1077,4,4,0
1812,1077,3,5,2
1815,1077,1,1,0
1802,1078,1,1,0
1803,1078,3,5,2
1804,1078,1,1,0
1805,1078,2,2,0
1806,1078,7,27,20
1807,1078,8,56,48
1808,1078,7,38,31
1809,1078,3,15,12
1811,1078,2,2,0
1812,1078,3,4,1
1803,1079,2,5,3
1812,1079,1,3,2
1815,1079,1,6,5
1800,1080,1,1,0
1805,1080,1,4,3
1806,1080,5,10,5
1808,1080,4,4,0
1809,1080,4,4,0
1810,1080,3,3,0
1811,1080,1,1,0
1800,1081,1,1,0
1801,1081,2,2,0
1802,1081,1,1,0
1814,1081,1,2,1
1815,1081,2,3,1
1802,1082,2,2,0
1803,1082,4,4,0
1806,1082,1,1,0
1807,1082,2,2,0
1814,1082,1,1,0
1815,1082,1,1,0
1806,1083,1,1,0
1807,1083,5,7,2
1808,1083,1,1,0
1812,1083,1,2,1
1800,1084,3,4,1
1812,1084,2,2,0
1813,1084,2,3,1
1800,1085,3,3,0
1803,1085,2,2,0
1806,1085,3,17,14
1812,1085,1,2,1
1813,1085,1,3,2
1803,1086,4,6,2
1804,1086,3,7,4
1805,1086,7,8,1
1806,1086,6,29,23
1800,1087,4,4,0
1803,1087,2,2,0
1808,1087,17,30,13
1809,1087,13,18,5
1810,1087,5,5,0
1814,1087,2,2,0
1801,1088,3,3,0
1802,1088,1,2,1
1806,1088,5,5,0
1807,1088,5,9,4
1808,1088,5,5,0
1811,1088,4,6,2
1812,1088,3,6,3
1801,1089,2,2,0
1803,1089,1,1,0
1804,1089,3,4,1
1805,1089,7,7,0
1806,1089,5,6,1
1808,1089,3,7,4
1811,1089,3,3,0
1815,1089,2,4,2
1801,1090,1,1,0
1803,1090,1,1,0
1804,1090,1,6,5
1805,1090,3,6,3
1806,1090,1,1,0
1811,1090,1,1,0
1815,1090,3,4,1
1800,1091,5,6,1
1812,1091,1,7,6
1813,1091,1,5,4
1800,1092,2,2,0
1813,1092,2,7,5
1814,1092,1,1,0
1803,1093,6,6,0
1804,1093,1,1,0
1809,1093,1,41,40
1810,1093,2,8,6
1813,1093,1,1,0
1803,1094,6,6,0
1804,1094,3,3,0
1809,1094,4,28,24
1810,1094,4,7,3
1800,1095,8,8,0
1807,1095,10,10,0
1801,1096,2,3,1
1802,1096,2,3,1
1803,1096,1,1,0
1806,1096,2,3,1
1807,1096,1,6,5
1813,1096,1,1,0
1801,1097,1,1,0
1802,1097,1,2,1
1803,1097,2,2,0
1812,1097,3,3,0
1813,1097,1,1,0
1812,1098,1,4,3
1813,1098,2,2,0
1808,1099,2,13,11
1814,1099,1,3,2
1815,1099,1,2,1
1808,1100,1,43,42
1809,1100,1,24,23
1814,1100,1,4,3
1810,1101,2,11,9
1802,1102,2,3,1
1803,1102,2,3,1
1804,1102,2,2,0
1805,1102,2,3,1
1806,1102,1,6,5
1810,1102,4,11,7
1811,1102,4,4,0
1812,1102,1,1,0
1802,1103,2,5,3
1803,1103,3,6,3
1804,1103,3,4,1
1810,1103,5,5,0
1811,1103,5,5,0
1800,1104,3,3,0
1801,1104,2,2,0
1810,1104,5,5,0
1813,1104,3,3,0
1814,1104,1,1,0
1800,1105,1,1,0
1809,1105,1,1,0
1814,1105,2,3,1
1809,1106,4,9,5
1810,1106,3,4,1
1814,1106,3,4,1
1815,1106,2,2,0
1810,1107,2,17,15
1811,1107,1,2,1
1813,1107,1,1,0
1814,1107,4,4,0
1815,1107,2,2,0
1810,1108,3,22,19
1811,1108,2,6,4
1813,1108,2,2,0
1814,1108,3,3,0
1815,1108,1,1,0
1808,1109,1,21,20
1809,1109,5,21,16
1810,1109,2,13,11
1814,1109,3,3,0
1800,1110,1,1,0
1808,1110,2,3,1
1809,1110,7,7,0
1810,1110,4,5,1
1814,1110,1,2,1
1800,1111,3,3,0
1801,1111,2,2,0
1810,1111,3,3,0
1813,1111,3,3,0
1814,1111,2,2,0
1800,1112,2,2,0
1801,1112,1,2,1
1802,1112,2,3,1
1803,1112,1,3,2
1804,1112,1,2,1
1805,1112,1,1,0
1810,1112,1,6,5
1811,1112,8,8,0
1800,1113,1,1,0
1801,1113,1,1,0
1802,1113,1,1,0
1803,1113,1,1,0
1804,1113,1,1,0
1805,1113,2,2,0
1806,1113,2,2,0
1807,1113,2,2,0
1800,1114,1,1,0
1805,1114,1,2,1
1806,1114,1,4,3
1807,1114,2,6,4
1808,1114,1,30,29
1811,1114,4,4,0
1800,1115,1,1,0
1805,1115,1,2,1
1806,1115,1,6,5
1807,1115,2,9,7
1808,1115,2,49,47
1811,1115,6,11,5
1800,1116,1,1,0
1805,1116,1,2,1
1806,1116,1,6,5
1807,1116,2,9,7
1808,1116,4,20,16
1811,1116,4,4,0
1812,1116,1,1,0
1814,1116,3,3,0
1815,1116,1,5,4
1800,1117,1,1,0
1805,1117,1,2,1
1806,1117,1,4,3
1807,1117,2,6,4
1808,1117,1,1,0
1812,1117,1,1,0
1814,1117,3,3,0
1815,1117,2,4,2
1800,1118,1,1,0
1801,1118,1,1,0
1802,1118,1,1,0
1803,1118,1,1,0
1804,1118,1,1,0
1805,1118,2,2,0
1806,1118,2,2,0
1807,1118,2,2,0
1808,1118,1,4,3
1811,1118,3,3,0
1800,1119,2,2,0
1801,1119,1,2,1
1802,1119,2,3,1
1803,1119,1,3,2
1804,1119,1,2,1
1805,1119,1,1,0
1809,1120,6,12,6
1810,1120,5,6,1
1813,1120,3,3,0
1815,1121,1,1,0
1811,1122,1,1,0
1812,1122,1,1,0
1815,1122,3,3,0
1812,1123,1,1,0
1815,1123,3,4,1
1809,1124,4,9,5
1810,1124,5,5,0
1813,1124,2,2,0
1809,1125,7,7,0
1810,1125,4,4,0
1813,1125,2,2,0
1809,1126,4,8,4
1810,1126,3,4,1
1813,1126,1,1,0
1812,1127,3,3,0
1815,1127,9,10,1
1809,1128,2,10,8
1810,1128,4,6,2
1808,1129,3,19,16
1809,1129,9,49,40
1810,1129,11,44,33
1811,1129,4,13,9
1813,1129,1,8,7
1808,1130,2,16,14
1809,1130,9,57,48
1810,1130,10,53,43
1811,1130,3,11,8
1810,1131,2,23,21
1809,1133,2,2,0
1813,1133,1,2,1
1809,1134,4,10,6
1810,1134,3,3,0
1814,1135,1,3,2
1808,1136,9,10,1
1813,1136,1,1,0
1808,1137,1,22,21
1811,1138,4,6,2
1812,1138,4,7,3
1815,1138,4,4,0
1812,1139,7,9,2
1815,1139,5,6,1
1811,1140,2,2,0
1812,1141,1,6,5
1812,1142,1,1,0
1815,1142,3,6,3
1813,1143,1,2,1
1815,1143,1,3,2
1808,1144,21,31,10
1809,1144,19,61,42
1810,1144,10,65,55
1814,1144,5,5,0
1808,1145,5,11,6
1809,1145,9,37,28
1810,1145,7,45,38
1809,1146,2,8,6
1810,1146,5,15,10
1812,1147,1,1,0
1813,1147,1,1,0
1808,1148,6,10,4
1809,1148,1,1,0
1812,1148,4,7,3
1813,1148,11,11,0
1814,1148,6,6,0
1809,1149,1,1,0
1813,1149,5,5,0
1814,1149,4,4,0
1809,1150,4,18,14
1810,1150,4,29,25
1809,1151,8,49,41
1810,1151,16,71,55
1811,1151,8,40,32
1814,1151,2,6,4
1815,1151,4,4,0
1810,1160,16,16,0
1811,1160,18,19,1
1808,1161,3,3,0
1808,1162,11,11,0
1813,1162,2,2,0
1814,1162,4,4,0
1811,1163,5,5,0
1814,1163,2,6,4
1810,1164,8,15,7
1811,1164,12,17,5
1808,1165,6,6,0
1814,1165,1,1,0
1808,1166,7,7,0
1813,1166,1,1,0
1814,1166,6,6,0
1810,1167,15,26,11
1811,1167,17,29,12
1814,1167,2,2,0
1815,1168,2,7,5
1808,1169,4,4,0
1809,1169,2,2,0
1810,1169,1,1,0
1811,1169,2,2,0
1812,1169,4,4,0
1813,1169,4,4,0
1814,1169,2,2,0
1809,1171,3,3,0
1815,1171,4,4,0
1809,1172,1,18,17
1815,1172,1,5,4
1811,1173,3,66,63
1812,1173,3,33,30
1809,1174,3,21,18
1810,1174,10,43,33
1811,1174,15,43,28
1812,1174,15,23,8
1813,1174,3,3,0
1808,1175,1,1,0
1815,1175,3,3,0
1811,1176,1,3,2
1810,1177,4,4,0
1811,1177,2,5,3
1815,1177,2,4,2
1810,1178,7,7,0
1810,1179,15,21,6
1812,1179,17,24,7
1808,1180,2,2,0
1810,1180,2,31,29
1812,1180,16,37,21
1808,1181,5,5,0
1812,1181,10,17,7
1814,1181,2,2,0
1808,1182,2,2,0
1814,1182,3,3,0
1809,1183,1,1,0
1810,1183,8,8,0
1811,1183,8,8,0
1808,1184,1,3,2
1809,1184,7,7,0
1810,1184,4,7,3
1812,1184,1,1,0
1815,1185,3,3,0
1812,1186,3,15,12
1808,1187,2,2,0
1809,1187,8,9,1
1812,1187,8,43,35
1813,1187,7,9,2
1808,1188,4,4,0
1809,1188,10,11,1
1812,1188,10,45,35
1813,1188,9,11,2
1815,1188,1,3,2
1809,1189,3,3,0
1812,1189,7,19,12
1813,1189,2,2,0
1815,1189,4,8,4
1815,1190,4,4,0
1809,1191,4,4,0
1810,1191,1,4,3
1809,1192,4,4,0
1810,1192,6,6,0
1814,1192,1,1,0
1815,1192,5,9,4
1809,1193,2,2,0
1810,1193,11,14,3
1811,1193,4,23,19
1808,1194,2,2,0
1809,1194,3,7,4
1810,1194,5,28,23
1811,1194,9,50,41
1812,1194,8,44,36
1808,1195,6,6,0
1811,1195,5,50,45
1812,1195,8,46,38
1808,1196,2,2,0
1812,1196,5,20,15
1815,1196,4,5,1
1808,1197,2,2,0
1812,1197,2,2,0
1814,1197,1,1,0
1815,1197,7,7,0
1809,1198,4,6,2
1810,1198,2,4,2
1812,1198,1,1,0
1813,1198,7,7,0
1814,1198,7,7,0
1815,1198,2,2,0
1809,1199,4,6,2
1810,1199,7,8,1
1813,1199,5,9,4
1814,1199,3,4,1
1808,1200,2,12,10
1809,1200,2,2,0
1810,1200,5,5,0
1814,1200,7,7,0
1811,1201,3,42,39
1808,1202,1,1,0
1810,1202,2,35,33
1811,1202,19,71,52
1812,1202,10,51,41
1814,1202,1,1,0
1815,1202,6,6,0
1808,1203,5,5,0
1810,1203,7,25,18
1811,1203,21,49,28
1812,1203,13,34,21
1813,1203,5,11,6
1814,1203,6,6,0
1815,1203,2,6,4
1810,1204,4,4,0
1811,1204,5,6,1
1813,1204,4,4,0
1814,1204,5,5,0
1810,1205,1,1,0
1813,1205,6,9,3
1814,1205,9,10,1
1808,1206,4,5,1
1810,1206,5,5,0
1811,1206,4,6,2
1813,1206,2,7,5
1814,1206,9,11,2
1808,1207,7,7,0
1811,1207,4,8,4
1815,1207,4,7,3
1810,1208,6,7,1
1813,1208,2,3,1
1815,1208,1,6,5
1815,1210,1,1,0
1808,1211,2,8,6
1815,1211,5,11,6
1811,1212,4,9,5
1812,1212,2,7,5
1815,1212,1,2,1
1809,1213,1,1,0
1810,1213,3,6,3
1811,1213,3,9,6
1809,1214,2,2,0
1810,1214,2,2,0
1814,1214,1,1,0
1809,1215,1,2,1
1810,1215,2,11,9
1811,1216,1,44,43
1812,1216,6,45,39
1813,1216,6,17,11
1808,1217,4,4,0
1809,1217,2,2,0
1814,1217,4,4,0
1815,1217,7,7,0
1810,1219,2,3,1
1812,1219,1,1,0
1813,1219,3,4,1
1809,1220,4,5,1
1814,1220,3,7,4
1815,1220,1,1,0
1811,1222,7,11,4
1812,1222,3,11,8
1815,1223,1,1,0
1808,1224,1,2,1
1810,1224,3,9,6
1811,1224,13,27,14
1812,1224,9,23,14
1815,1224,3,4,1
1808,1225,3,5,2
1815,1225,5,7,2
1809,1226,2,2,0
1810,1226,1,1,0
1815,1226,1,3,2
1809,1227,3,3,0
1810,1227,7,7,0
1811,1227,1,3,2
1813,1227,5,5,0
1814,1227,3,3,0
1809,1228,3,3,0
1810,1228,6,6,0
1812,1228,1,5,4
1813,1228,8,8,0
1814,1228,4,4,0
1808,1229,1,3,2
1809,1229,1,1,0
1813,1229,1,5,4
1814,1229,3,3,0
1808,1230,6,7,1
1815,1230,4,5,1
1808,1231,3,4,1
1811,1231,9,33,24
1812,1231,13,37,24
1813,1231,3,16,13
1815,1231,1,2,1
1810,1232,4,5,1
1811,1232,2,7,5
1809,1233,1,2,1
1810,1233,2,4,2
1815,1233,1,2,1
1815,1234,1,3,2
1812,1237,2,22,20
1813,1237,3,19,16
1814,1237,2,9,7
1811,1238,4,18,14
1812,1238,8,25,17
1813,1238,8,22,14
1814,1238,3,10,7
1810,1239,1,4,3
1811,1239,7,13,6
1812,1239,11,20,9
1813,1239,10,18,8
1814,1239,4,7,3
1808,1241,2,2,0
1812,1241,2,2,0
1813,1241,4,4,0
1814,1241,1,3,2
1812,1242,1,1,0
1813,1242,3,3,0
1814,1242,1,2,1
1811,1243,2,2,0
1812,1243,5,5,0
1813,1243,4,4,0
1809,1244,1,1,0
1810,1244,2,6,4
1811,1244,6,12,6
1812,1244,9,15,6
1813,1244,6,11,5
1814,1244,2,4,2
1808,1245,2,2,0
1809,1245,4,5,1
1810,1245,6,12,6
1811,1245,8,18,10
1812,1245,11,21,10
1813,1245,10,17,7
1814,1245,5,8,3
1815,1245,1,1,0
1808,1246,2,2,0
1809,1246,3,3,0
1810,1246,2,6,4
1811,1246,4,11,7
1812,1246,6,13,7
1813,1246,6,11,5
1814,1246,4,6,2
1815,1246,1,1,0
1808,1256,2,2,0
1809,1256,2,2,0
1810,1256,2,2,0
1811,1256,3,3,0
1812,1256,2,3,1
1813,1256,2,4,2
1814,1256,3,4,1
1815,1256,4,4,0
1808,1259,1,1,0
1809,1259,2,3,1
1810,1259,4,8,4
1811,1259,3,11,8
1814,1259,2,6,4
1815,1259,3,3,0
1808,1260,1,1,0
1809,1260,3,3,0
1810,1260,7,8,1
1811,1260,6,11,5
1812,1260,3,11,8
1813,1260,3,9,6
1814,1260,5,6,1
1815,1260,3,3,0
1810,1261,3,3,0
1811,1261,3,5,2
1812,1261,1,5,4
1814,1261,2,2,0
1811,1262,1,1,0
1814,1262,1,1,0
1808,1263,1,2,1
1809,1263,2,2,0
1810,1263,2,2,0
1811,1263,3,3,0
1812,1263,2,3,1
1814,1263,2,4,2
1815,1263,4,4,0
3248,1584,1,2,1
3249,1584,1,2,1
3250,1584,1,2,1
3251,1584,1,1,0
3248,1588,3,4,1
3249,1588,3,4,1
3250,1588,2,3,1
3251,1588,2,2,0
3252,1588,1,1,0
3248,1589,7,8,1
3249,1589,6,7,1
3250,1589,4,5,1
3251,1589,4,4,0
3252,1589,2,2,0
3248,1590,4,5,1
3249,1590,3,4,1
3250,1590,2,3,1
3251,1590,2,2,0
3252,1590,1,1,0
2720,1741,1,1,0
2726,1741,1,1,0
2727,1741,1,2,1
2720,1742,1,1,0
2721,1742,1,1,0
2727,1742,1,1,0
2720,1743,1,2,1
2721,1743,1,1,0
2727,1743,1,1,0
208,2240,4,4,0
209,2240,4,4,0
210,2240,3,3,0
211,2240,2,2,0
212,2240,1,1,0
208,2241,4,4,0
209,2241,3,3,0
210,2241,3,3,0
211,2241,2,2,0
212,2241,1,1,0
208,2242,3,3,0
209,2242,3,3,0
210,2242,2,2,0
211,2242,1,1,0
208,2243,2,2,0
209,2243,2,2,0
210,2243,1,1,0
211,2243,1,1,0
208,2244,1,1,0
