X,Y,Subtracted,Original 1,Original 2
2727,1738,1,4,3
1785,832,5,8,3
1786,832,8,8,0
1791,832,4,4,0
1784,833,5,5,0
1788,833,3,10,7
1789,833,6,10,4
1792,833,1,1,0
1793,833,1,3,2
1794,833,1,6,5
1795,833,1,7,6
1797,833,1,1,0
1784,834,5,9,4
1788,834,2,5,3
1792,834,4,6,2
1795,834,2,2,0
1796,834,1,5,4
1787,835,1,1,0
1791,835,4,68,64
1792,835,7,46,39
1793,835,7,13,6
1796,835,2,5,3
1786,836,4,4,0
1787,836,5,6,1
1791,836,7,116,109
1792,836,6,98,92
1793,836,6,48,42
1794,836,5,7,2
1795,836,3,3,0
1796,836,3,8,5
1784,837,4,4,0
1788,837,2,2,0
1789,837,7,7,0
1790,837,4,35,31
1792,837,4,81,77
1793,837,4,40,36
1794,837,3,3,0
1796,837,1,4,3
1797,837,1,5,4
1798,837,1,1,0
1784,838,5,6,1
1790,838,1,1,0
1792,838,1,19,18
1793,838,1,7,6
1797,838,1,4,3
1799,838,1,4,3
1786,839,4,6,2
1787,839,1,1,0
1793,840,12,13,1
1796,840,3,3,0
1798,840,1,1,0
1799,840,1,6,5
1793,841,4,4,0
1796,841,6,14,8
1793,842,11,57,46
1796,842,5,5,0
1798,842,2,4,2
1793,843,16,101,85
1798,843,6,8,2
1799,843,5,6,1
1793,844,16,60,44
1795,844,3,3,0
1796,844,10,10,0
1798,844,5,5,0
1793,845,11,12,1
1796,845,6,6,0
1798,845,1,2,1
1799,845,1,3,2
1793,846,9,9,0
1793,847,12,13,1
1796,847,8,9,1
1799,847,1,1,0
1789,848,1,1,0
1790,848,1,3,2
1796,848,6,6,0
1799,848,1,1,0
1797,849,4,6,2
1798,849,1,1,0
1793,850,8,72,64
1794,850,10,44,34
1797,850,5,6,1
1798,850,2,2,0
1793,851,8,61,53
1794,851,11,35,24
1792,852,5,9,4
1793,852,1,9,8
1796,852,2,2,0
1799,852,7,8,1
1790,853,1,1,0
1795,853,1,1,0
1796,853,4,10,6
1799,853,9,9,0
1792,854,3,5,2
1799,854,2,2,0
1784,855,2,2,0
1793,855,1,6,5
1797,855,4,4,0
1798,855,2,2,0
1792,856,4,9,5
1793,856,2,46,44
1797,856,10,10,0
1798,856,4,12,8
1794,857,7,91,84
1798,857,1,4,3
1799,857,3,3,0
1797,858,1,1,0
1798,858,3,4,1
1792,859,5,5,0
1797,859,6,6,0
1798,859,3,3,0
1792,860,1,6,5
1793,860,6,7,1
1794,860,8,8,0
1795,860,3,6,3
1799,860,5,5,0
1796,862,5,5,0
1797,862,7,7,0
1792,863,2,39,37
1793,863,2,67,65
1794,863,5,79,74
1795,863,9,53,44
1796,863,1,12,11
1799,863,2,6,4
1792,864,15,75,60
1793,864,6,117,111
1795,864,13,70,57
1797,864,4,4,0
1799,864,7,7,0
1793,865,8,59,51
1794,865,18,82,64
1795,865,30,68,38
1799,865,10,10,0
1793,866,3,8,5
1794,866,3,11,8
1795,866,11,16,5
1797,866,3,3,0
1792,867,9,13,4
1797,867,11,11,0
1798,867,3,3,0
1794,868,5,5,0
1798,868,1,1,0
1799,868,1,1,0
1794,869,21,21,0
1795,869,4,4,0
1796,869,1,3,2
1798,869,1,2,1
1799,869,1,1,0
1792,870,6,13,7
1794,870,5,82,77
1796,870,19,24,5
1798,870,2,4,2
1792,871,18,18,0
1794,871,1,197,196
1796,871,17,68,51
1799,871,2,2,0
1792,873,2,13,11
1794,873,1,6,5
1795,873,2,3,1
1796,873,2,8,6
1798,873,6,18,12
1795,874,2,5,3
1797,874,2,12,10
1796,876,3,23,20
1798,876,1,4,3
1797,877,1,1,0
1799,877,3,3,0
1799,878,2,7,5
1792,879,4,18,14
1798,879,1,12,11
1799,879,1,1,0
1792,880,4,6,2
1799,880,3,6,3
1797,882,3,5,2
1798,882,1,9,8
1796,883,2,9,7
1797,883,2,8,6
1792,884,3,3,0
1797,884,1,58,57
1798,884,3,15,12
1792,885,5,10,5
1793,885,1,11,10
1797,885,1,94,93
1798,885,4,28,24
1799,885,3,3,0
1797,886,2,40,38
1792,888,6,6,0
1796,888,3,7,4
1799,888,5,6,1
1795,889,13,13,0
1796,889,6,6,0
1797,889,4,4,0
1792,890,7,12,5
1793,890,1,1,0
1798,890,10,17,7
1799,890,7,7,0
1793,891,4,5,1
1794,891,6,48,42
1797,891,5,115,110
1798,891,2,45,43
1793,892,1,1,0
1794,892,6,25,19
1797,892,5,115,110
1798,892,3,56,53
1793,893,6,6,0
1798,893,12,52,40
1795,894,6,6,0
1796,894,11,11,0
1797,894,5,19,14
1792,895,7,7,0
1799,895,4,4,0
1792,896,5,6,1
1793,896,1,1,0
1795,896,1,1,0
1796,896,2,6,4
1797,896,3,8,5
1798,896,3,3,0
1793,897,1,3,2
1799,897,2,4,2
1792,898,1,3,2
1792,899,1,4,3
1798,900,1,37,36
1799,900,2,2,0
1792,901,1,1,0
1793,901,1,1,0
1794,901,1,1,0
1798,901,1,1,0
1799,901,2,3,1
1796,902,3,5,2
1797,902,2,8,6
1798,902,1,3,2
1796,903,3,3,0
1797,903,1,2,1
1793,904,7,7,0
1794,904,1,2,1
1796,904,3,7,4
1793,905,4,4,0
1799,905,11,29,18
1793,906,5,5,0
1799,906,20,43,23
1793,907,5,6,1
1799,907,18,26,8
1793,908,3,3,0
1796,908,3,7,4
1797,908,1,1,0
1799,908,8,9,1
1796,909,7,7,0
1793,910,1,1,0
1796,910,7,10,3
1797,910,4,6,2
1793,911,7,10,3
1794,911,3,8,5
1792,912,1,1,0
1793,912,4,8,4
1796,912,15,19,4
1797,912,29,81,52
1798,912,11,82,71
1800,912,7,10,3
1801,912,3,5,2
1806,912,1,1,0
1794,913,4,4,0
1795,913,10,10,0
1799,913,13,100,87
1800,913,7,9,2
1801,913,2,4,2
1806,913,1,1,0
1795,914,1,1,0
1799,914,15,59,44
1800,914,5,7,2
1801,914,1,3,2
1792,915,7,7,0
1797,915,1,1,0
1798,915,1,4,3
1800,915,3,5,2
1805,915,1,1,0
1794,916,2,2,0
1797,916,3,6,3
1798,916,1,8,7
1800,916,1,3,2
1805,916,1,1,0
1794,917,4,4,0
1797,917,1,1,0
1798,917,4,4,0
1804,917,1,1,0
1805,917,1,1,0
1792,918,4,4,0
1797,918,2,2,0
1798,918,6,13,7
1804,918,1,1,0
1805,918,2,2,0
1799,919,10,81,71
1804,919,1,1,0
1805,919,2,2,0
1793,920,5,5,0
1796,920,2,5,3
1798,920,11,103,92
1798,921,14,109,95
1800,921,5,33,28
1801,921,5,6,1
1803,921,6,9,3
1804,921,4,4,0
1805,921,3,3,0
1806,921,7,8,1
1807,921,6,6,0
1798,922,13,23,10
1799,922,4,10,6
1800,922,2,10,8
1803,922,2,2,0
1806,922,1,7,6
1798,923,4,4,0
1792,924,1,1,0
1794,924,1,6,5
1796,924,1,6,5
1797,924,1,5,4
1799,924,1,1,0
1800,924,3,4,1
1801,924,1,1,0
1802,924,2,7,5
1803,924,1,4,3
1792,925,4,9,5
1794,925,5,5,0
1795,925,1,1,0
1800,925,2,8,6
1803,925,2,2,0
1805,925,1,1,0
1806,925,1,8,7
1797,926,5,27,22
1799,926,8,61,53
1792,927,2,2,0
1794,927,1,1,0
1797,927,7,53,46
1799,927,14,108,94
1806,927,1,2,1
1807,927,1,3,2
1792,928,7,9,2
1795,928,2,2,0
1796,928,1,1,0
1796,929,2,4,2
1797,929,4,4,0
1798,929,10,12,2
1799,929,9,22,13
1800,929,10,15,5
1801,929,5,5,0
1803,929,1,1,0
1804,929,1,2,1
1793,930,2,2,0
1794,930,1,1,0
1797,930,2,2,0
1798,930,1,1,0
1807,930,1,3,2
1792,931,4,6,2
1793,931,5,5,0
1807,931,4,5,1
1795,932,7,11,4
1796,932,3,3,0
1799,932,7,12,5
1800,932,7,7,0
1801,932,1,1,0
1803,932,2,2,0
1804,932,1,2,1
1795,933,8,8,0
1796,933,3,3,0
1799,933,9,71,62
1800,933,3,25,22
1801,933,2,11,9
1793,935,7,7,0
1794,935,6,9,3
1797,935,9,13,4
1798,935,12,41,29
1799,935,3,59,56
1800,935,6,60,54
1801,935,6,32,26
1802,935,3,4,1
1794,936,8,8,0
1795,936,3,3,0
1798,936,1,1,0
1803,936,2,2,0
1804,936,3,3,0
1805,936,4,4,0
1806,936,3,3,0
1807,936,1,1,0
1798,937,3,3,0
1803,937,1,3,2
1807,937,1,1,0
1794,939,3,3,0
1795,939,2,4,2
1800,939,4,4,0
1798,940,5,15,10
1800,940,3,57,54
1801,940,2,25,23
1792,941,2,2,0
1794,941,3,3,0
1797,941,5,5,0
1798,941,11,48,37
1792,942,6,6,0
1793,942,2,3,1
1794,942,3,3,0
1795,942,4,4,0
1797,942,7,7,0
1798,942,13,46,33
1798,943,3,10,7
1804,943,2,7,5
1795,944,3,4,1
1796,944,4,12,8
1804,944,3,4,1
1805,944,4,6,2
1806,944,3,4,1
1807,944,1,2,1
1799,945,3,3,0
1800,945,9,14,5
1801,945,5,10,5
1802,945,2,5,3
1798,946,2,2,0
1805,946,4,4,0
1806,946,6,8,2
1807,946,5,10,5
1794,947,1,4,3
1800,947,25,53,28
1801,947,21,39,18
1802,947,16,22,6
1803,947,11,11,0
1804,947,7,7,0
1805,947,1,3,2
1795,948,2,2,0
1796,948,3,3,0
1806,948,4,5,1
1792,949,3,6,3
1798,949,3,19,16
1799,949,5,75,70
1800,949,15,136,121
1801,949,13,95,82
1802,949,10,43,33
1803,949,9,11,2
1804,949,4,4,0
1805,949,5,7,2
1806,949,2,5,3
1792,950,3,5,2
1798,950,3,10,7
1799,950,5,45,40
1796,951,5,8,3
1797,951,1,1,0
1801,951,1,1,0
1802,951,3,3,0
1803,951,5,5,0
1804,951,6,6,0
1805,951,5,5,0
1806,951,3,3,0
1807,951,1,1,0
1792,952,3,3,0
1795,952,5,5,0
1796,952,7,7,0
1792,953,3,3,0
1800,953,8,8,0
1801,953,1,6,5
1804,953,3,4,1
1792,954,2,2,0
1798,954,1,1,0
1800,954,23,23,0
1801,954,7,32,25
1804,954,5,5,0
1805,954,3,10,7
1800,955,17,61,44
1801,955,5,77,72
1805,955,2,7,5
1800,956,6,77,71
1801,956,1,98,97
1803,956,1,1,0
1807,956,6,6,0
1792,957,2,2,0
1798,957,1,1,0
1800,957,2,28,26
1801,957,1,50,49
1802,957,2,33,31
1803,957,3,4,1
1807,957,4,4,0
1792,958,3,3,0
1807,958,1,3,2
1792,959,3,3,0
1795,959,5,5,0
1796,959,7,7,0
1800,959,1,10,9
1803,959,2,5,3
1801,960,2,2,0
1806,961,3,3,0
1807,961,4,4,0
1803,962,5,23,18
1802,963,2,72,70
1803,963,5,33,28
1804,963,3,3,0
1805,964,4,4,0
1806,964,5,6,1
1805,965,2,2,0
1806,965,4,4,0
1800,966,5,5,0
1800,967,5,10,5
1804,967,1,7,6
1802,968,2,7,5
1806,968,4,12,8
1807,968,7,8,1
1804,969,1,1,0
1800,970,2,69,67
1804,970,4,14,10
1800,971,2,42,40
1804,971,3,12,9
1801,972,1,8,7
1802,972,4,14,10
1803,972,3,8,5
1803,974,2,3,1
1804,974,1,6,5
1807,974,1,1,0
1801,977,10,106,96
1802,977,15,149,134
1803,977,5,109,104
1807,977,6,11,5
1801,978,3,53,50
1802,978,7,78,71
1803,978,1,52,51
1805,979,9,12,3
1806,979,1,10,9
1803,980,2,12,10
1804,980,8,9,1
1805,980,7,7,0
1806,980,3,3,0
1802,981,3,3,0
1807,982,2,12,10
1804,983,11,27,16
1801,984,1,39,38
1800,985,3,16,13
1801,985,11,64,53
1802,985,4,103,99
1804,985,10,49,39
1805,985,7,14,7
1806,985,3,4,1
1807,985,6,6,0
1802,987,3,5,2
1803,987,1,5,4
1801,988,4,4,0
1804,988,2,2,0
1805,988,3,3,0
1807,988,1,1,0
1801,990,7,7,0
1802,990,3,23,20
1804,990,10,21,11
1805,990,4,4,0
1806,990,1,1,0
1807,990,9,9,0
1801,991,1,20,19
1807,991,4,4,0
1801,992,1,19,18
1803,992,5,105,100
1805,992,13,22,9
1807,992,6,6,0
1800,993,1,1,0
1802,993,2,27,25
1804,993,5,26,21
1800,994,7,8,1
1802,994,9,9,0
1804,994,9,9,0
1806,994,4,8,4
1800,995,2,7,5
1802,995,5,5,0
1806,995,4,12,8
1803,996,2,10,8
1801,997,3,3,0
1803,997,10,35,25
1805,997,3,5,2
1807,997,1,2,1
1801,998,4,4,0
1802,998,7,37,30
1803,998,10,71,61
1804,998,2,52,50
1805,998,3,26,23
1802,999,17,61,44
1803,999,7,98,91
1804,999,22,104,82
1805,999,1,41,40
1806,999,11,17,6
1800,1000,9,9,0
1803,1000,5,56,51
1807,1000,10,10,0
1803,1001,10,10,0
1804,1001,1,1,0
1800,1002,1,5,4
1802,1002,3,3,0
1805,1002,1,10,9
1806,1002,10,19,9
1806,1003,8,10,2
1802,1004,8,8,0
1803,1004,5,23,18
1800,1005,6,7,1
1801,1005,1,1,0
1802,1005,10,35,25
1803,1005,7,71,64
1805,1005,3,16,13
1806,1005,4,4,0
1807,1005,1,8,7
1802,1007,13,42,29
1803,1007,32,87,55
1804,1007,21,82,61
1805,1007,6,48,42
1806,1007,2,16,14
1800,1008,3,3,0
1802,1008,7,7,0
1803,1008,17,17,0
1804,1008,5,13,8
1807,1008,3,4,1
1802,1009,3,3,0
1802,1010,4,12,8
1805,1010,5,6,1
1806,1010,10,10,0
1805,1011,2,2,0
1800,1012,5,5,0
1803,1012,12,29,17
1804,1012,6,44,38
1806,1012,1,3,2
1800,1013,4,9,5
1803,1013,14,67,53
1804,1013,4,88,84
1802,1014,2,4,2
1803,1014,8,39,31
1802,1015,3,3,0
1803,1015,2,8,6
1806,1015,8,8,0
1801,1016,1,2,1
1807,1016,3,3,0
1802,1017,2,5,3
1803,1017,2,2,0
1804,1017,4,8,4
1805,1017,1,2,1
1804,1018,4,9,5
1805,1018,1,5,4
1800,1019,4,4,0
1806,1019,1,11,10
1800,1020,4,10,6
1806,1020,2,37,35
1807,1020,5,5,0
1803,1021,4,34,30
1804,1021,4,85,81
1805,1021,1,85,84
1803,1022,4,17,13
1804,1022,5,46,41
1805,1022,2,41,39
1801,1023,2,8,6
1807,1023,4,6,2
1800,1024,8,10,2
1802,1024,1,1,0
1804,1024,12,18,6
1806,1024,4,4,0
1802,1025,11,11,0
1806,1025,1,1,0
1807,1025,4,4,0
1801,1026,2,4,2
1802,1026,4,5,1
1803,1026,6,9,3
1801,1027,2,2,0
1803,1027,2,23,21
1805,1027,3,74,71
1800,1028,3,3,0
1801,1028,6,8,2
1803,1028,4,29,25
1805,1028,5,92,87
1801,1029,6,6,0
1802,1029,1,1,0
1803,1029,10,12,2
1807,1029,6,6,0
1802,1030,4,4,0
1806,1030,2,2,0
1807,1030,3,3,0
1800,1031,4,4,0
1802,1031,1,10,9
1804,1031,8,12,4
1806,1031,1,1,0
1803,1032,2,2,0
1807,1032,7,7,0
1800,1033,2,3,1
1804,1034,1,25,24
1803,1035,6,6,0
1804,1035,6,38,32
1807,1035,1,31,30
1800,1036,1,1,0
1803,1036,2,2,0
1804,1036,6,18,12
1807,1036,2,5,3
1807,1038,2,6,4
1800,1039,6,6,0
1803,1039,2,6,4
1804,1039,2,5,3
1807,1039,6,10,4
1802,1040,1,1,0
1803,1040,4,4,0
1806,1040,2,2,0
1801,1041,3,3,0
1801,1042,11,11,0
1804,1042,8,46,38
1805,1042,5,108,103
1806,1042,10,101,91
1801,1043,8,9,1
1804,1043,13,39,26
1805,1043,13,98,85
1806,1043,18,92,74
1804,1044,3,10,7
1805,1044,2,38,36
1806,1044,11,37,26
1801,1046,5,5,0
1803,1046,3,3,0
1805,1047,1,8,7
1806,1047,4,4,0
1804,1048,2,2,0
1805,1048,1,25,24
1808,1048,2,3,1
1809,1048,1,2,1
1802,1049,3,4,1
1803,1049,7,12,5
1804,1049,8,25,17
1805,1049,7,60,53
1806,1049,4,79,75
1807,1049,2,66,64
1808,1049,1,2,1
1809,1049,1,2,1
1803,1050,1,6,5
1804,1050,1,15,14
1805,1050,1,46,45
1808,1050,1,2,1
1809,1050,1,2,1
1800,1051,1,6,5
1808,1051,1,2,1
1809,1051,1,2,1
1800,1052,6,7,1
1802,1052,3,5,2
1803,1052,1,5,4
1805,1052,2,7,5
1806,1052,2,13,11
1807,1052,1,1,0
1808,1052,1,2,1
1809,1052,1,2,1
1805,1053,3,5,2
1806,1053,4,11,7
1807,1053,2,2,0
1808,1053,1,2,1
1809,1053,1,2,1
1808,1054,1,2,1
1809,1054,1,2,1
1800,1055,7,9,2
1802,1055,5,5,0
1803,1055,4,8,4
1808,1055,1,2,1
1809,1055,1,2,1
1802,1056,5,8,3
1803,1056,15,15,0
1806,1056,2,63,61
1805,1057,18,58,40
1806,1057,22,118,96
1808,1057,1,27,26
1809,1057,1,11,10
1800,1058,6,6,0
1802,1058,1,1,0
1806,1058,4,64,60
1807,1058,2,45,43
1812,1058,1,1,0
1813,1058,1,4,3
1814,1058,1,2,1
1800,1059,1,6,5
1802,1059,1,1,0
1803,1059,11,11,0
1807,1059,3,3,0
1813,1059,4,5,1
1814,1059,5,5,0
1804,1060,1,4,3
1805,1060,14,14,0
1809,1060,1,6,5
1810,1060,1,9,8
1811,1060,1,3,2
1813,1060,1,1,0
1800,1061,3,5,2
1805,1061,3,6,3
1807,1061,6,20,14
1809,1061,1,1,0
1810,1061,2,2,0
1811,1061,2,2,0
1801,1062,2,4,2
1803,1062,1,2,1
1807,1062,35,59,24
1808,1062,3,18,15
1801,1063,11,15,4
1804,1063,8,12,4
1805,1063,16,103,87
1813,1063,1,2,1
1801,1064,3,3,0
1803,1064,7,10,3
1805,1064,14,102,88
1809,1064,2,19,17
1801,1065,1,6,5
1803,1065,1,8,7
1805,1065,12,81,69
1806,1065,5,52,47
1814,1065,1,1,0
1802,1066,2,2,0
1805,1066,4,39,35
1806,1066,7,13,6
1811,1066,2,4,2
1813,1066,2,2,0
1814,1066,3,6,3
1802,1067,5,5,0
1810,1067,1,1,0
1811,1067,2,2,0
1800,1068,1,1,0
1802,1068,8,10,2
1804,1068,6,6,0
1804,1069,7,7,0
1808,1069,3,3,0
1811,1070,3,7,4
1800,1071,1,1,0
1801,1071,5,12,7
1803,1071,7,7,0
1805,1071,2,11,9
1811,1071,6,12,6
1812,1071,3,3,0
1805,1072,7,7,0
1806,1072,8,19,11
1808,1072,1,7,6
1809,1072,8,10,2
1810,1072,6,6,0
1814,1072,1,3,2
1802,1073,1,1,0
1805,1073,3,4,1
1806,1073,8,11,3
1810,1073,1,1,0
1814,1073,1,3,2
1800,1074,3,3,0
1802,1074,1,1,0
1803,1074,1,1,0
1806,1074,1,1,0
1807,1074,3,3,0
1810,1074,1,2,1
1814,1074,2,2,0
1800,1075,4,4,0
1803,1075,2,2,0
1808,1075,1,1,0
1809,1075,5,5,0
1810,1075,7,7,0
1811,1075,1,3,2
1800,1076,2,2,0
1803,1076,2,2,0
1804,1076,2,2,0
1809,1076,1,1,0
1810,1076,3,3,0
1811,1076,1,5,4
1803,1077,2,2,0
1804,1077,1,1,0
1800,1078,1,1,0
1803,1078,2,2,0
1806,1078,6,20,14
1813,1078,1,1,0
1814,1078,1,1,0
1815,1078,1,3,2
1803,1079,1,3,2
1806,1079,12,25,13
1809,1079,5,32,27
1810,1079,6,6,0
1813,1079,2,2,0
1814,1079,2,2,0
1801,1080,8,10,2
1802,1080,2,3,1
1806,1080,2,5,3
1807,1080,18,18,0
1814,1080,2,2,0
1815,1080,3,6,3
1807,1081,5,6,1
1813,1081,1,1,0
1814,1081,1,1,0
1815,1081,1,1,0
1801,1082,2,2,0
1804,1082,7,8,1
1805,1082,1,1,0
1809,1082,1,1,0
1810,1082,1,3,2
1800,1083,3,3,0
1801,1083,8,8,0
1804,1083,5,10,5
1805,1083,1,1,0
1807,1083,2,2,0
1800,1084,1,1,0
1801,1084,4,4,0
1804,1084,4,4,0
1807,1084,6,17,11
1808,1084,2,13,11
1809,1084,2,7,5
1801,1085,2,2,0
1804,1085,3,3,0
1805,1085,1,1,0
1808,1085,1,30,29
1809,1085,1,20,19
1810,1085,1,8,7
1801,1086,4,5,1
1802,1086,3,3,0
1804,1086,4,4,0
1805,1086,1,1,0
1807,1086,7,66,59
1812,1086,1,3,2
1813,1086,1,4,3
1814,1086,1,1,0
1801,1087,3,3,0
1802,1087,2,2,0
1806,1087,5,14,9
1807,1087,24,61,37
1813,1087,1,4,3
1800,1088,1,1,0
1803,1088,3,4,1
1804,1088,1,1,0
1807,1088,4,4,0
1809,1088,1,2,1
1810,1088,2,3,1
1813,1088,4,4,0
1814,1088,3,3,0
1800,1089,3,7,4
1804,1089,1,1,0
1807,1089,3,6,3
1809,1089,2,5,3
1810,1089,3,4,1
1804,1090,5,5,0
1803,1091,3,4,1
1804,1091,3,6,3
1805,1091,1,1,0
1808,1091,2,4,2
1802,1092,1,1,0
1804,1092,1,1,0
1805,1092,1,1,0
1806,1092,5,12,7
1807,1092,5,27,22
1808,1092,3,43,40
1809,1092,2,19,17
1800,1093,2,5,3
1801,1093,3,3,0
1802,1093,1,1,0
1805,1093,2,2,0
1806,1093,8,27,19
1807,1093,7,53,46
1808,1093,2,76,74
1812,1093,1,1,0
1805,1094,1,1,0
1806,1094,7,17,10
1807,1094,2,35,33
1808,1094,1,50,49
1811,1094,1,1,0
1812,1094,1,1,0
1815,1094,4,5,1
1811,1095,3,7,4
1812,1095,3,7,4
1815,1095,5,8,3
1814,1096,1,1,0
1815,1096,6,6,0
1809,1097,3,3,0
1810,1097,5,6,1
1811,1097,2,4,2
1814,1097,1,1,0
1815,1097,4,4,0
1807,1098,1,1,0
1810,1098,4,6,2
1811,1098,5,6,1
1812,1098,3,3,0
1814,1098,1,1,0
1815,1098,1,3,2
1801,1099,1,1,0
1805,1099,1,1,0
1806,1099,3,5,2
1807,1099,6,10,4
1812,1099,1,1,0
1813,1099,1,3,2
1800,1100,3,3,0
1801,1100,2,2,0
1806,1100,4,13,9
1807,1100,5,19,14
1800,1101,3,3,0
1801,1101,2,2,0
1806,1101,2,13,11
1807,1101,3,20,17
1808,1101,12,56,44
1809,1101,8,34,26
1810,1101,2,9,7
1808,1102,11,30,19
1809,1102,6,20,14
1813,1102,1,2,1
1803,1104,1,1,0
1808,1104,6,8,2
1809,1104,4,4,0
1812,1105,2,3,1
1813,1105,4,4,0
1805,1106,1,3,2
1806,1106,3,6,3
1807,1106,4,8,4
1808,1106,7,8,1
1810,1106,1,1,0
1813,1106,2,2,0
1800,1107,1,2,1
1805,1107,3,5,2
1806,1107,6,9,3
1807,1107,8,12,4
1808,1107,25,44,19
1811,1107,1,1,0
1800,1108,1,2,1
1805,1108,3,5,2
1806,1108,6,9,3
1807,1108,8,12,4
1808,1108,25,50,25
1811,1108,4,4,0
1805,1109,1,3,2
1806,1109,3,6,3
1807,1109,4,8,4
1808,1109,6,20,14
1810,1109,2,11,9
1811,1109,7,7,0
1813,1109,3,3,0
1810,1110,1,1,0
1811,1110,1,3,2
1812,1110,2,5,3
1813,1110,5,5,0
1803,1111,1,1,0
1808,1111,6,6,0
1809,1111,2,2,0
1802,1112,1,1,0
1803,1112,2,2,0
1804,1112,1,1,0
1809,1112,8,8,0
1810,1112,4,5,1
1812,1112,4,6,2
1813,1112,3,4,1
1809,1113,6,6,0
1813,1113,2,2,0
1809,1114,6,34,28
1810,1114,1,16,15
1813,1114,1,1,0
1815,1114,1,4,3
1806,1115,1,5,4
1807,1115,2,7,5
1809,1115,5,50,45
1812,1115,3,3,0
1813,1115,1,1,0
1815,1115,1,1,0
1806,1116,1,5,4
1807,1116,2,7,5
1809,1116,6,24,18
1813,1116,2,2,0
1815,1116,3,4,1
1809,1117,7,8,1
1813,1117,2,2,0
1815,1117,2,2,0
1809,1118,9,14,5
1813,1118,1,1,0
1802,1119,1,1,0
1803,1119,2,2,0
1804,1119,1,1,0
1809,1119,10,10,0
1810,1119,1,2,1
1813,1119,1,3,2
1812,1120,3,3,0
1815,1120,2,2,0
1808,1121,1,18,17
1809,1121,3,35,32
1810,1121,3,23,20
1813,1121,2,5,3
1809,1122,4,51,47
1810,1122,4,34,30
1813,1122,7,9,2
1814,1122,5,5,0
1813,1123,4,4,0
1814,1123,2,2,0
1812,1124,3,3,0
1815,1124,6,9,3
1811,1125,2,2,0
1812,1125,6,10,4
1815,1125,9,10,1
1811,1126,1,1,0
1812,1126,2,7,5
1815,1126,4,6,2
1809,1127,7,13,6
1810,1127,7,8,1
1813,1127,5,5,0
1808,1129,10,16,6
1809,1129,9,40,31
1810,1129,7,33,26
1811,1129,5,9,4
1812,1129,5,6,1
1813,1129,3,7,4
1814,1129,3,3,0
1815,1129,3,3,0
1808,1130,9,14,5
1809,1130,7,48,41
1810,1130,5,43,38
1811,1130,3,8,5
1813,1130,1,6,5
1808,1131,2,2,0
1809,1131,3,26,23
1810,1131,2,21,19
1808,1132,2,2,0
1809,1132,2,4,2
1812,1132,2,9,7
1813,1132,3,4,1
1815,1132,5,9,4
1815,1133,3,8,5
1808,1135,4,4,0
1809,1135,6,22,16
1810,1135,4,16,12
1812,1135,2,3,1
1813,1135,2,6,4
1814,1135,2,2,0
1815,1135,2,3,1
1809,1136,4,49,45
1808,1138,5,5,0
1809,1138,13,24,11
1810,1138,6,19,13
1811,1138,2,2,0
1812,1138,3,3,0
1813,1138,3,3,0
1812,1139,2,2,0
1815,1139,1,1,0
1812,1140,1,10,9
1815,1140,3,3,0
1809,1141,7,7,0
1810,1141,2,2,0
1812,1141,5,5,0
1813,1141,3,3,0
1815,1141,4,4,0
1809,1142,2,12,10
1808,1143,10,17,7
1809,1143,16,45,29
1810,1143,7,42,35
1811,1143,1,15,14
1812,1143,4,4,0
1813,1143,1,1,0
1815,1143,2,2,0
1810,1144,6,55,49
1811,1144,11,31,20
1812,1144,5,5,0
1810,1145,5,38,33
1811,1145,7,24,17
1812,1145,5,7,2
1813,1145,2,4,2
1814,1145,2,6,4
1815,1145,2,4,2
1809,1146,2,6,4
1810,1146,2,10,8
1811,1146,1,8,7
1814,1146,2,2,0
1815,1146,4,4,0
1815,1147,2,2,0
1809,1150,1,14,13
1810,1150,2,25,23
1811,1150,1,12,11
1808,1151,4,8,4
1809,1151,5,41,36
1810,1151,4,55,51
1811,1151,2,32,30
1814,1151,1,4,3
1809,1152,10,22,12
1810,1152,13,32,19
1811,1152,2,14,12
1809,1153,5,9,4
1810,1153,7,16,9
1811,1153,2,6,4
1814,1153,1,4,3
1811,1154,1,1,0
1815,1154,3,3,0
1808,1155,7,11,4
1811,1155,2,2,0
1812,1155,2,4,2
1815,1155,2,2,0
1808,1156,9,9,0
1811,1156,2,3,1
1812,1156,2,4,2
1812,1157,1,2,1
1809,1158,1,19,18
1814,1158,1,1,0
1813,1159,3,3,0
1814,1159,4,4,0
1812,1160,6,6,0
1813,1160,7,7,0
1810,1161,6,9,3
1811,1161,6,9,3
1809,1162,1,2,1
1810,1162,6,6,0
1811,1162,5,6,1
1815,1162,3,3,0
1808,1163,3,7,4
1813,1163,4,4,0
1808,1164,1,1,0
1809,1165,5,23,18
1810,1165,14,49,35
1811,1165,9,43,34
1815,1165,8,8,0
1809,1166,5,26,21
1810,1166,16,50,34
1811,1166,11,46,35
1815,1166,9,10,1
1810,1167,1,11,10
1811,1167,3,12,9
1812,1167,4,9,5
1813,1167,1,3,2
1815,1168,1,5,4
1809,1170,1,7,6
1810,1170,2,2,0
1814,1170,1,9,8
1815,1170,4,5,1
1810,1171,4,9,5
1811,1171,2,10,8
1809,1172,3,17,14
1810,1172,3,42,39
1811,1172,1,39,38
1815,1172,4,4,0
1808,1173,1,10,9
1809,1173,1,41,40
1810,1173,2,69,67
1811,1173,1,63,62
1814,1173,1,4,3
1815,1173,3,16,13
1810,1174,1,33,32
1813,1176,3,5,2
1814,1176,2,6,4
1811,1177,3,3,0
1813,1177,5,5,0
1811,1178,12,20,8
1813,1178,5,5,0
1815,1178,4,6,2
1809,1179,4,4,0
1811,1179,18,58,40
1813,1179,10,12,2
1815,1179,4,4,0
1809,1180,10,16,6
1811,1180,19,82,63
1813,1180,9,16,7
1815,1180,7,9,2
1809,1181,7,13,6
1811,1181,12,56,44
1813,1181,5,5,0
1815,1181,4,7,3
1811,1182,3,14,11
1808,1183,4,7,3
1813,1183,3,7,4
1814,1183,2,12,10
1810,1184,3,3,0
1811,1184,2,3,1
1814,1184,1,9,8
1810,1185,2,6,4
1811,1185,2,9,7
1810,1186,1,20,19
1815,1186,1,4,3
1810,1189,1,20,19
1815,1189,1,4,3
1810,1190,2,6,4
1811,1190,2,9,7
1810,1191,3,3,0
1811,1191,2,3,1
1814,1191,1,9,8
1808,1192,10,10,0
1811,1192,8,8,0
1812,1192,9,9,0
1815,1192,2,4,2
1812,1193,1,18,17
1813,1193,1,1,0
1809,1194,4,4,0
1810,1194,3,23,20
1813,1194,8,15,7
1809,1195,10,11,1
1810,1195,11,31,20
1813,1195,7,18,11
1814,1195,6,6,0
1809,1196,2,2,0
1810,1196,10,16,6
1811,1196,6,22,16
1815,1196,1,1,0
1810,1197,1,2,1
1811,1197,2,2,0
1808,1198,2,2,0
1808,1199,2,2,0
1809,1199,2,2,0
1813,1199,2,4,2
1814,1199,1,1,0
1812,1200,6,6,0
1815,1200,6,6,0
1809,1201,3,3,0
1810,1201,10,22,12
1812,1201,18,31,13
1815,1201,1,1,0
1809,1202,6,6,0
1810,1202,8,33,25
1812,1202,10,41,31
1813,1202,1,13,12
1809,1203,4,4,0
1810,1203,1,18,17
1812,1203,6,21,15
1813,1203,3,6,3
1808,1204,7,7,0
1812,1204,2,2,0
1808,1205,7,7,0
1812,1205,1,1,0
1808,1206,1,1,0
1811,1206,2,2,0
1813,1206,1,5,4
1814,1206,2,2,0
1809,1207,1,3,2
1810,1207,6,6,0
1811,1207,2,4,2
1813,1207,1,1,0
1814,1207,2,2,0
1808,1208,1,5,4
1815,1208,1,5,4
1810,1209,3,26,23
1811,1209,12,65,53
1812,1209,12,65,53
1813,1209,3,26,23
1810,1210,1,15,14
1811,1210,9,34,25
1812,1210,9,34,25
1813,1210,1,15,14
1808,1211,5,6,1
1815,1211,5,6,1
1808,1212,1,1,0
1809,1212,1,4,3
1814,1212,1,4,3
1815,1212,1,1,0
1811,1213,4,6,2
1812,1213,4,6,2
1811,1214,1,1,0
1812,1214,1,1,0
1808,1215,7,7,0
1809,1215,1,1,0
1814,1215,1,1,0
1815,1215,7,7,0
1810,1216,4,19,15
1810,1217,8,20,12
1809,1218,3,3,0
1810,1218,5,7,2
1814,1218,3,3,0
1815,1218,2,3,1
1809,1219,4,4,0
1810,1219,1,1,0
1813,1219,1,1,0
1814,1219,5,5,0
1815,1219,2,3,1
1810,1220,5,7,2
1811,1220,6,6,0
1812,1220,8,8,0
1813,1220,6,10,4
1808,1221,2,3,1
1813,1221,1,2,1
1814,1221,2,3,1
1815,1221,1,4,3
1808,1222,9,9,0
1813,1222,2,3,1
1814,1222,3,3,0
1815,1222,9,10,1
1810,1223,8,19,11
1811,1223,23,53,30
1812,1223,28,58,30
1813,1223,16,29,13
1808,1224,1,1,0
1811,1224,4,14,10
1812,1224,4,14,10
1815,1224,1,1,0
1808,1225,2,2,0
1811,1225,3,10,7
1812,1225,3,10,7
1815,1225,2,2,0
1811,1226,3,5,2
1812,1226,3,5,2
1811,1227,2,2,0
1812,1227,2,2,0
1811,1228,1,4,3
1812,1228,1,4,3
1810,1229,3,4,1
1813,1229,3,4,1
1809,1230,2,2,0
1810,1230,3,9,6
1813,1230,3,9,6
1814,1230,2,2,0
1809,1231,2,3,1
1810,1231,4,13,9
1813,1231,4,13,9
1814,1231,2,3,1
1810,1232,1,1,0
1813,1232,3,6,3
1814,1232,1,1,0
1809,1233,1,1,0
1810,1233,2,2,0
1813,1233,3,7,4
1814,1233,1,4,3
1809,1234,1,1,0
1813,1234,3,5,2
1814,1234,2,4,2
1813,1235,2,4,2
1814,1235,1,1,0
1810,1236,2,4,2
1813,1236,2,9,7
1814,1236,3,3,0
1809,1237,3,4,1
1810,1237,1,10,9
1813,1237,2,16,14
1814,1237,3,7,4
1809,1238,3,4,1
1810,1238,1,9,8
1813,1238,1,14,13
1814,1238,3,7,4
1810,1239,2,3,1
1813,1239,1,8,7
1814,1239,3,3,0
1815,1240,1,2,1
1814,1241,1,2,1
1815,1241,1,3,2
1808,1242,1,1,0
1815,1242,2,4,2
1814,1243,1,2,1
1815,1243,2,3,1
1815,1244,1,1,0
1809,1245,1,1,0
1814,1245,1,3,2
1814,1247,1,2,1
1815,1247,1,1,0
1810,1248,1,1,0
1811,1248,1,2,1
1812,1248,2,3,1
1813,1248,2,3,1
1814,1248,2,2,0
1815,1248,2,2,0
1812,1249,1,3,2
1813,1249,1,3,2
1814,1249,1,2,1
1815,1249,1,2,1
1812,1254,1,3,2
1813,1254,1,3,2
1814,1254,1,2,1
1815,1254,1,2,1
1810,1255,1,1,0
1811,1255,1,2,1
1812,1255,2,3,1
1813,1255,2,3,1
1814,1255,2,2,0
1815,1255,2,2,0
1808,1257,1,1,0
1811,1257,1,2,1
1812,1257,2,5,3
1813,1257,1,5,4
1814,1257,1,3,2
1808,1258,2,2,0
1809,1258,2,2,0
1810,1258,3,4,1
1811,1258,3,7,4
1812,1258,2,9,7
1813,1258,3,9,6
1814,1258,3,5,2
1815,1258,1,1,0
1809,1259,1,1,0
1810,1259,1,4,3
1811,1259,1,8,7
1812,1259,2,11,9
1813,1259,1,9,8
1814,1259,1,4,3
1808,1263,1,1,0
1813,1263,1,3,2
1814,1263,1,2,1
2724,1736,1,1,0
2725,1736,2,3,1
2726,1736,1,4,3
2727,1736,1,5,4
2724,1737,1,1,0
2725,1737,1,2,1
2726,1737,1,4,3
2727,1737,1,5,4
2725,1738,1,2,1
2726,1738,1,3,2
