X,Y,Subtracted,Original 1,Original 2
208,2243,1,2,1
3082,516,1,1,0
3085,516,1,1,0
3082,517,1,1,0
3083,517,1,1,0
3084,517,1,1,0
3085,517,1,1,0
3082,518,1,1,0
3083,518,1,1,0
3084,518,1,1,0
3085,518,1,1,0
3082,519,1,1,0
3083,519,1,1,0
3084,519,1,1,0
3085,519,1,1,0
341,544,1,1,0
341,545,1,2,1
342,545,1,2,1
343,545,1,3,2
341,546,1,2,1
342,546,1,1,0
336,549,1,12,11
337,549,1,17,16
338,549,1,13,12
336,550,2,29,27
337,550,1,34,33
338,550,1,26,25
336,551,2,10,8
337,551,2,18,16
338,551,1,13,12
1790,832,3,5,2
1793,832,4,4,0
1794,832,3,4,1
1798,832,3,3,0
1799,832,4,4,0
1786,833,2,2,0
1787,833,2,7,5
1793,833,1,1,0
1794,833,7,7,0
1795,833,8,9,1
1787,834,5,8,3
1788,834,2,5,3
1795,834,5,5,0
1796,834,2,6,4
1799,834,3,3,0
1787,835,1,1,0
1799,835,12,12,0
1784,836,1,1,0
1791,836,1,92,91
1792,836,31,90,59
1793,836,8,42,34
1796,836,2,3,1
1799,836,4,4,0
1785,837,2,2,0
1786,837,1,8,7
1791,837,4,56,52
1792,837,18,60,42
1793,837,4,26,22
1796,837,6,6,0
1797,837,4,4,0
1786,838,2,7,5
1791,838,2,2,0
1796,838,2,2,0
1797,838,4,4,0
1798,838,2,2,0
1788,839,2,3,1
1789,839,1,10,9
1793,839,4,4,0
1794,839,10,10,0
1798,839,2,2,0
1784,840,2,2,0
1791,840,5,5,0
1793,840,2,6,4
1794,840,5,6,1
1795,840,1,1,0
1798,840,1,1,0
1786,841,4,5,1
1787,841,4,4,0
1788,841,7,7,0
1785,842,4,4,0
1786,842,2,2,0
1790,842,6,14,8
1792,842,1,83,82
1793,842,7,51,44
1794,842,7,13,6
1797,842,1,7,6
1798,842,3,6,3
1784,843,8,8,0
1785,843,5,5,0
1790,843,9,31,22
1791,843,7,89,82
1792,843,10,143,133
1793,843,14,95,81
1794,843,13,35,22
1797,843,5,5,0
1798,843,7,10,3
1799,843,6,9,3
1787,844,4,4,0
1788,844,6,6,0
1792,844,2,68,66
1793,844,7,46,39
1794,844,5,18,13
1787,845,3,3,0
1788,845,10,10,0
1784,846,3,3,0
1791,846,5,8,3
1794,846,1,1,0
1785,847,5,9,4
1789,847,7,7,0
1794,847,3,7,4
1792,848,3,7,4
1797,849,3,4,1
1794,850,1,48,47
1795,850,5,5,0
1797,850,1,3,2
1793,851,2,41,39
1794,851,4,33,29
1795,851,1,1,0
1799,851,3,3,0
1793,852,8,9,1
1794,852,4,4,0
1799,852,5,5,0
1796,853,1,7,6
1797,853,1,1,0
1799,853,3,3,0
1796,854,2,2,0
1797,854,6,6,0
1797,855,4,9,5
1798,855,3,6,3
1792,856,16,42,26
1793,856,19,83,64
1794,856,4,83,79
1798,856,4,4,0
1792,857,9,51,42
1793,857,3,85,82
1797,857,3,5,2
1798,857,3,9,6
1792,858,5,17,12
1793,860,5,5,0
1797,860,2,8,6
1798,860,2,7,5
1793,861,1,2,1
1794,861,1,4,3
1797,861,3,3,0
1798,861,5,5,0
1792,863,5,51,46
1796,863,5,23,18
1799,863,1,1,0
1792,864,21,51,30
1793,864,10,108,98
1795,864,18,81,63
1796,864,14,20,6
1797,864,15,15,0
1798,864,2,9,7
1794,866,16,16,0
1796,866,8,8,0
1798,866,4,8,4
1796,867,8,10,2
1793,868,3,5,2
1795,868,7,13,6
1793,869,16,24,8
1794,869,12,21,9
1795,869,24,54,30
1797,869,4,4,0
1794,870,6,108,102
1795,870,1,114,113
1792,871,6,12,6
1793,871,1,106,105
1794,871,11,184,173
1796,871,15,88,73
1798,871,2,2,0
1792,872,1,3,2
1793,872,6,25,19
1795,872,5,75,70
1796,872,2,3,1
1799,872,3,6,3
1794,873,12,12,0
1795,873,6,6,0
1797,873,10,14,4
1799,873,3,3,0
1794,874,6,6,0
1797,874,3,3,0
1792,875,1,1,0
1793,875,3,4,1
1794,875,14,15,1
1792,876,10,12,2
1795,876,7,20,13
1796,876,3,20,17
1798,876,4,5,1
1793,877,3,6,3
1795,877,11,114,103
1796,877,8,61,53
1793,878,7,11,4
1794,878,6,70,64
1795,878,13,189,176
1796,878,11,72,61
1797,878,1,15,14
1794,879,12,17,5
1797,879,10,10,0
1799,879,1,1,0
1793,880,2,2,0
1794,880,7,7,0
1795,880,3,5,2
1792,881,10,10,0
1793,881,4,4,0
1798,881,6,6,0
1799,881,3,3,0
1795,882,1,1,0
1796,882,3,3,0
1795,883,7,78,71
1796,883,8,68,60
1792,884,11,11,0
1799,884,13,15,2
1794,885,3,78,75
1795,885,15,188,173
1796,885,15,209,194
1797,885,5,119,114
1792,886,3,7,4
1794,886,4,4,0
1795,886,2,38,36
1796,886,2,55,53
1797,886,7,37,30
1798,886,9,11,2
1794,887,1,11,10
1798,887,1,4,3
1793,888,1,1,0
1795,888,2,7,5
1799,888,1,2,1
1793,889,2,3,1
1798,889,2,2,0
1799,889,2,10,8
1794,890,11,11,0
1798,890,13,13,0
1794,891,21,58,37
1796,891,9,160,151
1798,891,12,65,53
1794,892,14,18,4
1796,892,18,124,106
1792,893,10,16,6
1794,893,2,2,0
1796,893,18,72,54
1799,893,5,7,2
1795,894,2,4,2
1796,894,8,15,7
1793,895,4,4,0
1794,895,4,5,1
1795,895,2,4,2
1793,896,1,1,0
1794,896,3,3,0
1797,896,9,9,0
1798,896,7,7,0
1792,897,12,12,0
1795,897,1,1,0
1798,897,3,34,31
1792,898,6,6,0
1795,898,26,56,30
1796,898,18,125,107
1799,898,4,4,0
1794,899,12,17,5
1795,899,15,79,64
1796,899,7,146,139
1797,899,10,152,142
1798,899,8,80,72
1792,900,5,7,2
1794,900,3,3,0
1797,900,7,60,53
1798,900,20,28,8
1792,901,3,3,0
1795,902,4,4,0
1792,903,3,3,0
1795,903,1,1,0
1792,904,6,6,0
1793,904,5,5,0
1795,904,4,4,0
1796,904,16,16,0
1797,904,22,41,19
1794,905,8,8,0
1796,905,21,68,47
1792,906,1,1,0
1793,906,14,14,0
1795,906,22,26,4
1794,907,3,4,1
1796,907,22,48,26
1797,907,10,74,64
1798,907,3,47,44
1799,907,12,15,3
1794,908,6,8,2
1796,908,10,10,0
1797,908,3,3,0
1793,909,11,13,2
1794,909,1,1,0
1795,909,18,21,3
1797,909,8,10,2
1799,909,10,23,13
1794,910,15,15,0
1796,910,15,15,0
1799,910,4,4,0
1792,911,3,3,0
1793,911,1,10,9
1797,911,17,42,25
1796,912,6,9,3
1797,912,5,74,69
1800,912,8,10,2
1801,912,1,2,1
1804,912,1,1,0
1805,912,4,4,0
1794,913,4,4,0
1795,913,4,6,2
1800,913,17,17,0
1801,913,10,10,0
1802,913,3,3,0
1803,913,1,1,0
1804,913,3,3,0
1805,913,5,5,0
1806,913,5,5,0
1807,913,3,3,0
1796,914,12,24,12
1797,914,20,73,53
1798,914,24,89,65
1799,914,25,63,38
1800,914,11,11,0
1801,914,7,7,0
1802,914,2,2,0
1806,914,1,1,0
1807,914,2,2,0
1792,915,8,10,2
1797,915,3,3,0
1798,915,2,5,3
1794,916,3,3,0
1795,916,4,8,4
1802,916,3,3,0
1803,916,3,4,1
1804,916,1,2,1
1807,916,2,3,1
1794,917,1,5,4
1795,917,4,7,3
1798,917,3,3,0
1803,917,1,1,0
1804,917,2,2,0
1805,917,1,1,0
1792,918,6,6,0
1795,919,2,2,0
1797,919,3,71,68
1798,919,15,98,83
1799,919,25,87,62
1800,919,13,26,13
1801,919,7,15,8
1804,919,1,1,0
1805,919,6,6,0
1806,919,5,5,0
1793,920,4,6,2
1797,920,2,64,62
1798,920,4,107,103
1799,920,17,121,104
1800,920,6,57,51
1804,920,3,4,1
1793,921,2,2,0
1796,921,8,8,0
1797,921,6,34,28
1799,921,4,58,54
1800,921,5,32,27
1796,922,4,4,0
1797,922,7,7,0
1800,922,1,7,6
1792,923,5,7,2
1796,923,3,3,0
1802,923,3,9,6
1803,923,2,7,5
1792,924,5,6,1
1796,924,3,3,0
1802,924,3,9,6
1803,924,2,7,5
1794,925,2,2,0
1795,925,1,2,1
1796,925,1,1,0
1797,925,1,3,2
1800,925,1,7,6
1793,926,4,4,0
1794,926,4,5,1
1799,926,1,50,49
1800,926,5,32,27
1793,927,9,9,0
1794,927,3,6,3
1799,927,14,102,88
1800,927,6,57,51
1804,927,3,4,1
1794,928,2,8,6
1798,928,5,46,41
1799,928,10,77,67
1800,928,3,12,9
1801,928,3,6,3
1806,928,1,5,4
1792,929,3,3,0
1796,929,7,7,0
1797,929,9,9,0
1795,930,3,3,0
1800,930,4,4,0
1801,930,1,2,1
1802,930,1,2,1
1794,931,8,8,0
1795,931,6,6,0
1799,931,7,15,8
1802,931,1,1,0
1803,931,5,6,1
1804,931,5,6,1
1805,931,1,2,1
1806,931,2,3,1
1807,931,5,7,2
1792,932,6,6,0
1796,932,3,3,0
1803,932,1,1,0
1804,932,1,1,0
1807,932,1,3,2
1794,933,1,1,0
1803,933,2,2,0
1804,933,2,2,0
1794,934,8,8,0
1795,934,4,4,0
1798,934,6,57,51
1799,934,25,119,94
1800,934,2,49,47
1803,934,2,2,0
1804,934,5,5,0
1807,934,2,2,0
1792,935,10,10,0
1797,935,1,2,1
1798,935,4,26,22
1799,935,6,57,51
1804,935,1,1,0
1793,936,1,3,2
1794,936,4,4,0
1797,936,4,4,0
1801,936,5,5,0
1802,936,11,11,0
1803,936,3,5,2
1807,936,2,5,3
1792,937,3,3,0
1798,937,3,3,0
1805,937,4,4,0
1806,937,4,4,0
1792,938,2,2,0
1800,938,20,21,1
1801,938,12,12,0
1802,938,5,5,0
1803,938,3,5,2
1804,938,6,7,1
1805,938,5,5,0
1795,939,6,6,0
1799,939,1,5,4
1807,939,7,9,2
1794,940,4,7,3
1798,940,8,19,11
1807,940,8,8,0
1794,941,1,1,0
1797,941,2,2,0
1798,941,10,41,31
1800,941,24,128,104
1801,941,13,73,60
1802,941,4,17,13
1803,941,1,1,0
1804,941,7,7,0
1805,941,4,7,3
1798,942,6,26,20
1804,942,2,2,0
1805,942,4,4,0
1792,943,6,6,0
1795,943,6,6,0
1799,943,2,7,5
1800,943,5,5,0
1803,943,9,9,0
1807,943,4,4,0
1796,944,5,5,0
1799,944,4,4,0
1801,944,4,4,0
1802,944,5,5,0
1797,945,1,6,5
1801,945,2,2,0
1805,945,4,4,0
1806,945,5,5,0
1807,945,2,2,0
1793,946,4,7,3
1794,946,2,2,0
1797,946,3,5,2
1800,946,5,5,0
1801,946,1,7,6
1802,946,1,3,2
1806,946,2,2,0
1793,947,5,5,0
1800,947,22,47,25
1802,947,3,20,17
1792,948,4,7,3
1795,948,4,4,0
1796,948,4,5,1
1800,948,1,98,97
1803,948,12,12,0
1806,948,4,4,0
1807,948,1,3,2
1792,949,3,3,0
1795,949,4,4,0
1796,949,7,7,0
1799,949,13,70,57
1803,949,5,10,5
1806,949,1,1,0
1796,950,1,4,3
1798,950,6,7,1
1799,950,12,36,24
1801,950,4,33,29
1802,950,1,14,13
1793,951,9,13,4
1794,951,5,5,0
1797,951,4,5,1
1804,951,1,1,0
1805,951,7,9,2
1792,952,2,3,1
1793,952,4,4,0
1794,952,1,1,0
1798,952,1,5,4
1800,952,1,1,0
1794,953,2,2,0
1795,953,4,4,0
1796,953,2,2,0
1800,953,1,1,0
1801,953,6,7,1
1802,953,3,3,0
1805,953,1,4,3
1806,953,3,3,0
1795,954,6,6,0
1796,954,3,3,0
1799,954,2,10,8
1800,954,1,33,32
1792,955,8,8,0
1799,955,16,38,22
1792,956,8,8,0
1799,956,16,38,22
1802,956,2,59,57
1803,956,4,4,0
1804,956,6,6,0
1805,956,7,8,1
1807,956,1,6,5
1795,957,6,6,0
1796,957,3,3,0
1799,957,2,10,8
1802,957,2,30,28
1803,957,1,1,0
1804,957,4,4,0
1805,957,4,4,0
1794,958,2,2,0
1795,958,4,4,0
1796,958,2,2,0
1792,959,2,3,1
1793,959,4,4,0
1794,959,1,1,0
1798,959,1,5,4
1800,959,3,9,6
1805,959,2,6,4
1806,959,2,8,6
1804,960,5,5,0
1805,960,8,10,2
1806,960,2,2,0
1800,964,2,10,8
1801,965,1,10,9
1801,966,1,3,2
1807,966,2,2,0
1801,968,1,31,30
1806,968,1,6,5
1801,969,6,81,75
1804,969,5,14,9
1806,969,4,6,2
1807,969,2,2,0
1801,970,15,104,89
1803,970,3,55,52
1804,970,9,21,12
1806,970,3,3,0
1807,970,4,4,0
1800,971,7,29,22
1801,971,23,68,45
1802,971,3,55,52
1803,971,5,32,27
1804,971,9,9,0
1801,972,18,23,5
1803,972,2,2,0
1801,973,8,10,2
1804,973,3,3,0
1806,973,3,4,1
1801,974,6,13,7
1804,974,7,7,0
1806,974,3,4,1
1801,975,10,11,1
1804,975,5,5,0
1801,976,5,67,62
1802,976,10,67,57
1803,976,9,60,51
1807,977,1,7,6
1800,978,7,7,0
1801,978,11,57,46
1802,978,8,66,58
1803,978,2,68,66
1805,978,2,4,2
1807,978,7,7,0
1803,979,1,1,0
1804,980,1,4,3
1800,981,8,8,0
1801,981,3,3,0
1807,981,8,8,0
1803,983,2,42,40
1804,983,6,26,20
1805,983,2,2,0
1803,984,34,128,94
1804,984,5,56,51
1800,985,3,8,5
1801,985,3,43,40
1803,985,30,88,58
1804,985,3,31,28
1806,985,2,4,2
1807,985,3,6,3
1800,986,3,3,0
1801,986,7,19,12
1803,986,21,35,14
1806,986,6,6,0
1803,987,4,4,0
1806,987,7,7,0
1802,988,2,2,0
1805,988,2,7,5
1806,988,9,12,3
1802,989,13,14,1
1806,989,4,4,0
1800,990,1,1,0
1802,990,17,39,22
1804,990,4,20,16
1800,991,3,3,0
1802,991,21,72,51
1803,991,3,67,64
1804,991,10,55,45
1801,992,4,7,3
1802,992,11,67,56
1803,992,10,109,99
1804,992,4,69,65
1807,992,7,10,3
1801,993,1,3,2
1802,993,3,26,23
1803,993,4,40,36
1804,993,3,17,14
1806,993,1,1,0
1807,993,1,7,6
1800,994,1,1,0
1803,994,1,3,2
1805,994,5,7,2
1806,994,1,10,9
1800,995,1,1,0
1803,995,1,1,0
1805,995,2,5,3
1806,995,1,9,8
1802,996,1,1,0
1803,996,1,13,12
1807,996,1,10,9
1802,997,2,24,22
1800,999,10,11,1
1801,999,6,7,1
1802,999,1,48,47
1804,999,1,98,97
1805,999,2,56,54
1806,999,1,17,16
1802,1001,3,3,0
1803,1001,7,12,5
1804,1001,6,12,6
1805,1001,3,3,0
1801,1002,8,8,0
1802,1002,2,2,0
1805,1002,1,2,1
1806,1002,7,9,2
1801,1003,4,4,0
1802,1003,2,2,0
1805,1003,3,3,0
1806,1003,6,6,0
1802,1004,4,10,6
1803,1004,13,29,16
1804,1004,13,30,17
1805,1004,4,12,8
1807,1005,1,6,5
1800,1006,5,5,0
1801,1006,6,6,0
1805,1006,1,39,38
1806,1006,10,10,0
1807,1006,10,10,0
1802,1007,9,22,13
1805,1007,11,26,15
1806,1007,1,1,0
1800,1008,1,2,1
1804,1008,2,4,2
1801,1009,9,9,0
1802,1009,5,5,0
1804,1009,3,4,1
1805,1009,4,4,0
1806,1009,1,1,0
1807,1009,9,9,0
1801,1010,4,8,4
1805,1010,1,4,3
1801,1011,3,3,0
1804,1011,6,8,2
1805,1011,10,10,0
1800,1012,7,7,0
1803,1012,1,33,32
1804,1012,13,59,46
1805,1012,3,39,36
1807,1013,3,3,0
1803,1014,2,29,27
1804,1014,1,53,52
1800,1015,3,3,0
1801,1015,3,4,1
1804,1015,3,3,0
1805,1015,3,3,0
1802,1016,2,6,4
1806,1016,3,5,2
1807,1016,7,7,0
1801,1017,5,6,1
1802,1017,6,6,0
1804,1018,5,5,0
1805,1018,6,11,5
1806,1018,3,4,1
1803,1019,2,12,10
1804,1019,11,38,27
1805,1019,13,47,34
1806,1019,8,26,18
1800,1020,7,7,0
1801,1020,1,1,0
1803,1020,4,31,27
1804,1020,10,69,59
1805,1020,9,79,70
1800,1021,5,5,0
1803,1021,1,26,25
1804,1021,8,59,51
1805,1021,8,66,58
1806,1021,3,35,32
1804,1022,4,21,17
1805,1022,8,27,19
1806,1022,7,11,4
1801,1023,2,3,1
1802,1024,4,4,0
1803,1024,4,6,2
1807,1024,3,3,0
1800,1025,2,3,1
1801,1026,3,8,5
1802,1026,3,7,4
1803,1026,2,2,0
1804,1026,2,13,11
1805,1026,1,28,27
1806,1026,1,20,19
1801,1027,3,3,0
1802,1027,9,9,0
1803,1027,7,17,10
1807,1027,7,7,0
1800,1029,8,8,0
1804,1029,9,26,17
1805,1029,15,50,35
1806,1029,5,33,28
1800,1030,7,7,0
1801,1030,1,2,1
1804,1030,2,2,0
1805,1030,12,12,0
1806,1030,7,7,0
1802,1031,3,3,0
1802,1032,3,3,0
1801,1033,1,4,3
1803,1035,1,1,0
1804,1035,5,40,35
1805,1035,3,82,79
1804,1036,8,15,7
1805,1036,9,43,34
1806,1036,3,37,34
1805,1037,2,7,5
1802,1038,1,1,0
1807,1038,1,5,4
1807,1039,5,5,0
1801,1040,1,1,0
1805,1040,15,33,18
1806,1040,3,6,3
1805,1041,5,80,75
1803,1042,5,5,0
1805,1042,15,92,77
1806,1042,9,72,63
1807,1042,13,64,51
1801,1043,5,5,0
1803,1043,1,15,14
1805,1043,7,86,79
1807,1043,3,58,55
1805,1044,9,29,20
1800,1045,2,8,6
1801,1045,11,11,0
1802,1045,3,12,9
1803,1045,13,13,0
1805,1045,17,23,6
1807,1045,4,4,0
1805,1046,4,7,3
1800,1047,4,5,1
1801,1047,2,2,0
1805,1047,10,14,4
1807,1047,7,7,0
1801,1048,1,1,0
1808,1048,5,6,1
1809,1048,3,4,1
1810,1048,2,3,1
1811,1048,1,1,0
1801,1049,1,1,0
1802,1049,5,7,2
1803,1049,4,9,5
1804,1049,14,26,12
1805,1049,15,68,53
1806,1049,10,85,75
1807,1049,14,65,51
1808,1049,4,5,1
1809,1049,3,4,1
1810,1049,2,3,1
1811,1049,1,1,0
1804,1050,2,4,2
1805,1050,6,34,28
1806,1050,6,48,42
1807,1050,6,29,23
1808,1050,4,5,1
1809,1050,3,4,1
1810,1050,1,2,1
1811,1050,1,1,0
1800,1051,3,8,5
1805,1051,4,4,0
1806,1051,8,8,0
1808,1051,3,4,1
1809,1051,2,3,1
1810,1051,1,2,1
1811,1051,1,1,0
1814,1051,1,1,0
1815,1051,1,1,0
1803,1052,6,7,1
1805,1052,2,7,5
1806,1052,9,12,3
1808,1052,3,4,1
1809,1052,2,3,1
1810,1052,1,2,1
1811,1052,1,1,0
1813,1052,1,1,0
1814,1052,1,1,0
1815,1052,2,2,0
1803,1053,2,2,0
1806,1053,3,3,0
1808,1053,2,3,1
1809,1053,1,2,1
1813,1053,1,1,0
1814,1053,2,2,0
1815,1053,2,2,0
1800,1054,14,15,1
1802,1054,6,6,0
1803,1054,11,11,0
1806,1054,12,12,0
1807,1054,2,17,15
1808,1054,1,2,1
1809,1054,1,2,1
1813,1054,1,1,0
1814,1054,2,2,0
1815,1054,3,3,0
1800,1055,4,4,0
1803,1055,5,5,0
1806,1055,14,33,19
1808,1055,1,2,1
1809,1055,1,2,1
1813,1055,1,1,0
1814,1055,2,2,0
1815,1055,3,3,0
1802,1056,5,5,0
1803,1056,6,6,0
1807,1056,15,103,88
1808,1056,10,43,33
1814,1056,1,1,0
1801,1057,4,12,8
1805,1057,22,65,43
1806,1057,16,87,71
1808,1057,6,39,33
1811,1057,1,5,4
1814,1057,2,2,0
1801,1058,5,5,0
1802,1058,3,3,0
1805,1058,5,26,21
1806,1058,4,42,38
1808,1058,2,10,8
1811,1058,1,1,0
1814,1058,5,7,2
1800,1059,1,1,0
1802,1059,1,1,0
1803,1059,10,11,1
1804,1059,1,1,0
1807,1059,8,18,10
1810,1059,5,5,0
1811,1059,4,4,0
1814,1059,4,9,5
1804,1060,1,2,1
1805,1060,8,8,0
1806,1060,1,1,0
1810,1060,5,14,9
1811,1060,8,12,4
1814,1060,4,5,1
1803,1061,3,4,1
1804,1061,3,3,0
1807,1061,4,15,11
1811,1061,4,4,0
1814,1061,4,4,0
1800,1062,2,2,0
1803,1062,9,9,0
1804,1062,1,5,4
1807,1062,6,65,59
1808,1062,6,18,12
1814,1062,5,5,0
1801,1063,5,13,8
1805,1063,19,82,63
1806,1063,8,107,99
1808,1063,9,66,57
1814,1063,1,1,0
1812,1064,2,5,3
1813,1064,2,2,0
1814,1064,2,2,0
1815,1064,1,1,0
1800,1065,3,3,0
1801,1065,1,1,0
1804,1065,3,3,0
1805,1065,8,22,14
1806,1065,10,61,51
1807,1065,11,96,85
1808,1065,4,66,62
1809,1065,1,18,17
1812,1065,1,5,4
1813,1065,2,2,0
1803,1066,1,1,0
1806,1066,6,15,9
1807,1066,7,33,26
1808,1066,3,24,21
1813,1066,2,2,0
1813,1067,1,1,0
1814,1067,4,10,6
1803,1068,1,3,2
1804,1068,1,3,2
1807,1068,2,4,2
1813,1068,1,1,0
1814,1068,3,7,4
1800,1069,1,1,0
1806,1069,5,5,0
1807,1069,9,15,6
1810,1069,3,7,4
1811,1069,1,6,5
1805,1070,1,1,0
1806,1070,4,15,11
1807,1070,5,31,26
1815,1070,1,2,1
1800,1071,3,3,0
1801,1071,2,2,0
1802,1071,1,2,1
1803,1071,1,4,3
1806,1071,1,25,24
1807,1071,1,45,44
1810,1071,1,1,0
1811,1071,1,6,5
1814,1071,3,3,0
1800,1072,3,3,0
1801,1072,3,6,3
1803,1072,1,1,0
1804,1072,6,6,0
1807,1072,7,37,30
1801,1073,1,5,4
1807,1073,9,10,1
1808,1073,4,5,1
1809,1073,4,4,0
1810,1073,2,2,0
1801,1074,3,3,0
1802,1074,2,2,0
1804,1074,2,4,2
1805,1074,2,2,0
1807,1074,3,3,0
1809,1074,2,2,0
1810,1074,2,3,1
1801,1075,7,7,0
1802,1075,4,4,0
1805,1075,3,7,4
1801,1076,11,11,0
1802,1076,3,3,0
1808,1076,3,3,0
1811,1076,4,6,2
1812,1076,4,4,0
1815,1076,6,6,0
1801,1077,3,3,0
1804,1077,2,2,0
1805,1077,2,2,0
1807,1077,5,39,34
1812,1077,3,5,2
1815,1077,5,8,3
1804,1078,6,10,4
1807,1078,9,67,58
1800,1079,3,6,3
1801,1079,2,2,0
1803,1079,3,7,4
1804,1079,4,4,0
1807,1079,7,56,49
1808,1079,1,52,51
1801,1080,6,6,0
1804,1080,4,4,0
1807,1080,5,6,1
1808,1080,3,4,1
1814,1080,1,4,3
1801,1081,1,4,3
1807,1081,1,6,5
1808,1081,8,8,0
1809,1081,4,6,2
1801,1082,5,7,2
1804,1082,5,5,0
1805,1082,2,3,1
1807,1082,4,4,0
1801,1083,5,5,0
1802,1083,1,1,0
1804,1083,7,10,3
1805,1083,2,2,0
1807,1083,4,4,0
1804,1084,2,2,0
1807,1084,1,23,22
1808,1084,15,24,9
1809,1084,5,6,1
1812,1084,2,5,3
1801,1085,2,2,0
1807,1085,3,56,53
1808,1085,10,61,51
1809,1085,2,29,27
1815,1085,3,3,0
1801,1086,6,6,0
1804,1086,6,6,0
1805,1086,3,3,0
1807,1086,7,54,47
1815,1086,3,3,0
1804,1087,3,8,5
1807,1087,3,21,18
1808,1087,5,13,8
1811,1087,2,6,4
1812,1087,3,8,5
1801,1088,1,2,1
1802,1088,3,3,0
1803,1088,2,2,0
1811,1088,4,4,0
1812,1088,3,4,1
1802,1089,3,3,0
1803,1089,3,3,0
1808,1089,6,6,0
1809,1089,2,2,0
1815,1089,6,6,0
1802,1090,2,2,0
1803,1090,2,3,1
1808,1090,2,3,1
1815,1090,3,4,1
1802,1091,1,1,0
1803,1091,1,2,1
1806,1091,2,2,0
1807,1091,4,4,0
1811,1091,4,4,0
1812,1091,5,7,2
1813,1091,1,2,1
1806,1092,2,10,8
1807,1092,5,15,10
1812,1092,4,5,1
1813,1092,1,5,4
1806,1093,1,12,11
1807,1093,4,18,14
1808,1093,3,67,64
1809,1093,1,35,34
1815,1093,1,1,0
1800,1094,2,2,0
1801,1094,2,2,0
1802,1094,1,1,0
1807,1094,3,12,9
1808,1094,6,43,37
1809,1094,3,23,20
1814,1094,2,2,0
1815,1094,6,6,0
1800,1095,1,1,0
1801,1095,2,2,0
1802,1095,2,3,1
1807,1095,2,3,1
1811,1095,4,6,2
1812,1095,3,5,2
1804,1096,1,1,0
1808,1096,1,2,1
1812,1096,1,1,0
1800,1097,1,1,0
1804,1097,1,1,0
1805,1097,1,1,0
1806,1097,1,1,0
1812,1097,2,6,4
1813,1097,4,8,4
1814,1097,4,6,2
1815,1097,2,4,2
1800,1098,2,2,0
1804,1098,1,1,0
1805,1098,2,3,1
1808,1098,1,3,2
1812,1098,2,2,0
1813,1098,3,3,0
1814,1098,2,2,0
1815,1098,1,1,0
1800,1099,2,3,1
1801,1099,1,2,1
1804,1099,1,1,0
1805,1099,1,4,3
1808,1099,8,24,16
1809,1099,6,17,11
1810,1099,3,7,4
1800,1100,3,3,0
1801,1100,1,2,1
1804,1100,1,1,0
1805,1100,1,4,3
1808,1100,8,46,38
1809,1100,5,35,30
1810,1100,3,20,17
1811,1100,1,7,6
1812,1100,1,1,0
1813,1100,1,1,0
1800,1101,2,2,0
1801,1101,1,1,0
1804,1101,1,1,0
1805,1101,1,3,2
1813,1101,1,1,0
1814,1101,1,4,3
1800,1102,1,1,0
1801,1102,1,1,0
1804,1102,1,1,0
1805,1102,1,1,0
1804,1103,1,1,0
1802,1104,5,5,0
1803,1104,4,4,0
1804,1104,1,1,0
1807,1104,1,1,0
1809,1104,5,10,5
1812,1104,3,3,0
1813,1104,5,5,0
1801,1105,2,2,0
1802,1105,3,3,0
1803,1105,2,2,0
1807,1105,2,3,1
1809,1105,4,4,0
1810,1105,1,1,0
1812,1105,3,5,2
1813,1105,4,5,1
1801,1106,1,1,0
1802,1106,1,1,0
1806,1106,1,4,3
1807,1106,3,7,4
1809,1106,7,21,14
1810,1106,4,10,6
1812,1106,1,3,2
1806,1107,2,6,4
1807,1107,5,10,5
1809,1107,6,51,45
1810,1107,7,26,19
1815,1107,6,6,0
1806,1108,2,6,4
1807,1108,5,10,5
1809,1108,6,51,45
1810,1108,7,26,19
1815,1108,6,6,0
1801,1109,1,1,0
1802,1109,1,1,0
1806,1109,1,4,3
1807,1109,3,7,4
1809,1109,7,21,14
1810,1109,4,10,6
1812,1109,1,3,2
1801,1110,2,2,0
1802,1110,3,3,0
1803,1110,2,2,0
1807,1110,2,3,1
1809,1110,4,4,0
1810,1110,1,1,0
1812,1110,3,5,2
1813,1110,4,5,1
1802,1111,5,5,0
1803,1111,4,4,0
1804,1111,1,1,0
1807,1111,1,1,0
1809,1111,5,10,5
1812,1111,3,3,0
1813,1111,4,4,0
1800,1112,1,1,0
1801,1112,1,1,0
1804,1112,1,1,0
1805,1112,1,2,1
1806,1112,2,3,1
1807,1112,3,4,1
1812,1112,3,5,2
1813,1112,2,4,2
1800,1113,1,1,0
1801,1113,1,1,0
1804,1113,1,1,0
1805,1113,1,2,1
1806,1113,2,3,1
1807,1113,3,4,1
1813,1113,1,1,0
1815,1113,1,5,4
1800,1114,1,1,0
1801,1114,1,1,0
1804,1114,1,1,0
1805,1114,1,2,1
1806,1114,2,3,1
1807,1114,3,4,1
1815,1114,2,2,0
1800,1115,1,1,0
1801,1115,1,1,0
1804,1115,1,1,0
1805,1115,1,2,1
1806,1115,2,3,1
1807,1115,3,4,1
1808,1115,2,49,47
1809,1115,1,52,51
1800,1116,1,1,0
1801,1116,1,1,0
1804,1116,1,1,0
1805,1116,1,2,1
1806,1116,2,3,1
1807,1116,3,4,1
1808,1116,3,14,11
1809,1116,2,22,20
1815,1116,2,6,4
1800,1117,1,1,0
1801,1117,1,1,0
1804,1117,1,1,0
1805,1117,1,2,1
1806,1117,2,3,1
1807,1117,3,4,1
1809,1117,1,4,3
1800,1118,1,1,0
1801,1118,1,1,0
1804,1118,1,1,0
1805,1118,1,2,1
1806,1118,2,3,1
1807,1118,3,4,1
1809,1118,1,10,9
1810,1118,1,4,3
1812,1118,1,3,2
1800,1119,1,1,0
1801,1119,1,1,0
1804,1119,1,1,0
1805,1119,1,2,1
1806,1119,2,3,1
1807,1119,3,4,1
1810,1119,2,3,1
1812,1119,2,2,0
1809,1120,2,13,11
1810,1120,4,9,5
1813,1120,2,5,3
1811,1121,1,1,0
1812,1121,2,2,0
1813,1121,1,5,4
1815,1123,1,4,3
1809,1124,3,11,8
1810,1124,2,5,3
1809,1125,4,7,3
1810,1125,3,4,1
1812,1125,2,6,4
1813,1125,1,1,0
1810,1126,1,4,3
1811,1126,2,2,0
1812,1126,2,7,5
1812,1127,2,5,3
1813,1128,1,6,5
1814,1128,7,7,0
1808,1129,3,23,20
1810,1129,3,40,37
1811,1129,8,21,13
1813,1129,4,4,0
1814,1129,4,4,0
1808,1130,4,13,9
1810,1130,4,36,32
1811,1130,8,19,11
1814,1130,2,2,0
1810,1131,1,11,10
1811,1131,2,2,0
1808,1133,2,2,0
1813,1133,1,5,4
1814,1133,1,1,0
1811,1134,1,1,0
1813,1134,2,3,1
1814,1134,3,3,0
1811,1135,1,8,7
1808,1136,5,15,10
1809,1136,4,52,48
1813,1136,3,3,0
1814,1136,6,8,2
1808,1137,8,13,5
1809,1137,14,45,31
1810,1137,13,53,40
1811,1137,3,22,19
1809,1138,7,15,8
1810,1138,15,26,11
1811,1138,7,12,5
1814,1138,1,2,1
1815,1138,1,2,1
1810,1139,2,2,0
1811,1139,1,1,0
1814,1139,2,2,0
1815,1139,5,5,0
1808,1140,3,12,9
1809,1140,4,4,0
1808,1141,4,4,0
1809,1141,1,1,0
1813,1141,2,3,1
1814,1141,4,4,0
1809,1142,2,12,10
1810,1142,2,18,16
1814,1142,4,4,0
1815,1142,2,2,0
1808,1143,6,20,14
1809,1143,17,50,33
1810,1143,20,61,41
1811,1143,10,35,25
1808,1145,1,2,1
1813,1145,1,1,0
1814,1145,3,4,1
1815,1145,1,1,0
1809,1146,1,2,1
1810,1146,2,5,3
1811,1146,2,4,2
1812,1146,2,2,0
1813,1146,1,1,0
1814,1146,2,2,0
1815,1146,4,4,0
1811,1147,1,4,3
1809,1148,2,2,0
1810,1148,2,2,0
1811,1148,3,6,3
1809,1149,5,6,1
1810,1149,10,13,3
1811,1149,8,10,2
1812,1149,2,2,0
1810,1150,7,34,27
1811,1150,7,20,13
1812,1150,1,1,0
1815,1150,1,1,0
1810,1151,1,54,53
1811,1151,2,31,29
1815,1151,2,2,0
1808,1152,1,2,1
1810,1152,7,18,11
1811,1152,11,20,9
1814,1152,6,6,0
1811,1153,3,8,5
1814,1153,1,1,0
1808,1154,6,6,0
1811,1154,4,4,0
1813,1154,1,1,0
1814,1154,5,5,0
1808,1155,7,9,2
1811,1155,3,3,0
1813,1155,3,4,1
1814,1155,6,7,1
1810,1157,3,18,15
1811,1157,7,20,13
1814,1157,2,4,2
1809,1158,2,16,14
1810,1158,18,41,23
1811,1158,21,41,20
1812,1158,5,13,8
1813,1158,1,1,0
1814,1158,7,7,0
1815,1158,5,8,3
1809,1159,2,17,15
1810,1159,20,48,28
1811,1159,24,47,23
1812,1159,5,12,7
1814,1159,2,2,0
1815,1159,5,6,1
1808,1160,7,11,4
1813,1160,3,3,0
1814,1160,1,5,4
1809,1161,1,1,0
1810,1161,9,15,6
1811,1161,6,17,11
1810,1162,6,6,0
1811,1162,7,9,2
1808,1163,8,9,1
1813,1163,1,1,0
1814,1163,1,7,6
1808,1164,11,12,1
1809,1164,2,7,5
1814,1164,2,5,3
1809,1165,4,23,19
1810,1165,6,54,48
1815,1165,5,5,0
1809,1166,3,17,14
1810,1166,8,47,39
1811,1166,4,46,42
1815,1166,2,2,0
1811,1167,2,13,11
1812,1167,2,2,0
1813,1167,1,1,0
1808,1168,6,6,0
1811,1168,1,5,4
1814,1168,3,3,0
1808,1169,7,10,3
1811,1169,3,4,1
1814,1169,2,3,1
1808,1170,5,5,0
1811,1170,5,10,5
1814,1170,1,3,2
1811,1171,7,30,23
1811,1172,8,56,48
1808,1173,1,7,6
1811,1173,7,62,55
1814,1173,1,1,0
1808,1174,3,7,4
1811,1174,5,35,30
1815,1174,1,1,0
1811,1175,3,3,0
1814,1175,1,1,0
1815,1175,3,3,0
1814,1176,1,1,0
1808,1177,1,6,5
1809,1177,2,6,4
1810,1177,2,4,2
1811,1177,1,1,0
1808,1178,3,5,2
1809,1178,3,3,0
1810,1178,8,8,0
1811,1178,9,14,5
1812,1178,6,6,0
1810,1179,5,22,17
1811,1179,8,41,33
1812,1179,8,30,22
1811,1180,2,54,52
1812,1180,4,43,39
1813,1180,3,10,7
1815,1180,3,5,2
1812,1183,1,1,0
1813,1183,1,5,4
1809,1184,4,4,0
1815,1184,1,1,0
1809,1186,2,3,1
1812,1186,4,23,19
1813,1186,1,6,5
1809,1187,7,10,3
1810,1187,4,35,31
1811,1187,3,60,57
1812,1187,11,52,41
1813,1187,6,19,13
1815,1187,3,6,3
1809,1188,4,4,0
1810,1188,4,26,22
1811,1188,3,49,46
1812,1188,12,41,29
1813,1188,6,10,4
1815,1188,2,2,0
1809,1189,1,1,0
1812,1189,6,12,6
1809,1190,3,3,0
1812,1190,1,1,0
1815,1190,1,4,3
1809,1191,1,1,0
1812,1191,3,3,0
1813,1191,2,8,6
1808,1192,3,8,5
1811,1192,3,10,7
1815,1192,6,6,0
1810,1193,6,24,18
1811,1193,3,44,41
1813,1193,2,3,1
1809,1194,3,3,0
1810,1194,5,39,34
1813,1194,5,10,5
1814,1194,1,1,0
1809,1195,1,1,0
1814,1195,3,3,0
1808,1196,4,5,1
1813,1196,1,1,0
1814,1196,6,6,0
1811,1197,3,3,0
1813,1197,4,4,0
1814,1197,1,7,6
1810,1198,2,2,0
1811,1198,6,6,0
1810,1199,7,8,1
1814,1199,2,4,2
1810,1200,2,5,3
1813,1200,2,5,3
1808,1201,5,5,0
1809,1201,2,3,1
1814,1201,2,3,1
1815,1201,5,5,0
1808,1202,3,3,0
1815,1202,3,3,0
1808,1203,1,2,1
1815,1203,1,2,1
1808,1204,2,5,3
1809,1204,3,3,0
1810,1204,2,2,0
1813,1204,2,2,0
1814,1204,3,3,0
1815,1204,2,5,3
1809,1205,7,7,0
1810,1205,7,7,0
1813,1205,7,7,0
1814,1205,7,7,0
1808,1207,6,8,2
1811,1207,8,16,8
1812,1207,8,16,8
1815,1207,6,8,2
1808,1208,3,12,9
1808,1209,5,5,0
1813,1209,5,29,24
1814,1209,4,4,0
1815,1209,2,2,0
1808,1210,2,3,1
1813,1210,1,12,11
1814,1210,2,2,0
1809,1212,1,1,0
1811,1212,1,6,5
1812,1212,3,8,5
1813,1212,3,7,4
1814,1212,3,3,0
1811,1213,1,2,1
1812,1213,1,2,1
1810,1215,5,19,14
1811,1215,7,43,36
1812,1215,5,41,36
1813,1215,1,15,14
1811,1216,7,46,39
1812,1216,13,50,37
1813,1216,7,18,11
1808,1217,2,8,6
1810,1217,2,7,5
1811,1217,8,27,19
1812,1217,7,28,21
1815,1217,3,8,5
1808,1218,1,1,0
1810,1218,2,2,0
1811,1218,5,6,1
1815,1218,2,2,0
1810,1219,1,5,4
1812,1220,1,1,0
1813,1220,5,5,0
1814,1220,1,4,3
1813,1221,5,5,0
1814,1221,4,4,0
1813,1222,5,12,7
1814,1222,3,3,0
1810,1223,3,7,4
1813,1224,6,6,0
1814,1224,2,2,0
1813,1225,5,5,0
1814,1225,2,2,0
1812,1226,1,3,2
1813,1226,4,4,0
1814,1226,2,2,0
1813,1227,3,3,0
1814,1227,1,2,1
1813,1228,1,5,4
1810,1229,3,3,0
1809,1230,2,2,0
1810,1230,2,6,4
1809,1231,2,2,0
1810,1231,2,8,6
1808,1232,2,3,1
1812,1232,4,4,0
1813,1232,5,6,1
1814,1232,1,3,2
1810,1233,2,6,4
1811,1233,2,6,4
1812,1233,1,4,3
1809,1234,1,1,0
1810,1234,4,4,0
1811,1234,3,3,0
1815,1234,3,6,3
1815,1235,2,8,6
1808,1236,1,6,5
1812,1236,3,17,14
1813,1236,3,11,8
1808,1237,3,3,0
1812,1237,4,39,35
1813,1237,5,25,20
1812,1238,2,33,31
1813,1238,1,18,17
1811,1239,3,7,4
1815,1239,2,10,8
1810,1240,2,2,0
1811,1240,4,5,1
1812,1240,4,6,2
1813,1240,3,4,1
1814,1241,1,2,1
1808,1242,2,2,0
1809,1242,1,1,0
1814,1242,2,3,1
1815,1242,3,4,1
1808,1243,3,3,0
1809,1243,3,3,0
1810,1243,1,2,1
1813,1243,2,4,2
1814,1243,3,5,2
1815,1243,4,5,1
1808,1244,2,2,0
1809,1244,4,4,0
1810,1244,5,7,2
1811,1244,6,9,3
1812,1244,6,9,3
1813,1244,5,8,3
1814,1244,4,6,2
1815,1244,2,4,2
1808,1245,1,1,0
1809,1245,2,3,1
1810,1245,5,7,2
1811,1245,7,10,3
1812,1245,7,11,4
1813,1245,6,9,3
1814,1245,2,5,3
1815,1245,1,3,2
1808,1246,1,1,0
1809,1246,1,2,1
1810,1246,2,4,2
1811,1246,2,5,3
1812,1246,2,6,4
1813,1246,1,5,4
1814,1246,1,4,3
1808,1247,1,1,0
1809,1250,1,1,0
1810,1250,1,2,1
1811,1250,1,3,2
1812,1250,1,4,3
1814,1250,1,3,2
1808,1251,1,1,0
1809,1251,2,2,0
1810,1251,2,3,1
1811,1251,2,4,2
1812,1251,2,5,3
1813,1251,1,4,3
1814,1251,2,4,2
1815,1251,1,3,2
1808,1252,1,1,0
1809,1252,2,2,0
1810,1252,2,3,1
1811,1252,2,4,2
1812,1252,2,5,3
1813,1252,1,4,3
1814,1252,2,4,2
1815,1252,1,3,2
1809,1253,1,1,0
1810,1253,1,2,1
1811,1253,1,3,2
1812,1253,1,4,3
1814,1253,1,3,2
1809,1256,1,1,0
1810,1256,3,3,0
1811,1256,4,4,0
1812,1256,4,4,0
1813,1256,4,4,0
1814,1256,2,3,1
1815,1256,1,3,2
1811,1257,1,3,2
1812,1257,1,4,3
1813,1257,1,4,3
1815,1260,1,1,0
1810,1261,1,1,0
1813,1261,1,2,1
1814,1261,1,1,0
1815,1261,1,1,0
1811,1262,1,1,0
1812,1262,2,2,0
1813,1262,2,2,0
1814,1262,1,1,0
1815,1262,1,1,0
1811,1263,1,1,0
1812,1263,2,2,0
1813,1263,1,1,0
3248,1584,2,2,0
3249,1584,2,2,0
3250,1584,2,2,0
3251,1584,1,1,0
208,2240,3,4,1
212,2240,1,1,0
208,2241,3,4,1
212,2241,1,1,0
208,2242,2,3,1
