X,Y,Subtracted,Original 1,Original 2
3255,1591,2,2,0
3082,516,1,1,0
3085,516,1,1,0
3082,517,1,1,0
3083,517,1,1,0
3084,517,1,1,0
3085,517,1,1,0
3082,518,1,1,0
3083,518,1,1,0
3084,518,1,1,0
3085,518,1,1,0
3082,519,1,1,0
3083,519,1,1,0
3084,519,1,1,0
3085,519,1,1,0
386,832,1,1,0
387,832,2,2,0
388,832,1,2,1
1784,832,4,5,1
1785,832,1,4,3
1789,832,3,5,2
1790,832,3,5,2
1795,832,5,5,0
1796,832,6,6,0
1787,833,2,5,3
1788,833,5,10,5
1789,833,4,7,3
1792,833,4,4,0
1799,833,2,2,0
1787,834,3,7,4
1788,834,5,6,1
1799,834,7,8,1
1798,835,3,3,0
1784,836,2,3,1
1794,836,8,11,3
1795,836,1,3,2
1797,836,6,6,0
1798,836,1,1,0
387,837,1,2,1
388,837,2,2,0
389,837,1,1,0
1785,837,1,1,0
1790,837,4,21,17
1791,837,3,54,51
1793,837,1,23,22
1797,837,2,6,4
1798,837,2,2,0
389,838,1,4,3
1787,838,1,1,0
1792,838,8,9,1
1797,838,2,2,0
1799,838,1,2,1
1788,839,4,4,0
1789,839,5,12,7
1790,839,1,7,6
1792,839,2,2,0
1795,839,6,7,1
1796,839,4,4,0
1788,840,1,1,0
1792,840,7,10,3
1795,840,2,5,3
1799,840,2,7,5
1791,841,6,7,1
1792,841,1,1,0
1796,841,2,5,3
1786,842,2,2,0
1787,842,3,4,1
1790,842,5,14,9
1792,842,11,102,91
1793,842,3,59,56
1787,843,7,7,0
1792,843,5,164,159
1799,843,3,3,0
1784,844,8,8,0
1792,844,5,72,67
1795,844,1,3,2
1796,844,4,4,0
1797,844,1,3,2
1784,845,7,7,0
1787,845,2,2,0
1788,845,1,3,2
1791,845,1,1,0
1792,845,1,1,0
1795,845,1,1,0
1796,845,3,3,0
1787,846,2,2,0
1788,846,6,6,0
1789,846,4,7,3
1790,846,5,6,1
1792,846,8,10,2
1793,846,1,4,3
1795,846,1,1,0
1799,846,1,5,4
1786,847,2,3,1
1792,847,2,2,0
1795,847,1,5,4
1796,847,4,4,0
1799,847,5,5,0
1793,848,14,14,0
1795,848,2,2,0
1796,848,8,12,4
1798,848,1,1,0
1785,849,1,1,0
1786,849,1,3,2
1787,849,1,1,0
1789,849,2,2,0
1790,849,7,13,6
1791,849,8,22,14
1793,849,5,56,51
1798,849,3,5,2
1785,850,1,1,0
1789,850,5,5,0
1790,850,11,16,5
1791,850,14,25,11
1793,850,13,82,69
1794,850,3,42,39
1795,850,3,3,0
1797,850,4,7,3
1798,850,15,17,2
1790,851,4,4,0
1791,851,7,10,3
1793,851,3,36,33
1798,851,2,2,0
1793,852,3,5,2
1798,852,1,1,0
1786,853,1,1,0
1787,853,3,3,0
1788,853,3,3,0
1789,853,1,2,1
1793,853,13,13,0
1794,853,1,1,0
1795,853,10,10,0
1796,853,6,15,9
1798,853,7,7,0
1799,853,5,14,9
1784,854,1,1,0
1787,854,1,1,0
1788,854,2,3,1
1789,854,2,4,2
1790,854,2,3,1
1791,854,2,2,0
1793,854,6,16,10
1784,855,3,5,2
1785,855,1,2,1
1790,855,1,1,0
1793,855,16,37,21
1794,855,9,22,13
1795,855,2,2,0
1796,855,2,2,0
1798,855,10,12,2
1792,856,9,25,16
1795,856,3,42,39
1799,856,2,2,0
1796,857,5,10,5
1799,857,5,5,0
1792,858,3,14,11
1796,858,1,1,0
1797,860,4,9,5
1798,860,7,8,1
1799,860,1,1,0
1793,861,7,7,0
1794,861,9,10,1
1797,861,4,4,0
1798,861,7,8,1
1799,861,2,2,0
1793,862,16,39,23
1794,862,15,56,41
1793,863,8,112,104
1794,863,10,136,126
1797,863,1,1,0
1798,863,3,3,0
1794,864,4,89,85
1796,864,2,2,0
1798,864,2,2,0
1793,865,2,53,51
1794,865,7,49,42
1795,865,15,50,35
1796,865,6,6,0
1797,865,5,5,0
1798,865,3,4,1
1793,866,8,13,5
1795,866,19,19,0
1797,866,2,2,0
1792,867,2,3,1
1793,867,4,4,0
1799,867,2,2,0
1792,868,7,7,0
1793,868,4,9,5
1794,868,1,1,0
1796,868,6,6,0
1798,868,3,3,0
1799,868,3,3,0
1794,869,20,52,32
1795,869,3,54,51
1796,869,20,37,17
1798,869,4,4,0
1794,870,4,121,117
1795,870,3,110,107
1796,870,4,68,64
1792,871,3,10,7
1793,871,7,99,92
1795,871,1,146,145
1792,872,7,7,0
1794,872,12,69,57
1796,872,1,7,6
1797,872,20,20,0
1794,873,3,3,0
1795,873,9,17,8
1798,873,1,5,4
1799,873,9,9,0
1795,874,3,5,2
1796,874,9,9,0
1798,874,7,7,0
1792,875,8,8,0
1796,875,13,13,0
1794,876,22,22,0
1799,876,4,7,3
1794,877,16,67,51
1797,877,30,49,19
1799,877,2,2,0
1792,878,1,2,1
1793,878,1,1,0
1795,878,5,173,168
1796,878,3,74,71
1797,878,41,47,6
1795,879,37,166,129
1797,879,7,7,0
1795,880,1,2,1
1796,881,2,8,6
1792,882,5,14,9
1799,882,10,18,8
1794,883,8,50,42
1795,883,8,95,87
1796,883,3,79,76
1797,883,2,22,20
1793,884,8,8,0
1794,884,15,58,43
1797,884,8,51,43
1798,884,9,10,1
1793,885,10,15,5
1794,885,8,76,68
1797,885,5,118,113
1798,885,12,38,26
1792,886,3,3,0
1798,886,2,7,5
1792,887,7,7,0
1795,887,4,4,0
1796,887,6,6,0
1799,887,4,6,2
1794,888,10,12,2
1796,888,4,4,0
1798,888,11,11,0
1792,889,3,17,14
1796,889,7,7,0
1799,889,3,5,2
1792,891,3,3,0
1793,891,6,6,0
1795,891,22,142,120
1796,891,4,165,161
1797,891,11,138,127
1799,891,15,17,2
1795,892,7,81,74
1799,892,4,8,4
1792,893,9,12,3
1793,893,7,7,0
1795,893,16,26,10
1796,893,10,57,47
1797,893,15,80,65
1798,893,11,45,34
1799,893,5,5,0
1798,894,3,5,2
1792,895,1,5,4
1793,895,1,1,0
1794,895,14,14,0
1796,895,6,6,0
1798,895,6,6,0
1793,896,5,5,0
1798,896,1,1,0
1795,897,25,25,0
1796,897,30,61,31
1797,897,6,72,66
1792,898,3,3,0
1795,898,16,64,48
1796,898,14,133,119
1799,898,1,3,2
1792,899,9,9,0
1794,899,2,9,7
1798,899,1,70,69
1796,900,2,60,58
1797,900,10,59,49
1798,900,9,25,16
1795,901,1,1,0
1796,901,3,3,0
1792,902,3,3,0
1799,902,4,8,4
1792,904,1,6,5
1794,904,4,4,0
1797,904,19,26,7
1798,904,5,5,0
1794,905,2,6,4
1796,905,4,50,46
1798,905,36,89,53
1792,906,21,21,0
1796,906,45,91,46
1797,906,1,171,170
1798,906,57,128,71
1794,907,8,10,2
1796,907,1,19,18
1798,907,5,43,38
1799,907,4,18,14
1794,908,13,13,0
1799,908,3,3,0
1792,909,24,24,0
1796,909,7,7,0
1797,909,19,19,0
1794,910,11,11,0
1799,910,4,4,0
1794,911,4,4,0
1796,911,13,13,0
1798,911,1,26,25
1793,912,3,4,1
1797,912,4,79,75
1798,912,5,92,87
1803,912,1,1,0
1793,913,4,4,0
1794,913,11,11,0
1795,913,10,18,8
1799,913,2,125,123
1795,914,1,1,0
1796,914,11,16,5
1797,914,3,57,54
1798,914,5,78,73
1799,914,18,62,44
1792,915,8,8,0
1793,915,1,3,2
1794,916,7,7,0
1795,916,1,9,8
1798,916,1,13,12
1799,916,3,3,0
1804,916,2,3,1
1805,916,3,3,0
1797,917,2,2,0
1798,917,5,5,0
1804,917,1,3,2
1805,917,2,3,1
1806,917,1,1,0
1792,918,12,12,0
1793,918,6,7,1
1796,918,2,2,0
1797,918,9,24,15
1807,918,1,1,0
1795,919,3,3,0
1796,919,15,27,12
1802,919,1,2,1
1807,919,1,3,2
1794,920,2,5,3
1795,920,2,2,0
1796,920,4,13,9
1797,920,7,63,56
1798,920,7,103,96
1800,920,12,63,51
1803,920,8,14,6
1806,920,7,7,0
1798,921,1,55,54
1800,921,14,41,27
1803,921,8,10,2
1804,921,1,1,0
1806,921,1,4,3
1792,922,5,5,0
1795,922,1,1,0
1798,922,2,11,9
1800,922,4,10,6
1803,922,2,3,1
1804,922,2,2,0
1792,923,5,5,0
1795,923,4,9,5
1804,923,3,3,0
1807,923,4,4,0
1792,924,5,5,0
1795,924,3,10,7
1798,924,5,5,0
1799,924,5,5,0
1801,924,1,1,0
1804,924,2,2,0
1807,924,5,5,0
1792,925,6,6,0
1795,925,1,1,0
1798,925,5,21,16
1800,925,10,16,6
1801,925,4,4,0
1803,925,1,2,1
1807,925,3,3,0
1792,926,4,4,0
1794,926,1,1,0
1798,926,4,58,54
1800,926,23,50,27
1801,926,6,6,0
1803,926,6,8,2
1806,926,2,5,3
1794,927,2,2,0
1796,927,1,4,3
1797,927,7,55,48
1798,927,12,98,86
1799,927,2,101,99
1800,927,23,74,51
1803,927,7,13,6
1806,927,9,9,0
1794,928,5,6,1
1799,928,7,71,64
1800,928,1,9,8
1801,928,7,8,1
1802,928,3,3,0
1792,929,4,4,0
1796,929,6,7,1
1797,929,10,10,0
1806,929,4,4,0
1807,929,4,4,0
1795,930,2,2,0
1798,930,1,1,0
1799,930,1,1,0
1800,930,3,4,1
1801,930,4,5,1
1802,930,5,6,1
1803,930,5,5,0
1804,930,2,2,0
1807,930,1,1,0
1794,931,4,4,0
1795,931,2,2,0
1799,931,10,22,12
1800,931,3,3,0
1801,931,2,2,0
1802,931,2,2,0
1803,931,4,4,0
1804,931,1,1,0
1792,932,5,6,1
1807,932,4,5,1
1797,933,1,1,0
1798,933,4,31,27
1799,933,4,65,61
1800,933,3,36,33
1803,933,2,2,0
1804,933,4,4,0
1807,933,1,1,0
1794,934,9,9,0
1795,934,5,5,0
1799,934,15,120,105
1800,934,14,69,55
1801,934,2,36,34
1803,934,5,5,0
1804,934,7,7,0
1792,935,2,6,4
1804,935,2,2,0
1807,935,3,3,0
1797,936,1,1,0
1805,936,1,1,0
1806,936,1,1,0
1796,937,1,1,0
1797,937,2,3,1
1795,938,1,1,0
1796,938,2,2,0
1804,938,2,6,4
1805,938,5,5,0
1806,938,6,6,0
1807,938,9,9,0
1794,939,3,5,2
1795,939,4,8,4
1796,939,1,1,0
1800,939,5,5,0
1794,940,2,7,5
1798,940,5,20,15
1799,940,9,49,40
1800,940,7,57,50
1801,940,5,25,20
1794,941,1,1,0
1798,941,7,43,36
1799,941,15,87,72
1804,941,3,7,4
1805,941,8,9,1
1806,941,8,8,0
1807,941,9,9,0
1795,942,1,1,0
1798,942,5,27,22
1799,942,12,61,49
1800,942,8,63,55
1801,942,7,29,22
1794,943,2,2,0
1795,943,5,10,5
1799,943,5,5,0
1805,943,1,1,0
1807,943,1,1,0
1799,944,2,2,0
1805,944,2,2,0
1806,944,4,4,0
1793,945,1,6,5
1797,945,11,11,0
1798,945,4,4,0
1799,945,3,4,1
1800,945,2,2,0
1801,945,4,5,1
1802,945,3,3,0
1793,946,6,8,2
1794,946,1,1,0
1797,946,4,4,0
1800,946,2,4,2
1806,946,2,2,0
1793,947,5,5,0
1800,947,8,45,37
1803,947,2,2,0
1806,947,3,3,0
1807,947,1,1,0
1792,948,5,5,0
1795,948,7,8,1
1796,948,10,11,1
1798,948,2,15,13
1799,948,7,67,60
1800,948,25,109,84
1802,948,5,52,47
1803,948,14,14,0
1792,949,8,8,0
1795,949,8,8,0
1796,949,8,8,0
1799,949,10,65,55
1800,949,15,101,86
1802,949,2,46,44
1803,949,7,9,2
1806,949,1,1,0
1792,950,3,3,0
1806,950,4,4,0
1807,950,2,2,0
1796,951,2,4,2
1797,951,9,10,1
1798,951,1,1,0
1805,951,4,4,0
1797,952,1,2,1
1802,952,2,4,2
1804,952,1,1,0
1805,952,1,1,0
1806,952,4,5,1
1793,953,2,2,0
1794,953,2,2,0
1795,953,1,1,0
1800,953,5,5,0
1804,953,5,7,2
1807,953,1,1,0
1793,954,2,2,0
1794,954,4,4,0
1795,954,1,2,1
1798,954,3,4,1
1800,954,12,49,37
1804,954,5,11,6
1807,954,7,7,0
1794,955,3,4,1
1800,955,5,98,93
1804,955,1,6,5
1807,955,3,9,6
1793,956,2,2,0
1794,956,4,5,1
1801,956,1,107,106
1802,956,3,61,58
1805,956,2,4,2
1792,957,3,4,1
1793,957,6,6,0
1794,957,7,7,0
1795,957,2,3,1
1801,957,6,53,47
1802,957,10,38,28
1805,957,5,5,0
1793,958,3,3,0
1794,958,2,2,0
1795,958,1,1,0
1801,958,5,5,0
1802,958,8,8,0
1805,958,2,2,0
1806,958,2,2,0
1797,959,3,4,1
1798,959,2,2,0
1800,959,4,12,8
1803,959,3,6,3
1807,959,7,7,0
1804,960,2,4,2
1807,960,1,11,10
1807,961,5,5,0
1800,962,7,64,57
1803,962,1,34,33
1800,963,13,59,46
1801,963,4,104,100
1803,963,1,36,35
1804,963,1,2,1
1800,964,2,9,7
1804,964,3,3,0
1807,964,5,7,2
1804,965,2,5,3
1807,965,2,3,1
1800,966,3,3,0
1801,966,2,5,3
1804,966,1,6,5
1804,967,2,2,0
1805,967,3,7,4
1806,967,2,2,0
1807,967,5,5,0
1803,968,1,13,12
1804,968,5,5,0
1802,969,7,95,88
1803,969,3,52,49
1807,969,8,8,0
1801,970,6,108,102
1802,970,10,119,109
1806,970,3,8,5
1807,970,1,1,0
1800,971,3,24,21
1801,971,7,59,52
1805,971,8,8,0
1806,971,7,10,3
1800,972,4,6,2
1801,972,6,9,3
1802,972,1,4,3
1804,972,1,1,0
1805,972,13,13,0
1806,972,7,10,3
1803,973,3,3,0
1804,973,3,3,0
1807,973,3,4,1
1803,974,6,9,3
1804,974,2,2,0
1807,974,4,4,0
1804,975,8,8,0
1807,975,2,4,2
1800,976,1,4,3
1803,976,7,52,45
1804,976,2,2,0
1800,977,2,10,8
1801,977,21,102,81
1803,977,44,123,79
1805,977,1,1,0
1807,977,8,11,3
1804,978,6,6,0
1801,979,12,12,0
1805,979,9,10,1
1806,979,4,9,5
1801,980,10,10,0
1803,980,11,12,1
1805,980,7,7,0
1806,980,2,6,4
1800,982,3,7,4
1801,982,16,16,0
1803,982,21,21,0
1805,982,1,1,0
1807,982,7,7,0
1807,983,6,6,0
1802,984,7,79,72
1805,984,12,12,0
1807,984,2,2,0
1800,985,6,6,0
1802,985,7,51,44
1805,985,5,5,0
1807,985,2,5,3
1800,986,2,2,0
1802,986,3,14,11
1805,987,5,5,0
1806,987,2,2,0
1804,988,1,1,0
1805,988,4,10,6
1806,988,5,8,3
1801,989,1,1,0
1801,990,5,5,0
1803,990,6,32,26
1801,991,15,20,5
1803,991,5,79,74
1807,991,5,10,5
1800,992,2,2,0
1801,992,5,9,4
1802,992,2,60,58
1800,993,4,4,0
1801,993,2,2,0
1802,993,6,23,17
1803,993,2,35,33
1807,993,4,5,1
1800,996,2,13,11
1803,996,4,13,9
1804,996,2,2,0
1807,996,1,5,4
1800,997,3,8,5
1800,999,4,4,0
1803,1000,25,48,23
1804,1000,8,31,23
1807,1000,5,7,2
1800,1001,7,7,0
1801,1001,7,7,0
1803,1001,7,11,4
1805,1001,5,5,0
1807,1001,11,11,0
1801,1002,9,11,2
1805,1002,6,10,4
1801,1003,6,6,0
1803,1003,3,3,0
1805,1003,13,13,0
1800,1004,3,3,0
1801,1004,3,3,0
1803,1004,4,25,21
1805,1004,5,17,12
1807,1004,4,4,0
1803,1005,8,81,73
1801,1006,3,3,0
1802,1006,3,31,28
1803,1006,27,97,70
1804,1006,8,88,80
1805,1006,9,56,47
1800,1007,3,5,2
1801,1007,3,3,0
1807,1007,4,5,1
1800,1008,1,5,4
1801,1008,4,4,0
1807,1008,5,7,2
1801,1009,5,7,2
1804,1009,4,4,0
1805,1009,3,3,0
1807,1009,6,6,0
1805,1010,1,8,7
1801,1011,5,5,0
1802,1011,1,1,0
1803,1011,1,1,0
1804,1011,17,17,0
1805,1011,12,16,4
1804,1012,2,63,61
1802,1014,3,4,1
1804,1014,6,58,52
1805,1014,3,37,34
1807,1014,3,3,0
1801,1015,3,4,1
1804,1015,2,2,0
1807,1015,1,1,0
1802,1016,3,7,4
1804,1016,9,9,0
1806,1016,3,3,0
1807,1016,2,5,3
1800,1017,4,4,0
1801,1017,2,2,0
1802,1017,7,7,0
1804,1017,2,2,0
1801,1018,5,5,0
1805,1018,8,15,7
1806,1018,2,2,0
1801,1019,4,4,0
1805,1019,15,54,39
1806,1019,5,22,17
1801,1020,7,7,0
1805,1020,7,82,75
1805,1021,2,60,58
1806,1022,7,7,0
1800,1023,5,5,0
1802,1023,8,9,1
1804,1023,3,3,0
1806,1023,3,4,1
1807,1023,3,11,8
1807,1024,6,6,0
1800,1025,2,3,1
1801,1025,3,4,1
1802,1025,1,1,0
1804,1025,3,3,0
1805,1025,3,8,5
1804,1026,2,17,15
1806,1027,2,51,49
1807,1027,6,6,0
1801,1028,3,4,1
1802,1028,4,4,0
1803,1028,2,13,11
1806,1028,7,62,55
1807,1028,18,18,0
1801,1029,2,2,0
1802,1029,1,1,0
1803,1029,3,3,0
1807,1029,1,1,0
1806,1031,2,2,0
1807,1031,7,7,0
1800,1032,2,2,0
1804,1032,1,9,8
1805,1032,7,7,0
1806,1032,1,1,0
1800,1033,1,4,3
1801,1033,1,6,5
1801,1034,7,12,5
1802,1034,5,5,0
1807,1034,6,28,22
1801,1035,7,9,2
1802,1035,6,6,0
1807,1035,6,46,40
1800,1036,1,2,1
1801,1036,2,5,3
1802,1036,1,1,0
1807,1036,6,19,13
1803,1038,2,2,0
1804,1038,2,2,0
1807,1038,1,3,2
1802,1039,2,2,0
1803,1039,1,1,0
1804,1039,2,2,0
1805,1039,2,6,4
1806,1039,1,3,2
1802,1041,3,10,7
1803,1041,10,11,1
1804,1041,18,37,19
1805,1041,7,101,94
1806,1041,9,61,52
1807,1041,34,80,46
1800,1042,5,6,1
1800,1043,4,4,0
1803,1043,3,9,6
1804,1043,21,40,19
1805,1043,22,95,73
1806,1043,21,68,47
1807,1043,36,81,45
1800,1044,12,12,0
1801,1044,13,14,1
1804,1045,3,3,0
1805,1045,14,18,4
1806,1045,2,2,0
1807,1045,11,15,4
1801,1046,8,17,9
1805,1046,1,1,0
1805,1047,4,4,0
1807,1047,3,3,0
1807,1048,6,10,4
1809,1048,1,2,1
1802,1049,3,7,4
1803,1049,5,10,5
1804,1049,23,25,2
1805,1049,17,66,49
1806,1049,12,85,73
1807,1049,35,67,32
1809,1049,1,2,1
1807,1050,6,27,21
1809,1050,1,2,1
1801,1051,1,3,2
1802,1051,1,5,4
1809,1051,1,2,1
1802,1052,3,6,3
1803,1052,8,8,0
1809,1052,1,2,1
1803,1053,4,4,0
1809,1053,1,2,1
1800,1054,13,13,0
1802,1054,7,7,0
1803,1054,10,10,0
1806,1054,8,8,0
1807,1054,1,15,14
1809,1054,1,2,1
1803,1055,2,2,0
1806,1055,11,28,17
1807,1055,3,45,42
1809,1055,1,2,1
1801,1056,9,9,0
1802,1056,7,9,2
1805,1056,8,32,24
1808,1056,14,50,36
1809,1056,10,11,1
1814,1056,3,3,0
1815,1056,6,6,0
1805,1057,3,42,39
1814,1057,1,1,0
1800,1058,3,3,0
1804,1058,8,8,0
1805,1058,6,23,17
1806,1058,2,36,34
1807,1058,18,44,26
1811,1058,3,3,0
1803,1059,2,2,0
1804,1059,2,2,0
1807,1059,3,3,0
1808,1059,6,6,0
1809,1059,1,1,0
1810,1059,3,4,1
1803,1060,2,7,5
1804,1060,2,2,0
1814,1060,4,10,6
1802,1061,5,5,0
1803,1061,3,3,0
1807,1061,2,11,9
1811,1061,5,8,3
1812,1061,3,3,0
1813,1061,4,5,1
1801,1062,6,6,0
1808,1062,7,22,15
1811,1062,6,6,0
1812,1062,2,2,0
1801,1063,5,5,0
1804,1063,6,18,12
1805,1063,14,66,52
1806,1063,5,94,89
1808,1063,1,60,59
1814,1063,1,1,0
1815,1063,7,7,0
1802,1064,2,2,0
1803,1064,4,5,1
1804,1064,4,17,13
1805,1064,2,52,50
1808,1064,6,74,68
1809,1064,12,21,9
1811,1064,7,7,0
1815,1064,3,5,2
1806,1065,2,51,49
1807,1065,4,85,81
1814,1065,1,1,0
1815,1065,3,3,0
1800,1066,1,1,0
1806,1066,1,7,6
1807,1066,4,24,20
1811,1066,1,2,1
1814,1066,1,5,4
1802,1067,1,2,1
1803,1067,4,7,3
1804,1067,4,5,1
1810,1067,2,2,0
1811,1067,2,2,0
1813,1067,2,2,0
1803,1068,3,3,0
1804,1068,3,3,0
1813,1068,3,3,0
1814,1068,2,8,6
1800,1069,2,2,0
1807,1069,4,8,4
1808,1069,5,9,4
1809,1069,3,3,0
1810,1069,5,8,3
1811,1069,4,7,3
1813,1069,1,2,1
1800,1070,4,6,2
1801,1070,2,3,1
1806,1070,2,12,10
1807,1070,4,26,22
1808,1070,10,22,12
1809,1070,4,4,0
1810,1070,3,3,0
1811,1070,5,5,0
1803,1071,2,2,0
1804,1071,1,1,0
1805,1071,2,5,3
1814,1071,1,3,2
1815,1071,1,1,0
1805,1072,3,10,7
1806,1072,4,24,20
1807,1072,5,34,29
1808,1072,3,6,3
1809,1072,3,8,5
1810,1072,4,4,0
1800,1073,1,2,1
1801,1073,1,4,3
1807,1073,3,3,0
1808,1073,1,1,0
1809,1073,2,5,3
1810,1073,2,4,2
1809,1074,1,2,1
1810,1074,1,4,3
1814,1074,1,1,0
1809,1075,1,1,0
1814,1075,1,1,0
1815,1075,3,3,0
1800,1076,3,8,5
1808,1076,4,4,0
1809,1076,3,3,0
1810,1076,1,2,1
1814,1076,1,1,0
1815,1076,3,5,2
1800,1077,1,6,5
1808,1077,2,19,17
1809,1077,1,9,8
1815,1077,1,4,3
1807,1078,1,58,57
1806,1079,1,18,17
1807,1079,2,50,48
1813,1079,2,2,0
1803,1080,1,4,3
1807,1080,1,1,0
1813,1080,2,4,2
1814,1080,2,2,0
1805,1081,1,2,1
1808,1081,1,8,7
1809,1081,3,9,6
1810,1081,4,7,3
1811,1081,1,1,0
1801,1082,1,1,0
1804,1082,1,1,0
1808,1082,3,3,0
1809,1082,2,5,3
1810,1082,2,7,5
1811,1082,2,3,1
1803,1083,2,5,3
1804,1083,1,4,3
1811,1083,1,4,3
1812,1083,3,5,2
1813,1083,1,1,0
1814,1083,1,1,0
1815,1083,3,3,0
1803,1084,1,7,6
1804,1084,1,1,0
1806,1084,1,5,4
1808,1084,8,23,15
1812,1084,4,7,3
1813,1084,1,5,4
1803,1085,1,2,1
1806,1085,1,21,20
1807,1085,1,51,50
1808,1085,16,59,43
1809,1085,2,26,24
1812,1085,3,3,0
1803,1086,1,2,1
1808,1086,19,54,35
1809,1086,2,23,21
1812,1086,3,3,0
1815,1086,1,1,0
1800,1087,3,5,2
1803,1087,2,8,6
1804,1087,1,6,5
1808,1087,16,21,5
1811,1087,1,4,3
1812,1087,7,10,3
1815,1087,4,4,0
1801,1088,1,1,0
1802,1088,2,2,0
1807,1088,6,6,0
1808,1088,1,1,0
1809,1088,3,3,0
1810,1088,2,3,1
1814,1088,1,1,0
1803,1089,1,1,0
1804,1089,1,4,3
1805,1089,1,6,5
1806,1089,3,5,2
1807,1089,3,3,0
1808,1089,3,5,2
1809,1089,3,6,3
1810,1089,2,5,3
1811,1089,1,1,0
1814,1089,2,2,0
1815,1089,3,4,1
1804,1090,2,6,4
1805,1090,3,7,4
1806,1090,2,2,0
1808,1090,2,2,0
1809,1090,2,2,0
1810,1090,3,3,0
1811,1090,3,3,0
1812,1090,1,1,0
1808,1091,4,10,6
1811,1091,3,3,0
1812,1091,3,7,4
1801,1092,1,2,1
1812,1092,2,6,4
1801,1093,3,3,0
1802,1093,6,7,1
1806,1093,1,14,13
1815,1093,2,2,0
1801,1094,2,2,0
1802,1094,4,4,0
1805,1094,1,1,0
1806,1094,6,11,5
1808,1094,1,45,44
1815,1094,8,8,0
1801,1095,1,1,0
1807,1095,2,2,0
1811,1095,6,8,2
1812,1095,4,7,3
1815,1095,6,6,0
1800,1096,3,3,0
1801,1096,2,2,0
1805,1096,1,1,0
1806,1096,2,2,0
1807,1096,3,3,0
1809,1096,12,17,5
1812,1096,4,8,4
1814,1096,5,5,0
1805,1097,1,2,1
1806,1097,2,3,1
1807,1097,3,4,1
1809,1097,11,11,0
1812,1097,4,6,2
1814,1097,3,4,1
1809,1098,16,18,2
1812,1098,2,4,2
1809,1099,16,37,21
1812,1099,3,4,1
1814,1099,1,1,0
1809,1100,14,45,31
1812,1100,1,1,0
1814,1100,2,2,0
1809,1101,13,34,21
1814,1101,3,3,0
1805,1102,1,2,1
1806,1102,2,3,1
1807,1102,3,4,1
1809,1102,16,22,6
1812,1102,2,2,0
1814,1102,1,3,2
1800,1103,3,3,0
1801,1103,2,2,0
1805,1103,1,1,0
1806,1103,2,2,0
1807,1103,3,3,0
1809,1103,17,17,0
1812,1103,2,7,5
1802,1104,1,1,0
1803,1104,1,1,0
1804,1104,1,1,0
1808,1104,3,5,2
1810,1104,5,5,0
1815,1104,2,2,0
1800,1105,1,1,0
1801,1105,1,1,0
1802,1105,1,1,0
1803,1105,1,1,0
1804,1105,1,1,0
1805,1105,1,1,0
1813,1105,3,3,0
1800,1106,2,2,0
1801,1106,1,1,0
1804,1106,1,1,0
1805,1106,3,3,0
1806,1106,3,5,2
1807,1106,5,7,2
1808,1106,2,18,16
1810,1106,4,4,0
1811,1106,1,1,0
1813,1106,4,4,0
1814,1106,2,2,0
1800,1107,3,3,0
1801,1107,2,2,0
1804,1107,1,1,0
1805,1107,4,4,0
1806,1107,6,8,2
1807,1107,8,10,2
1808,1107,8,65,57
1810,1107,11,20,9
1811,1107,3,3,0
1800,1108,3,3,0
1801,1108,2,2,0
1804,1108,1,1,0
1805,1108,4,4,0
1806,1108,6,8,2
1807,1108,8,10,2
1808,1108,8,65,57
1810,1108,11,20,9
1811,1108,3,3,0
1800,1109,2,2,0
1801,1109,1,1,0
1804,1109,1,1,0
1805,1109,3,3,0
1806,1109,3,5,2
1807,1109,5,7,2
1808,1109,2,18,16
1810,1109,4,4,0
1811,1109,1,1,0
1813,1109,4,4,0
1814,1109,2,2,0
1800,1110,1,1,0
1801,1110,1,1,0
1802,1110,1,1,0
1803,1110,1,1,0
1804,1110,1,1,0
1805,1110,1,1,0
1813,1110,3,3,0
1802,1111,1,1,0
1803,1111,1,1,0
1804,1111,1,1,0
1808,1111,3,5,2
1810,1111,5,5,0
1815,1111,2,2,0
1812,1112,4,5,1
1815,1112,6,6,0
1808,1113,4,10,6
1815,1115,1,1,0
1808,1116,4,9,5
1809,1116,5,19,14
1810,1116,3,8,5
1809,1117,5,7,2
1810,1117,2,2,0
1813,1117,1,3,2
1813,1118,5,7,2
1815,1118,1,2,1
1809,1119,6,10,4
1810,1119,3,3,0
1809,1120,9,14,5
1813,1120,4,4,0
1815,1120,1,1,0
1808,1121,3,20,17
1809,1121,6,34,28
1813,1121,2,3,1
1809,1122,4,43,39
1812,1122,1,1,0
1813,1122,1,1,0
1809,1123,3,27,24
1812,1123,1,1,0
1809,1124,6,9,3
1810,1124,1,4,3
1812,1124,3,3,0
1813,1124,2,2,0
1815,1124,4,4,0
1809,1125,4,4,0
1810,1125,2,2,0
1812,1125,5,6,1
1813,1125,2,3,1
1815,1125,5,5,0
1809,1126,5,6,1
1812,1126,1,5,4
1815,1126,6,6,0
1809,1127,4,7,3
1815,1127,7,7,0
1809,1128,11,28,17
1810,1128,15,29,14
1811,1128,3,3,0
1814,1128,2,2,0
1815,1128,2,4,2
1809,1129,9,51,42
1810,1129,14,48,34
1811,1129,6,17,11
1809,1130,4,37,33
1810,1130,10,36,26
1811,1130,3,10,7
1815,1130,3,3,0
1809,1131,1,10,9
1810,1131,3,8,5
1813,1131,2,4,2
1814,1131,2,2,0
1815,1131,1,4,3
1812,1132,1,3,2
1813,1132,8,9,1
1812,1133,2,6,4
1813,1133,10,11,1
1809,1134,3,6,3
1813,1134,4,6,2
1809,1135,6,23,17
1810,1135,12,19,7
1811,1135,4,7,3
1815,1135,4,4,0
1811,1136,4,22,18
1814,1136,1,6,5
1808,1137,5,16,11
1811,1137,9,22,13
1814,1137,1,1,0
1808,1138,4,4,0
1810,1138,2,15,13
1811,1138,8,8,0
1814,1138,1,1,0
1815,1139,1,2,1
1808,1140,5,12,7
1811,1140,4,4,0
1808,1141,6,6,0
1810,1141,3,4,1
1811,1141,7,7,0
1812,1141,1,5,4
1815,1141,1,1,0
1810,1142,1,14,13
1811,1142,10,10,0
1812,1142,2,3,1
1814,1142,4,4,0
1811,1143,6,23,17
1812,1143,1,6,5
1814,1143,2,2,0
1815,1143,1,1,0
1811,1144,2,21,19
1812,1144,2,2,0
1813,1144,3,3,0
1814,1144,1,3,2
1808,1145,7,8,1
1809,1145,7,23,16
1810,1145,7,27,20
1811,1145,6,14,8
1812,1145,4,4,0
1813,1145,6,6,0
1814,1145,5,7,2
1815,1145,2,2,0
1808,1146,4,4,0
1809,1146,4,4,0
1810,1146,3,3,0
1814,1146,1,1,0
1815,1146,1,1,0
1808,1147,2,9,7
1808,1148,4,12,8
1809,1148,4,4,0
1811,1148,2,4,2
1812,1148,1,5,4
1813,1148,1,1,0
1814,1148,1,1,0
1815,1148,1,5,4
1809,1149,5,5,0
1810,1149,8,9,1
1811,1149,7,7,0
1812,1149,2,2,0
1809,1150,3,16,13
1810,1150,3,28,25
1811,1150,3,16,13
1810,1151,1,56,55
1812,1151,1,7,6
1813,1151,2,2,0
1814,1151,3,3,0
1808,1152,3,7,4
1809,1152,1,8,7
1812,1152,3,6,3
1813,1152,4,4,0
1814,1152,2,3,1
1808,1153,2,2,0
1809,1153,1,1,0
1808,1154,3,5,2
1809,1154,1,2,1
1812,1154,2,2,0
1813,1154,3,3,0
1814,1154,2,2,0
1808,1155,3,5,2
1809,1155,1,4,3
1812,1155,3,5,2
1813,1155,3,5,2
1814,1155,2,4,2
1809,1156,1,1,0
1812,1156,1,1,0
1809,1157,1,9,8
1812,1157,2,7,5
1808,1158,3,4,1
1809,1158,1,19,18
1812,1158,2,15,13
1813,1158,2,2,0
1814,1158,2,2,0
1809,1159,1,19,18
1812,1159,3,13,10
1808,1160,3,3,0
1810,1160,5,9,4
1811,1160,7,11,4
1814,1160,7,8,1
1815,1160,1,3,2
1810,1161,1,5,4
1811,1161,4,10,6
1814,1161,3,4,1
1811,1162,1,1,0
1814,1162,2,3,1
1808,1163,3,4,1
1814,1163,7,7,0
1808,1164,1,1,0
1810,1164,5,23,18
1811,1164,7,24,17
1814,1164,6,6,0
1810,1165,1,45,44
1811,1165,3,48,45
1814,1165,2,2,0
1810,1166,1,37,36
1811,1166,4,40,36
1814,1166,1,1,0
1808,1167,2,2,0
1810,1167,4,14,10
1811,1167,7,13,6
1814,1167,5,5,0
1815,1167,1,6,5
1808,1168,6,6,0
1813,1168,1,1,0
1814,1168,4,6,2
1810,1170,1,1,0
1811,1170,5,5,0
1813,1170,1,1,0
1811,1171,1,22,21
1812,1171,7,7,0
1813,1171,2,2,0
1814,1171,4,4,0
1813,1172,4,4,0
1814,1172,1,3,2
1808,1173,7,7,0
1813,1173,3,3,0
1808,1174,7,7,0
1809,1174,6,14,8
1810,1174,4,34,30
1811,1174,3,34,31
1812,1174,3,9,6
1814,1174,2,3,1
1810,1175,2,2,0
1811,1175,4,4,0
1815,1175,1,1,0
1811,1176,5,5,0
1813,1176,1,3,2
1814,1176,5,5,0
1808,1177,5,8,3
1810,1177,3,5,2
1811,1177,5,5,0
1814,1177,3,7,4
1808,1178,5,7,2
1810,1178,4,7,3
1811,1178,7,16,9
1808,1179,1,1,0
1810,1179,2,20,18
1811,1179,6,41,35
1808,1180,1,5,4
1810,1180,2,30,28
1811,1180,7,54,47
1813,1180,3,7,4
1814,1180,1,1,0
1808,1181,6,6,0
1810,1181,4,18,14
1811,1181,8,33,25
1813,1181,1,2,1
1814,1181,3,3,0
1808,1182,1,1,0
1810,1182,6,6,0
1811,1182,9,10,1
1814,1182,3,3,0
1808,1183,1,1,0
1810,1183,2,9,7
1811,1183,8,10,2
1813,1183,4,8,4
1814,1183,10,11,1
1813,1184,1,6,5
1814,1184,2,6,4
1815,1185,1,1,0
1815,1186,1,6,5
1811,1187,1,56,55
1812,1187,1,45,44
1813,1187,1,12,11
1810,1188,1,24,23
1811,1188,2,44,42
1812,1188,1,33,32
1810,1189,1,10,9
1811,1189,3,18,15
1812,1189,2,10,8
1810,1190,2,6,4
1811,1190,3,5,2
1812,1190,2,2,0
1813,1190,1,1,0
1810,1191,3,5,2
1811,1191,3,3,0
1812,1191,3,3,0
1808,1192,10,11,1
1811,1192,9,9,0
1815,1192,3,3,0
1810,1193,7,21,14
1811,1193,13,42,29
1812,1193,12,27,15
1813,1193,6,6,0
1814,1193,1,1,0
1810,1194,3,35,32
1813,1194,11,14,3
1814,1194,4,4,0
1813,1195,7,9,2
1814,1195,6,6,0
1808,1196,7,7,0
1813,1196,3,3,0
1814,1196,7,7,0
1808,1197,7,7,0
1811,1197,2,2,0
1811,1198,4,5,1
1810,1199,2,4,2
1814,1199,5,7,2
1815,1199,1,1,0
1808,1204,1,3,2
1809,1204,1,2,1
1814,1204,1,2,1
1815,1204,1,3,2
1809,1205,1,5,4
1814,1205,1,5,4
1813,1208,1,22,21
1814,1208,1,1,0
1809,1209,1,1,0
1810,1209,3,24,21
1813,1209,1,34,33
1814,1209,2,6,4
1809,1210,3,3,0
1810,1210,8,12,4
1811,1210,1,23,22
1814,1210,3,4,1
1815,1210,1,1,0
1809,1211,3,3,0
1815,1211,2,2,0
1809,1212,4,5,1
1810,1212,6,9,3
1809,1213,1,1,0
1814,1213,1,1,0
1813,1214,4,4,0
1814,1214,2,2,0
1808,1215,2,2,0
1812,1215,4,50,46
1813,1215,14,33,19
1814,1215,10,11,1
1812,1216,4,43,39
1813,1216,13,20,7
1814,1216,2,2,0
1810,1217,6,11,5
1811,1217,3,28,25
1812,1217,3,30,27
1813,1217,6,15,9
1814,1217,3,3,0
1810,1218,5,5,0
1811,1218,3,8,5
1809,1219,2,2,0
1810,1219,1,3,2
1808,1220,2,2,0
1809,1220,3,7,4
1811,1221,3,3,0
1812,1221,5,5,0
1813,1221,4,4,0
1811,1222,5,13,8
1812,1222,5,21,16
1808,1223,5,11,6
1815,1223,3,3,0
1813,1224,1,6,5
1808,1225,2,2,0
1809,1225,1,1,0
1812,1225,3,3,0
1813,1225,5,5,0
1814,1225,4,4,0
1815,1225,1,1,0
1808,1226,3,3,0
1812,1226,2,3,1
1813,1226,3,3,0
1814,1226,3,3,0
1815,1226,2,2,0
1808,1227,2,4,2
1812,1227,1,5,4
1815,1227,2,3,1
1808,1228,4,4,0
1811,1228,7,7,0
1812,1228,6,9,3
1815,1228,4,4,0
1808,1229,3,5,2
1811,1229,8,14,6
1812,1229,5,16,11
1815,1229,4,4,0
1808,1230,1,5,4
1811,1230,8,20,12
1812,1230,4,23,19
1815,1230,3,4,1
1808,1231,5,5,0
1810,1231,6,6,0
1811,1231,16,24,8
1812,1231,11,27,16
1815,1231,4,4,0
1808,1232,1,3,2
1809,1232,2,2,0
1814,1232,2,6,4
1815,1232,1,2,1
1809,1233,1,3,2
1814,1233,1,1,0
1811,1234,1,4,3
1811,1235,1,1,0
1811,1236,5,12,7
1812,1236,5,19,14
1811,1237,5,29,24
1812,1237,5,41,36
1808,1238,3,3,0
1811,1238,4,24,20
1812,1238,4,32,28
1808,1239,8,11,3
1811,1239,3,5,2
1812,1239,3,7,4
1815,1239,7,10,3
1810,1240,1,1,0
1811,1240,1,2,1
1812,1240,2,3,1
1813,1240,2,3,1
1814,1240,2,2,0
1815,1240,2,2,0
1812,1241,1,3,2
1813,1241,1,3,2
1814,1241,1,2,1
1815,1241,1,2,1
1812,1246,1,3,2
1813,1246,1,3,2
1814,1246,1,2,1
1815,1246,1,2,1
1810,1247,1,1,0
1811,1247,1,2,1
1812,1247,2,3,1
1813,1247,2,3,1
1814,1247,2,2,0
1815,1247,2,2,0
1808,1248,3,3,0
1813,1248,2,3,1
1814,1248,3,3,0
1815,1248,2,2,0
1808,1249,2,2,0
1809,1249,1,1,0
1812,1249,2,4,2
1813,1249,3,5,2
1814,1249,2,3,1
1815,1249,1,2,1
1808,1250,2,2,0
1811,1250,1,4,3
1812,1250,3,7,4
1813,1250,4,7,3
1814,1250,1,4,3
1808,1251,1,2,1
1810,1251,1,4,3
1811,1251,3,7,4
1812,1251,4,9,5
1813,1251,5,9,4
1814,1251,1,5,4
1808,1252,1,2,1
1810,1252,1,4,3
1811,1252,3,7,4
1812,1252,4,9,5
1813,1252,5,9,4
1814,1252,1,5,4
1808,1253,2,2,0
1811,1253,1,4,3
1812,1253,3,7,4
1813,1253,4,7,3
1814,1253,1,4,3
1808,1254,2,2,0
1809,1254,1,1,0
1812,1254,2,4,2
1813,1254,3,5,2
1814,1254,2,3,1
1815,1254,1,2,1
1808,1255,3,3,0
1813,1255,2,3,1
1814,1255,3,3,0
1815,1255,2,2,0
1811,1256,1,1,0
1812,1256,1,1,0
1813,1256,1,1,0
1810,1257,1,1,0
1811,1257,1,2,1
1812,1257,1,2,1
1809,1258,1,1,0
1814,1258,1,3,2
1815,1258,1,2,1
1808,1259,1,1,0
1809,1259,1,2,1
1814,1259,1,4,3
1815,1259,2,3,1
1808,1260,1,1,0
1809,1260,1,2,1
1814,1260,1,4,3
1815,1260,2,3,1
1809,1261,1,1,0
1814,1261,1,3,2
1815,1261,1,2,1
1810,1262,1,1,0
1811,1262,1,2,1
1812,1262,1,2,1
1811,1263,1,1,0
1812,1263,1,1,0
1813,1263,1,1,0
3254,1584,1,1,0
3255,1584,1,1,0
3248,1585,4,4,0
3249,1585,3,3,0
3250,1585,2,2,0
3248,1586,5,5,0
3249,1586,4,4,0
3250,1586,2,2,0
3251,1586,1,1,0
3248,1587,2,2,0
3249,1587,1,1,0
3255,1587,1,1,0
3248,1588,4,8,4
3249,1588,3,7,4
3250,1588,2,5,3
3251,1588,1,3,2
3248,1589,9,17,8
3249,1589,8,15,7
3250,1589,6,11,5
3251,1589,3,7,4
3252,1589,2,4,2
3253,1589,1,1,0
3248,1590,6,11,5
3249,1590,5,9,4
3250,1590,4,7,3
3251,1590,2,4,2
3252,1590,1,2,1
3254,1591,1,1,0
